0,10,0
1,10,40000
2,10,5000
3,10,0
4,10,50000
5,10,20000
6,10,0
7,10,30000
8,10,0
9,10,50000
10,10,5000
11,10,0
12,10,30000
13,10,40000
14,10,0
15,10,10000
16,10,50000
17,10,20000
18,10,40000
19,10,5000
20,10,30000
21,10,0
22,10,0
23,10,0
24,10,5000
25,10,20000
26,10,30000
27,10,0
28,10,50000
29,10,5000
30,10,0
31,10,20000
32,10,40000
33,10,40000
34,10,50000
35,10,0
36,10,5000
37,10,5000
38,10,50000
39,10,10
40,10,20000
41,10,20000
42,10,0
43,10,20000
44,10,5000
45,10,10000
46,10,10000
47,10,0
48,10,0
49,10,0
50,10,5000
51,10,10000
52,10,30000
53,10,50000
54,10,30000
55,10,0
56,10,0
57,10,30000
58,10,10000
59,10,0
60,10,0
61,10,0
62,10,5000
63,10,0
64,10,0
65,10,5000
66,10,0
67,10,5000
68,10,20000
69,10,50000
70,10,0
71,10,30000
72,10,30000
73,10,30000
74,10,0
75,10,50000
76,10,50000
77,10,50000
78,10,0
79,10,0
80,10,0
81,10,20000
82,10,20000
83,10,0
84,10,10000
85,10,20000
86,10,20000
87,10,30000
88,10,20000
89,10,0
90,10,50000
91,10,20000
92,10,30000
93,10,30000
94,10,20000
95,10,10000
96,10,30000
97,10,0
98,10,10000
99,10,50000
100,10,10000
101,10,30000
102,10,0
103,10,30000
104,10,20000
105,10,0
106,10,10000
107,10,20000
108,10,10000
109,10,50000
110,10,10000
111,10,0
112,10,20000
113,10,50000
114,10,0
115,10,20000
116,10,10000
117,10,5000
118,10,5000
119,10,30000
120,10,0
121,10,0
122,10,50000
123,10,0
124,10,20000
125,10,40000
126,10,20000
127,10,0
128,10,0
129,10,0
130,10,0
131,10,0
132,10,5000
133,10,0
134,10,0
135,10,40000
136,10,10
137,10,0
138,10,50000
139,10,5000
140,10,5000
141,10,20000
142,10,40000
143,10,50000
144,10,20000
145,10,30000
146,10,5000
147,10,50000
148,10,0
149,10,5000
150,10,20000
151,10,50000
152,10,10000
153,10,10000
154,10,50000
155,10,50000
156,10,0
157,10,30000
158,10,10000
159,10,5000
160,10,0
161,10,20000
162,10,0
163,10,20000
164,10,30000
165,10,50000
166,10,40000
167,10,0
168,10,0
169,10,40000
170,10,30000
171,10,30000
172,10,50000
173,10,10000
174,10,10000
175,10,20000
176,10,10000
177,10,5000
178,10,0
179,10,20000
180,10,30000
181,10,40000
182,10,50000
183,10,40000
184,10,0
185,10,30000
186,10,50000
187,10,40000
188,10,5000
189,10,0
190,10,40000
191,10,0
192,10,0
193,10,0
194,10,40000
195,10,0
196,10,0
197,10,20000
198,10,40000
199,10,30000
200,10,0
201,10,30000
202,10,5000
203,10,50000
204,10,0
205,10,0
206,10,0
207,10,5000
208,10,50000
209,10,0
210,10,20000
211,10,40000
212,10,5000
213,10,5000
214,10,50000
215,10,5000
216,10,20000
217,10,50000
218,10,5000
219,10,50000
220,10,20000
221,10,0
222,10,5000
223,10,5000
224,10,20000
225,10,50000
226,10,5000
227,10,50000
228,10,20000
229,10,40000
230,10,5000
231,10,30000
232,10,0
233,10,0
234,10,20000
235,10,20000
236,10,50000
237,10,20000
238,10,0
239,10,30000
240,10,20000
241,10,10000
242,10,0
243,10,20000
244,10,0
245,10,40000
246,10,40000
247,10,30000
248,10,40000
249,10,30000
250,10,30000
251,10,30000
252,10,10000
253,10,30000
254,10,50000
255,10,50000
256,10,20000
257,10,30000
258,10,5000
259,10,0
260,10,0
261,10,50000
262,10,10
263,10,50000
264,10,40000
265,10,0
266,10,10000
267,10,40000
268,10,5000
269,10,10000
270,10,0
271,10,0
272,10,40000
273,10,20000
274,10,20000
275,10,0
276,10,50000
277,10,40000
278,10,30000
279,10,20000
280,10,0
281,10,30000
282,10,10000
283,10,10000
284,10,50000
285,10,30000
286,10,20000
287,10,20000
288,10,20000
289,10,20000
290,10,40000
291,10,10000
292,10,0
293,10,0
294,10,5000
295,10,30000
296,10,50000
297,10,5000
298,10,10000
299,10,30000
300,10,0
301,10,0
302,10,0
303,10,10000
304,10,5000
305,10,30000
306,10,30000
307,10,40000
308,10,5000
309,10,0
310,10,10000
311,10,40000
312,10,5000
313,10,0
314,10,20000
315,10,20000
316,10,0
317,10,30000
318,10,40000
319,10,40000
320,10,40000
321,10,30000
322,10,5000
323,10,0
324,10,30000
325,10,30000
326,10,5000
327,10,50000
328,10,0
329,10,5000
330,10,40000
331,10,20000
332,10,0
333,10,20000
334,10,0
335,10,10000
336,10,0
337,10,30000
338,10,5000
339,10,0
340,10,30000
341,10,0
342,10,40000
343,10,50000
344,10,30000
345,10,5000
346,10,0
347,10,0
348,10,5000
349,10,40000
350,10,0
351,10,50000
352,10,50000
353,10,50000
354,10,5000
355,10,40000
356,10,20000
357,10,0
358,10,20000
359,10,30000
360,10,40000
361,10,30000
362,10,0
363,10,40000
364,10,5000
365,10,30000
366,10,30000
367,10,20000
368,10,5000
369,10,20000
370,10,40000
371,10,20000
372,10,5000
373,10,0
374,10,30000
375,10,5000
376,10,30000
377,10,10000
378,10,10000
379,10,40000
380,10,30000
381,10,0
382,10,0
383,10,0
384,10,20000
385,10,30000
386,10,50000
387,10,10000
388,10,40000
389,10,10000
390,10,0
391,10,30000
392,10,40000
393,10,40000
394,10,20000
395,10,0
396,10,5000
397,10,50000
398,10,0
399,10,30000
400,10,0
401,10,50000
402,10,20000
403,10,30000
404,10,0
405,10,0
406,10,30000
407,10,20000
408,10,20000
409,10,30000
410,10,30000
411,10,30000
412,10,5000
413,10,50000
414,10,5000
415,10,20000
416,10,50000
417,10,20000
418,10,30000
419,10,20000
420,10,10000
421,10,0
422,10,50000
423,10,30000
424,10,20000
425,10,0
426,10,10000
427,10,10000
428,10,0
429,10,0
430,10,50000
431,10,40000
432,10,0
433,10,50000
434,10,40000
435,10,40000
436,10,0
437,10,10
438,10,5000
439,10,5000
440,10,20000
441,10,20000
442,10,20000
443,10,30000
444,10,0
445,10,0
446,10,50000
447,10,50000
448,10,0
449,10,50000
450,10,30000
451,10,20000
452,10,30000
453,10,0
454,10,20000
455,10,0
456,10,30000
457,10,20000
458,10,30000
459,10,0
460,10,30000
461,10,30000
462,10,30000
463,10,40000
464,10,40000
465,10,10000
466,10,0
467,10,0
468,10,20000
469,10,20000
470,10,20000
471,10,0
472,10,10000
473,10,5000
474,10,0
475,10,50000
476,10,10000
477,10,40000
478,10,20000
479,10,0
480,10,0
481,10,50000
482,10,50000
483,10,50000
484,10,0
485,10,0
486,10,0
487,10,40000
488,10,10
489,10,50000
490,10,50000
491,10,0
492,10,50000
493,10,50000
494,10,5000
495,10,20000
496,10,30000
497,10,40000
498,10,10000
499,10,10000
500,10,20000
501,10,0
502,10,10000
503,10,10000
504,10,20000
505,10,50000
506,10,10000
507,10,5000
508,10,0
509,10,30000
510,10,30000
511,10,30000
512,10,10000
513,10,5000
514,10,0
515,10,5000
516,10,0
517,10,20000
518,10,0
519,10,5000
520,10,20000
521,10,40000
522,10,10000
523,10,0
524,10,30000
525,10,20000
526,10,0
527,10,5000
528,10,10000
529,10,10000
530,10,0
531,10,10000
532,10,10000
533,10,0
534,10,50000
535,10,5000
536,10,0
537,10,0
538,10,0
539,10,50000
540,10,10000
541,10,30000
542,10,0
543,10,10000
544,10,0
545,10,10000
546,10,50000
547,10,5000
548,10,30000
549,10,40000
550,10,20000
551,10,40000
552,10,20000
553,10,30000
554,10,50000
555,10,30000
556,10,30000
557,10,20000
558,10,0
559,10,20000
560,10,5000
561,10,30000
562,10,50000
563,10,0
564,10,0
565,10,0
566,10,5000
567,10,20000
568,10,50000
569,10,10000
570,10,10000
571,10,5000
572,10,30000
573,10,10000
574,10,30000
575,10,20000
576,10,50000
577,10,20000
578,10,5000
579,10,30000
580,10,0
581,10,30000
582,10,30000
583,10,20000
584,10,20000
585,10,30000
586,10,50000
587,10,30000
588,10,5000
589,10,20000
590,10,20000
591,10,20000
592,10,20000
593,10,10000
594,10,40000
595,10,0
596,10,0
597,10,0
598,10,30000
599,10,20000
600,10,20000
601,10,0
602,10,0
603,10,0
604,10,0
605,10,0
606,10,40000
607,10,50000
608,10,0
609,10,0
610,10,30000
611,10,0
612,10,20000
613,10,20000
614,10,20000
615,10,50000
616,10,0
617,10,20000
618,10,0
619,10,0
620,10,20000
621,10,50000
622,10,0
623,10,30000
624,10,0
625,10,0
626,10,50000
627,10,0
628,10,0
629,10,5000
630,10,5000
631,10,40000
632,10,0
633,10,30000
634,10,10000
635,10,0
636,10,10000
637,10,40000
638,10,5000
639,10,30000
640,10,5000
641,10,0
642,10,50000
643,10,30000
644,10,30000
645,10,20000
646,10,30000
647,10,0
648,10,0
649,10,30000
650,10,10000
651,10,20000
652,10,0
653,10,10000
654,10,50000
655,10,0
656,10,40000
657,10,50000
658,10,10000
659,10,0
660,10,0
661,10,0
662,10,0
663,10,0
664,10,40000
665,10,10000
666,10,40000
667,10,0
668,10,20000
669,10,30000
670,10,0
671,10,50000
672,10,0
673,10,0
674,10,0
675,10,0
676,10,40000
677,10,10000
678,10,40000
679,10,20000
680,10,0
681,10,5000
682,10,5000
683,10,0
684,10,40000
685,10,0
686,10,40000
687,10,20000
688,10,20000
689,10,20000
690,10,40000
691,10,20000
692,10,0
693,10,0
694,10,40000
695,10,30000
696,10,50000
697,10,20000
698,10,20000
699,10,30000
700,10,0
701,10,0
702,10,0
703,10,0
704,10,30000
705,10,10
706,10,30000
707,10,50000
708,10,50000
709,10,0
710,10,30000
711,10,0
712,10,30000
713,10,0
714,10,5000
715,10,40000
716,10,0
717,10,0
718,10,20000
719,10,0
720,10,50000
721,10,40000
722,10,50000
723,10,30000
724,10,0
725,10,50000
726,10,0
727,10,30000
728,10,50000
729,10,30000
730,10,0
731,10,30000
732,10,30000
733,10,50000
734,10,0
735,10,5000
736,10,20000
737,10,20000
738,10,20000
739,10,5000
740,10,0
741,10,0
742,10,10000
743,10,0
744,10,5000
745,10,0
746,10,5000
747,10,0
748,10,30000
749,10,0
750,10,20000
751,10,40000
752,10,50000
753,10,40000
754,10,0
755,10,30000
756,10,50000
757,10,40000
758,10,0
759,10,40000
760,10,30000
761,10,5000
762,10,50000
763,10,50000
764,10,30000
765,10,0
766,10,20000
767,10,0
768,10,5000
769,10,0
770,10,0
771,10,0
772,10,30000
773,10,0
774,10,20000
775,10,50000
776,10,20000
777,10,20000
778,10,10
779,10,0
780,10,0
781,10,0
782,10,0
783,10,0
784,10,0
785,10,10000
786,10,20000
787,10,20000
788,10,0
789,10,0
790,10,10000
791,10,5000
792,10,30000
793,10,30000
794,10,20000
795,10,30000
796,10,0
797,10,40000
798,10,30000
799,10,30000
800,10,40000
801,10,0
802,10,0
803,10,10000
804,10,20000
805,10,10000
806,10,20000
807,10,50000
808,10,10000
809,10,30000
810,10,0
811,10,30000
812,10,0
813,10,0
814,10,40000
815,10,10000
816,10,0
817,10,40000
818,10,0
819,10,20000
820,10,5000
821,10,10000
822,10,0
823,10,20000
824,10,0
825,10,40000
826,10,30000
827,10,40000
828,10,30000
829,10,30000
830,10,40000
831,10,40000
832,10,0
833,10,0
834,10,40000
835,10,10000
836,10,0
837,10,0
838,10,30000
839,10,20000
840,10,50000
841,10,5000
842,10,0
843,10,0
844,10,5000
845,10,5000
846,10,0
847,10,10000
848,10,50000
849,10,50000
850,10,5000
851,10,30000
852,10,0
853,10,40000
854,10,30000
855,10,10000
856,10,0
857,10,0
858,10,0
859,10,30000
860,10,10000
861,10,30000
862,10,5000
863,10,20000
864,10,30000
865,10,0
866,10,20000
867,10,0
868,10,5000
869,10,20000
870,10,0
871,10,0
872,10,5000
873,10,40000
874,10,40000
875,10,30000
876,10,0
877,10,40000
878,10,20000
879,10,0
880,10,40000
881,10,0
882,10,20000
883,10,0
884,10,10000
885,10,0
886,10,20000
887,10,40000
888,10,10000
889,10,40000
890,10,0
891,10,10000
892,10,30000
893,10,0
894,10,0
895,10,0
896,10,0
897,10,30000
898,10,40000
899,10,30000
900,10,0
901,10,20000
902,10,0
903,10,20000
904,10,40000
905,10,40000
906,10,0
907,10,20000
908,10,0
909,10,5000
910,10,50000
911,10,20000
912,10,30000
913,10,40000
914,10,0
915,10,30000
916,10,0
917,10,5000
918,10,30000
919,10,0
920,10,50000
921,10,30000
922,10,50000
923,10,20000
924,10,40000
925,10,30000
926,10,5000
927,10,30000
928,10,0
929,10,0
930,10,50000
931,10,20000
932,10,0
933,10,0
934,10,20000
935,10,0
936,10,20000
937,10,10000
938,10,40000
939,10,0
940,10,0
941,10,50000
942,10,0
943,10,0
944,10,20000
945,10,30000
946,10,5000
947,10,10000
948,10,30000
949,10,50000
950,10,50000
951,10,50000
952,10,50000
953,10,0
954,10,0
955,10,10000
956,10,0
957,10,20000
958,10,50000
959,10,0
960,10,30000
961,10,0
962,10,5000
963,10,5000
964,10,10000
965,10,30000
966,10,20000
967,10,50000
968,10,0
969,10,20000
970,10,10000
971,10,30000
972,10,50000
973,10,0
974,10,0
975,10,0
976,10,10
977,10,5000
978,10,20000
979,10,40000
980,10,20000
981,10,20000
982,10,20000
983,10,0
984,10,10000
985,10,30000
986,10,10000
987,10,0
988,10,0
989,10,0
990,10,30000
991,10,10000
992,10,10000
993,10,50000
994,10,10000
995,10,20000
996,10,30000
997,10,30000
998,10,50000
999,10,0
1000,10,5000
1001,10,5000
1002,10,5000
1003,10,0
1004,10,30000
1005,10,20000
1006,10,30000
1007,10,50000
1008,10,20000
1009,10,50000
1010,10,20000
1011,10,0
1012,10,10
1013,10,20000
1014,10,40000
1015,10,20000
1016,10,20000
1017,10,40000
1018,10,40000
1019,10,0
1020,10,20000
1021,10,40000
1022,10,0
1023,10,5000
1024,10,30000
1025,10,10000
1026,10,0
1027,10,0
1028,10,40000
1029,10,30000
1030,10,5000
1031,10,50000
1032,10,20000
1033,10,30000
1034,10,10000
1035,10,0
1036,10,0
1037,10,5000
1038,10,0
1039,10,0
1040,10,40000
1041,10,40000
1042,10,30000
1043,10,0
1044,10,50000
1045,10,50000
1046,10,10
1047,10,40000
1048,10,5000
1049,10,20000
1050,10,10000
1051,10,10000
1052,10,10000
1053,10,40000
1054,10,5000
1055,10,10000
1056,10,10000
1057,10,0
1058,10,20000
1059,10,0
1060,10,0
1061,10,20000
1062,10,0
1063,10,30000
1064,10,0
1065,10,40000
1066,10,0
1067,10,0
1068,10,50000
1069,10,40000
1070,10,50000
1071,10,0
1072,10,30000
1073,10,10000
1074,10,10000
1075,10,40000
1076,10,0
1077,10,0
1078,10,30000
1079,10,20000
1080,10,30000
1081,10,0
1082,10,30000
1083,10,30000
1084,10,50000
1085,10,0
1086,10,30000
1087,10,0
1088,10,20000
1089,10,50000
1090,10,30000
1091,10,50000
1092,10,20000
1093,10,40000
1094,10,50000
1095,10,0
1096,10,0
1097,10,20000
1098,10,40000
1099,10,30000
1100,10,30000
1101,10,50000
1102,10,40000
1103,10,0
1104,10,10000
1105,10,30000
1106,10,0
1107,10,0
1108,10,0
1109,10,0
1110,10,40000
1111,10,5000
1112,10,0
1113,10,20000
1114,10,0
1115,10,30000
1116,10,30000
1117,10,10000
1118,10,0
1119,10,40000
1120,10,10000
1121,10,50000
1122,10,0
1123,10,30000
1124,10,30000
1125,10,50000
1126,10,30000
1127,10,0
1128,10,50000
1129,10,50000
1130,10,0
1131,10,5000
1132,10,20000
1133,10,5000
1134,10,10000
1135,10,20000
1136,10,40000
1137,10,40000
1138,10,0
1139,10,0
1140,10,50000
1141,10,5000
1142,10,10000
1143,10,40000
1144,10,10000
1145,10,20000
1146,10,40000
1147,10,40000
1148,10,0
1149,10,5000
1150,10,20000
1151,10,20000
1152,10,50000
1153,10,50000
1154,10,20000
1155,10,30000
1156,10,20000
1157,10,5000
1158,10,0
1159,10,0
1160,10,30000
1161,10,50000
1162,10,10000
1163,10,30000
1164,10,0
1165,10,0
1166,10,50000
1167,10,5000
1168,10,5000
1169,10,40000
1170,10,10000
1171,10,50000
1172,10,5000
1173,10,10000
1174,10,0
1175,10,50000
1176,10,50000
1177,10,0
1178,10,20000
1179,10,0
1180,10,20000
1181,10,40000
1182,10,30000
1183,10,10000
1184,10,40000
1185,10,20000
1186,10,0
1187,10,0
1188,10,50000
1189,10,20000
1190,10,5000
1191,10,10000
1192,10,20000
1193,10,20000
1194,10,30000
1195,10,40000
1196,10,50000
1197,10,0
1198,10,40000
1199,10,0
1200,10,50000
1201,10,50000
1202,10,30000
1203,10,20000
1204,10,50000
1205,10,0
1206,10,30000
1207,10,0
1208,10,0
1209,10,5000
1210,10,40000
1211,10,5000
1212,10,30000
1213,10,20000
1214,10,20000
1215,10,50000
1216,10,0
1217,10,20000
1218,10,0
1219,10,5000
1220,10,20000
1221,10,0
1222,10,10000
1223,10,50000
1224,10,50000
1225,10,40000
1226,10,30000
1227,10,10000
1228,10,10000
1229,10,5000
1230,10,0
1231,10,0
1232,10,30000
1233,10,40000
1234,10,10000
1235,10,0
1236,10,10000
1237,10,30000
1238,10,40000
1239,10,10000
1240,10,50000
1241,10,20000
1242,10,0
1243,10,20000
1244,10,20000
1245,10,50000
1246,10,50000
1247,10,0
1248,10,30000
1249,10,30000
1250,10,20000
1251,10,0
1252,10,5000
1253,10,20000
1254,10,0
1255,10,0
1256,10,0
1257,10,0
1258,10,10000
1259,10,5000
1260,10,10000
1261,10,50000
1262,10,0
1263,10,0
1264,10,0
1265,10,10000
1266,10,5000
1267,10,50000
1268,10,5000
1269,10,30000
1270,10,10000
1271,10,0
1272,10,0
1273,10,0
1274,10,0
1275,10,20000
1276,10,0
1277,10,50000
1278,10,20000
1279,10,5000
1280,10,50000
1281,10,50000
1282,10,30000
1283,10,30000
1284,10,10000
1285,10,10000
1286,10,0
1287,10,0
1288,10,50000
1289,10,0
1290,10,30000
1291,10,20000
1292,10,20000
1293,10,10000
1294,10,0
1295,10,50000
1296,10,30000
1297,10,20000
1298,10,40000
1299,10,0
1300,10,5000
1301,10,10000
1302,10,40000
1303,10,0
1304,10,5000
1305,10,30000
1306,10,20000
1307,10,0
1308,10,0
1309,10,30000
1310,10,0
1311,10,50000
1312,10,20000
1313,10,10000
1314,10,5000
1315,10,20000
1316,10,0
1317,10,50000
1318,10,0
1319,10,30000
1320,10,0
1321,10,50000
1322,10,10000
1323,10,50000
1324,10,0
1325,10,0
1326,10,20000
1327,10,40000
1328,10,0
1329,10,30000
1330,10,0
1331,10,30000
1332,10,30000
1333,10,30000
1334,10,50000
1335,10,0
1336,10,40000
1337,10,0
1338,10,5000
1339,10,10000
1340,10,0
1341,10,40000
1342,10,20000
1343,10,0
1344,10,0
1345,10,30000
1346,10,20000
1347,10,30000
1348,10,5000
1349,10,10000
1350,10,50000
1351,10,0
1352,10,0
1353,10,10000
1354,10,5000
1355,10,40000
1356,10,0
1357,10,10000
1358,10,10000
1359,10,50000
1360,10,5000
1361,10,5000
1362,10,20000
1363,10,20000
1364,10,40000
1365,10,5000
1366,10,30000
1367,10,30000
1368,10,0
1369,10,0
1370,10,40000
1371,10,0
1372,10,0
1373,10,50000
1374,10,10000
1375,10,10000
1376,10,10000
1377,10,20000
1378,10,20000
1379,10,0
1380,10,5000
1381,10,20000
1382,10,0
1383,10,10000
1384,10,10000
1385,10,20000
1386,10,0
1387,10,30000
1388,10,10000
1389,10,50000
1390,10,0
1391,10,0
1392,10,0
1393,10,40000
1394,10,0
1395,10,0
1396,10,40000
1397,10,0
1398,10,30000
1399,10,50000
1400,10,5000
1401,10,5000
1402,10,0
1403,10,50000
1404,10,5000
1405,10,0
1406,10,40000
1407,10,40000
1408,10,10000
1409,10,10000
1410,10,5000
1411,10,5000
1412,10,30000
1413,10,0
1414,10,40000
1415,10,40000
1416,10,40000
1417,10,20000
1418,10,50000
1419,10,30000
1420,10,10000
1421,10,0
1422,10,30000
1423,10,40000
1424,10,5000
1425,10,20000
1426,10,50000
1427,10,30000
1428,10,20000
1429,10,30000
1430,10,10000
1431,10,0
1432,10,50000
1433,10,5000
1434,10,5000
1435,10,0
1436,10,0
1437,10,0
1438,10,0
1439,10,0
1440,10,30000
1441,10,5000
1442,10,10000
1443,10,0
1444,10,50000
1445,10,20000
1446,10,40000
1447,10,0
1448,10,20000
1449,10,0
1450,10,40000
1451,10,20000
1452,10,40000
1453,10,0
1454,10,0
1455,10,0
1456,10,20000
1457,10,20000
1458,10,5000
1459,10,5000
1460,10,50000
1461,10,30000
1462,10,10000
1463,10,30000
1464,10,10000
1465,10,5000
1466,10,10000
1467,10,20000
1468,10,0
1469,10,50000
1470,10,20000
1471,10,50000
1472,10,0
1473,10,20000
1474,10,5000
1475,10,50000
1476,10,0
1477,10,10000
1478,10,20000
1479,10,10000
1480,10,40000
1481,10,0
1482,10,30000
1483,10,0
1484,10,0
1485,10,20000
1486,10,40000
1487,10,5000
1488,10,0
1489,10,10000
1490,10,30000
1491,10,10000
1492,10,40000
1493,10,50000
1494,10,0
1495,10,10000
1496,10,20000
1497,10,5000
1498,10,20000
1499,10,40000
1500,10,20000
1501,10,50000
1502,10,30000
1503,10,0
1504,10,0
1505,10,20000
1506,10,0
1507,10,10000
1508,10,30000
1509,10,50000
1510,10,0
1511,10,0
1512,10,0
1513,10,0
1514,10,0
1515,10,20000
1516,10,50000
1517,10,5000
1518,10,0
1519,10,50000
1520,10,0
1521,10,5000
1522,10,10000
1523,10,10000
1524,10,0
1525,10,0
1526,10,40000
1527,10,0
1528,10,0
1529,10,5000
1530,10,10000
1531,10,40000
1532,10,50000
1533,10,40000
1534,10,40000
1535,10,50000
1536,10,0
1537,10,50000
1538,10,30000
1539,10,0
1540,10,50000
1541,10,10000
1542,10,0
1543,10,50000
1544,10,10000
1545,10,20000
1546,10,30000
1547,10,50000
1548,10,40000
1549,10,0
1550,10,0
1551,10,10000
1552,10,0
1553,10,0
1554,10,5000
1555,10,30000
1556,10,30000
1557,10,0
1558,10,30000
1559,10,5000
1560,10,20000
1561,10,50000
1562,10,30000
1563,10,10000
1564,10,40000
1565,10,30000
1566,10,0
1567,10,30000
1568,10,0
1569,10,40000
1570,10,40000
1571,10,0
1572,10,30000
1573,10,50000
1574,10,20000
1575,10,0
1576,10,20000
1577,10,5000
1578,10,0
1579,10,50000
1580,10,5000
1581,10,20000
1582,10,0
1583,10,30000
1584,10,50000
1585,10,20000
1586,10,5000
1587,10,0
1588,10,30000
1589,10,10000
1590,10,0
1591,10,30000
1592,10,30000
1593,10,5000
1594,10,50000
1595,10,20000
1596,10,50000
1597,10,50000
1598,10,10000
1599,10,10000
1600,10,0
1601,10,30000
1602,10,0
1603,10,0
1604,10,20000
1605,10,0
1606,10,40000
1607,10,40000
1608,10,5000
1609,10,20000
1610,10,20000
1611,10,50000
1612,10,30000
1613,10,30000
1614,10,20000
1615,10,0
1616,10,0
1617,10,5000
1618,10,50000
1619,10,40000
1620,10,0
1621,10,0
1622,10,50000
1623,10,10000
1624,10,20000
1625,10,20000
1626,10,50000
1627,10,40000
1628,10,20000
1629,10,20000
1630,10,0
1631,10,10000
1632,10,50000
1633,10,10000
1634,10,10000
1635,10,20000
1636,10,0
1637,10,40000
1638,10,20000
1639,10,30000
1640,10,0
1641,10,0
1642,10,10000
1643,10,0
1644,10,30000
1645,10,50000
1646,10,50000
1647,10,5000
1648,10,10000
1649,10,30000
1650,10,10000
1651,10,0
1652,10,0
1653,10,10000
1654,10,30000
1655,10,0
1656,10,30000
1657,10,0
1658,10,10000
1659,10,30000
1660,10,20000
1661,10,10000
1662,10,40000
1663,10,5000
1664,10,0
1665,10,40000
1666,10,0
1667,10,0
1668,10,30000
1669,10,0
1670,10,30000
1671,10,30000
1672,10,0
1673,10,40000
1674,10,10000
1675,10,50000
1676,10,5000
1677,10,30000
1678,10,0
1679,10,30000
1680,10,20000
1681,10,0
1682,10,5000
1683,10,0
1684,10,30000
1685,10,0
1686,10,30000
1687,10,0
1688,10,0
1689,10,0
1690,10,50000
1691,10,20000
1692,10,20000
1693,10,30000
1694,10,20000
1695,10,30000
1696,10,0
1697,10,5000
1698,10,50000
1699,10,50000
1700,10,0
1701,10,10000
1702,10,40000
1703,10,10000
1704,10,20000
1705,10,10000
1706,10,30000
1707,10,5000
1708,10,0
1709,10,20000
1710,10,0
1711,10,20000
1712,10,0
1713,10,20000
1714,10,10000
1715,10,40000
1716,10,30000
1717,10,20000
1718,10,30000
1719,10,30000
1720,10,0
1721,10,30000
1722,10,10000
1723,10,50000
1724,10,20000
1725,10,10000
1726,10,5000
1727,10,0
1728,10,40000
1729,10,10000
1730,10,30000
1731,10,0
1732,10,10
1733,10,30000
1734,10,40000
1735,10,0
1736,10,10000
1737,10,10000
1738,10,5000
1739,10,40000
1740,10,0
1741,10,50000
1742,10,0
1743,10,10000
1744,10,20000
1745,10,40000
1746,10,0
1747,10,40000
1748,10,10000
1749,10,30000
1750,10,30000
1751,10,30000
1752,10,5000
1753,10,0
1754,10,30000
1755,10,50000
1756,10,20000
1757,10,30000
1758,10,50000
1759,10,5000
1760,10,0
1761,10,20000
1762,10,0
1763,10,10000
1764,10,10000
1765,10,40000
1766,10,50000
1767,10,5000
1768,10,10000
1769,10,20000
1770,10,20000
1771,10,0
1772,10,0
1773,10,20000
1774,10,50000
1775,10,5000
1776,10,0
1777,10,50000
1778,10,40000
1779,10,0
1780,10,10000
1781,10,0
1782,10,30000
1783,10,10000
1784,10,0
1785,10,0
1786,10,30000
1787,10,20000
1788,10,20000
1789,10,20000
1790,10,30000
1791,10,0
1792,10,50000
1793,10,10000
1794,10,10000
1795,10,40000
1796,10,20000
1797,10,0
1798,10,0
1799,10,0
1800,10,0
1801,10,20000
1802,10,30000
1803,10,20000
1804,10,20000
1805,10,5000
1806,10,20000
1807,10,20000
1808,10,0
1809,10,50000
1810,10,20000
1811,10,40000
1812,10,30000
1813,10,0
1814,10,20000
1815,10,0
1816,10,10000
1817,10,40000
1818,10,5000
1819,10,50000
1820,10,20000
1821,10,0
1822,10,40000
1823,10,0
1824,10,20000
1825,10,5000
1826,10,40000
1827,10,0
1828,10,0
1829,10,20000
1830,10,40000
1831,10,10000
1832,10,0
1833,10,40000
1834,10,5000
1835,10,30000
1836,10,30000
1837,10,50000
1838,10,30000
1839,10,30000
1840,10,5000
1841,10,20000
1842,10,40000
1843,10,40000
1844,10,5000
1845,10,20000
1846,10,50000
1847,10,0
1848,10,0
1849,10,30000
1850,10,50000
1851,10,30000
1852,10,40000
1853,10,20000
1854,10,0
1855,10,0
1856,10,0
1857,10,5000
1858,10,0
1859,10,10000
1860,10,10000
1861,10,5000
1862,10,0
1863,10,50000
1864,10,50000
1865,10,50000
1866,10,5000
1867,10,20000
1868,10,0
1869,10,0
1870,10,30000
1871,10,20000
1872,10,0
1873,10,5000
1874,10,0
1875,10,0
1876,10,50000
1877,10,0
1878,10,40000
1879,10,0
1880,10,0
1881,10,30000
1882,10,40000
1883,10,20000
1884,10,10000
1885,10,0
1886,10,20000
1887,10,30000
1888,10,0
1889,10,50000
1890,10,0
1891,10,0
1892,10,0
1893,10,30000
1894,10,30000
1895,10,30000
1896,10,5000
1897,10,0
1898,10,10000
1899,10,5000
1900,10,40000
1901,10,5000
1902,10,20000
1903,10,50000
1904,10,10000
1905,10,0
1906,10,0
1907,10,40000
1908,10,0
1909,10,0
1910,10,0
1911,10,50000
1912,10,40000
1913,10,20000
1914,10,50000
1915,10,20000
1916,10,0
1917,10,30000
1918,10,40000
1919,10,5000
1920,10,10000
1921,10,30000
1922,10,50000
1923,10,50000
1924,10,10000
1925,10,50000
1926,10,30000
1927,10,30000
1928,10,0
1929,10,0
1930,10,0
1931,10,50000
1932,10,20000
1933,10,20000
1934,10,30000
1935,10,0
1936,10,20000
1937,10,30000
1938,10,10000
1939,10,0
1940,10,50000
1941,10,20000
1942,10,20000
1943,10,50000
1944,10,30000
1945,10,50000
1946,10,50000
1947,10,0
1948,10,5000
1949,10,5000
1950,10,40000
1951,10,20000
1952,10,0
1953,10,5000
1954,10,0
1955,10,30000
1956,10,50000
1957,10,5000
1958,10,30000
1959,10,10000
1960,10,30000
1961,10,0
1962,10,30000
1963,10,5000
1964,10,0
1965,10,20000
1966,10,30000
1967,10,20000
1968,10,20000
1969,10,30000
1970,10,40000
1971,10,20000
1972,10,10
1973,10,40000
1974,10,50000
1975,10,30000
1976,10,0
1977,10,30000
1978,10,5000
1979,10,40000
1980,10,0
1981,10,0
1982,10,30000
1983,10,30000
1984,10,20000
1985,10,10000
1986,10,5000
1987,10,30000
1988,10,30000
1989,10,40000
1990,10,5000
1991,10,20000
1992,10,50000
1993,10,20000
1994,10,20000
1995,10,30000
1996,10,30000
1997,10,0
1998,10,5000
1999,10,20000
2000,10,20000
2001,10,5000
2002,10,5000
2003,10,30000
2004,10,0
2005,10,30000
2006,10,20000
2007,10,0
2008,10,10000
2009,10,30000
2010,10,20000
2011,10,20000
2012,10,0
2013,10,0
2014,10,30000
2015,10,30000
2016,10,50000
2017,10,50000
2018,10,40000
2019,10,10000
2020,10,30000
2021,10,20000
2022,10,50000
2023,10,40000
2024,10,40000
2025,10,0
2026,10,0
2027,10,5000
2028,10,20000
2029,10,10000
2030,10,20000
2031,10,30000
2032,10,40000
2033,10,30000
2034,10,40000
2035,10,20000
2036,10,40000
2037,10,5000
2038,10,20000
2039,10,50000
2040,10,30000
2041,10,30000
2042,10,5000
2043,10,50000
2044,10,5000
2045,10,0
2046,10,5000
2047,10,0
2048,10,30000
2049,10,30000
2050,10,20000
2051,10,10000
2052,10,0
2053,10,30000
2054,10,0
2055,10,10000
2056,10,20000
2057,10,30000
2058,10,20000
2059,10,30000
2060,10,40000
2061,10,0
2062,10,50000
2063,10,20000
2064,10,50000
2065,10,30000
2066,10,30000
2067,10,5000
2068,10,20000
2069,10,40000
2070,10,5000
2071,10,30000
2072,10,40000
2073,10,50000
2074,10,10000
2075,10,10000
2076,10,20000
2077,10,30000
2078,10,0
2079,10,0
2080,10,50000
2081,10,30000
2082,10,0
2083,10,20000
2084,10,20000
2085,10,40000
2086,10,0
2087,10,10000
2088,10,50000
2089,10,5000
2090,10,30000
2091,10,30000
2092,10,40000
2093,10,0
2094,10,30000
2095,10,30000
2096,10,30000
2097,10,5000
2098,10,20000
2099,10,20000
2100,10,5000
2101,10,20000
2102,10,30000
2103,10,0
2104,10,5000
2105,10,10000
2106,10,20000
2107,10,20000
2108,10,0
2109,10,0
2110,10,0
2111,10,50000
2112,10,20000
2113,10,40000
2114,10,20000
2115,10,10000
2116,10,50000
2117,10,0
2118,10,50000
2119,10,5000
2120,10,0
2121,10,0
2122,10,5000
2123,10,50000
2124,10,5000
2125,10,30000
2126,10,10000
2127,10,30000
2128,10,0
2129,10,10000
2130,10,20000
2131,10,50000
2132,10,0
2133,10,30000
2134,10,30000
2135,10,0
2136,10,0
2137,10,5000
2138,10,20000
2139,10,30000
2140,10,0
2141,10,40000
2142,10,40000
2143,10,10000
2144,10,0
2145,10,20000
2146,10,10000
2147,10,10000
2148,10,0
2149,10,20000
2150,10,10000
2151,10,10000
2152,10,50000
2153,10,10000
2154,10,5000
2155,10,30000
2156,10,0
2157,10,0
2158,10,20000
2159,10,30000
2160,10,20000
2161,10,5000
2162,10,0
2163,10,20000
2164,10,20000
2165,10,0
2166,10,0
2167,10,30000
2168,10,0
2169,10,50000
2170,10,0
2171,10,50000
2172,10,5000
2173,10,10000
2174,10,10000
2175,10,40000
2176,10,10000
2177,10,10000
2178,10,20000
2179,10,50000
2180,10,30000
2181,10,5000
2182,10,5000
2183,10,40000
2184,10,30000
2185,10,0
2186,10,5000
2187,10,0
2188,10,0
2189,10,0
2190,10,20000
2191,10,20000
2192,10,20000
2193,10,30000
2194,10,10000
2195,10,5000
2196,10,50000
2197,10,0
2198,10,5000
2199,10,30000
2200,10,20000
2201,10,5000
2202,10,0
2203,10,0
2204,10,20000
2205,10,10000
2206,10,40000
2207,10,10000
2208,10,30000
2209,10,20000
2210,10,0
2211,10,30000
2212,10,20000
2213,10,50000
2214,10,5000
2215,10,50000
2216,10,10000
2217,10,30000
2218,10,50000
2219,10,40000
2220,10,30000
2221,10,5000
2222,10,30000
2223,10,10000
2224,10,0
2225,10,0
2226,10,50000
2227,10,5000
2228,10,5000
2229,10,20000
2230,10,0
2231,10,5000
2232,10,50000
2233,10,40000
2234,10,0
2235,10,30000
2236,10,0
2237,10,20000
2238,10,40000
2239,10,5000
2240,10,0
2241,10,20000
2242,10,40000
2243,10,50000
2244,10,50000
2245,10,30000
2246,10,40000
2247,10,30000
2248,10,0
2249,10,0
2250,10,50000
2251,10,0
2252,10,50000
2253,10,0
2254,10,30000
2255,10,0
2256,10,20000
2257,10,20000
2258,10,50000
2259,10,5000
2260,10,0
2261,10,0
2262,10,10000
2263,10,0
2264,10,5000
2265,10,0
2266,10,5000
2267,10,20000
2268,10,30000
2269,10,50000
2270,10,0
2271,10,40000
2272,10,0
2273,10,0
2274,10,20000
2275,10,5000
2276,10,0
2277,10,5000
2278,10,50000
2279,10,10000
2280,10,50000
2281,10,30000
2282,10,20000
2283,10,30000
2284,10,50000
2285,10,5000
2286,10,5000
2287,10,0
2288,10,30000
2289,10,0
2290,10,50000
2291,10,30000
2292,10,50000
2293,10,5000
2294,10,30000
2295,10,20000
2296,10,40000
2297,10,0
2298,10,0
2299,10,5000
2300,10,20000
2301,10,5000
2302,10,5000
2303,10,50000
2304,10,5000
2305,10,40000
2306,10,0
2307,10,30000
2308,10,30000
2309,10,20000
2310,10,0
2311,10,10000
2312,10,0
2313,10,40000
2314,10,30000
2315,10,30000
2316,10,0
2317,10,20000
2318,10,40000
2319,10,20000
2320,10,5000
2321,10,20000
2322,10,20000
2323,10,0
2324,10,10000
2325,10,0
2326,10,0
2327,10,20000
2328,10,30000
2329,10,10000
2330,10,0
2331,10,40000
2332,10,0
2333,10,20000
2334,10,10000
2335,10,0
2336,10,40000
2337,10,50000
2338,10,0
2339,10,20000
2340,10,50000
2341,10,20000
2342,10,50000
2343,10,0
2344,10,30000
2345,10,50000
2346,10,0
2347,10,0
2348,10,50000
2349,10,0
2350,10,30000
2351,10,30000
2352,10,30000
2353,10,0
2354,10,30000
2355,10,5000
2356,10,50000
2357,10,0
2358,10,0
2359,10,0
2360,10,0
2361,10,0
2362,10,20000
2363,10,0
2364,10,5000
2365,10,10000
2366,10,0
2367,10,20000
2368,10,30000
2369,10,0
2370,10,30000
2371,10,5000
2372,10,50000
2373,10,50000
2374,10,40000
2375,10,30000
2376,10,40000
2377,10,0
2378,10,0
2379,10,50000
2380,10,50000
2381,10,30000
2382,10,5000
2383,10,40000
2384,10,0
2385,10,50000
2386,10,30000
2387,10,30000
2388,10,5000
2389,10,5000
2390,10,0
2391,10,20000
2392,10,30000
2393,10,0
2394,10,20000
2395,10,30000
2396,10,20000
2397,10,20000
2398,10,50000
2399,10,0
2400,10,0
2401,10,20000
2402,10,5000
2403,10,5000
2404,10,0
2405,10,40000
2406,10,30000
2407,10,20000
2408,10,50000
2409,10,0
2410,10,0
2411,10,10
2412,10,0
2413,10,5000
2414,10,0
2415,10,10000
2416,10,5000
2417,10,30000
2418,10,30000
2419,10,0
2420,10,10000
2421,10,0
2422,10,0
2423,10,30000
2424,10,0
2425,10,30000
2426,10,20000
2427,10,20000
2428,10,20000
2429,10,5000
2430,10,50000
2431,10,20000
2432,10,50000
2433,10,20000
2434,10,0
2435,10,0
2436,10,20000
2437,10,0
2438,10,30000
2439,10,20000
2440,10,20000
2441,10,0
2442,10,10000
2443,10,0
2444,10,5000
2445,10,0
2446,10,50000
2447,10,20000
2448,10,40000
2449,10,40000
2450,10,0
2451,10,0
2452,10,0
2453,10,0
2454,10,50000
2455,10,5000
2456,10,5000
2457,10,40000
2458,10,5000
2459,10,20000
2460,10,40000
2461,10,0
2462,10,5000
2463,10,20000
2464,10,10000
2465,10,5000
2466,10,0
2467,10,50000
2468,10,50000
2469,10,20000
2470,10,0
2471,10,10000
2472,10,30000
2473,10,50000
2474,10,30000
2475,10,30000
2476,10,30000
2477,10,0
2478,10,10000
2479,10,10000
2480,10,20000
2481,10,10000
2482,10,50000
2483,10,30000
2484,10,5000
2485,10,5000
2486,10,10000
2487,10,40000
2488,10,5000
2489,10,50000
2490,10,40000
2491,10,30000
2492,10,30000
2493,10,5000
2494,10,30000
2495,10,0
2496,10,20000
2497,10,5000
2498,10,5000
2499,10,40000
2500,10,0
2501,10,0
2502,10,30000
2503,10,5000
2504,10,0
2505,10,0
2506,10,0
2507,10,50000
2508,10,50000
2509,10,20000
2510,10,5000
2511,10,0
2512,10,30000
2513,10,10000
2514,10,0
2515,10,0
2516,10,40000
2517,10,0
2518,10,50000
2519,10,20000
2520,10,30000
2521,10,10000
2522,10,50000
2523,10,0
2524,10,40000
2525,10,10000
2526,10,5000
2527,10,20000
2528,10,0
2529,10,0
2530,10,20000
2531,10,0
2532,10,50000
2533,10,30000
2534,10,30000
2535,10,0
2536,10,0
2537,10,0
2538,10,0
2539,10,50000
2540,10,0
2541,10,50000
2542,10,40000
2543,10,0
2544,10,30000
2545,10,30000
2546,10,0
2547,10,20000
2548,10,30000
2549,10,40000
2550,10,40000
2551,10,30000
2552,10,0
2553,10,20000
2554,10,10000
2555,10,10000
2556,10,10000
2557,10,20000
2558,10,20000
2559,10,50000
2560,10,5000
2561,10,30000
2562,10,30000
2563,10,20000
2564,10,50000
2565,10,20000
2566,10,0
2567,10,0
2568,10,0
2569,10,50000
2570,10,20000
2571,10,0
2572,10,30000
2573,10,50000
2574,10,30000
2575,10,0
2576,10,20000
2577,10,50000
2578,10,40000
2579,10,0
2580,10,30000
2581,10,0
2582,10,40000
2583,10,0
2584,10,0
2585,10,0
2586,10,0
2587,10,10000
2588,10,50000
2589,10,30000
2590,10,0
2591,10,40000
2592,10,30000
2593,10,5000
2594,10,50000
2595,10,20000
2596,10,50000
2597,10,30000
2598,10,30000
2599,10,30000
2600,10,0
2601,10,0
2602,10,20000
2603,10,20000
2604,10,0
2605,10,50000
2606,10,10000
2607,10,40000
2608,10,30000
2609,10,10000
2610,10,30000
2611,10,0
2612,10,30000
2613,10,0
2614,10,40000
2615,10,0
2616,10,0
2617,10,5000
2618,10,50000
2619,10,0
2620,10,0
2621,10,10000
2622,10,20000
2623,10,0
2624,10,50000
2625,10,0
2626,10,0
2627,10,5000
2628,10,30000
2629,10,20000
2630,10,0
2631,10,30000
2632,10,20000
2633,10,10
2634,10,0
2635,10,5000
2636,10,20000
2637,10,50000
2638,10,20000
2639,10,0
2640,10,20000
2641,10,40000
2642,10,5000
2643,10,0
2644,10,5000
2645,10,10000
2646,10,30000
2647,10,0
2648,10,30000
2649,10,0
2650,10,5000
2651,10,30000
2652,10,5000
2653,10,30000
2654,10,40000
2655,10,40000
2656,10,40000
2657,10,20000
2658,10,10000
2659,10,0
2660,10,0
2661,10,50000
2662,10,50000
2663,10,0
2664,10,40000
2665,10,30000
2666,10,0
2667,10,0
2668,10,5000
2669,10,40000
2670,10,5000
2671,10,0
2672,10,0
2673,10,20000
2674,10,40000
2675,10,50000
2676,10,5000
2677,10,50000
2678,10,0
2679,10,10000
2680,10,40000
2681,10,30000
2682,10,0
2683,10,40000
2684,10,0
2685,10,50000
2686,10,0
2687,10,0
2688,10,10000
2689,10,0
2690,10,0
2691,10,50000
2692,10,50000
2693,10,30000
2694,10,20000
2695,10,10000
2696,10,0
2697,10,40000
2698,10,40000
2699,10,40000
2700,10,30000
2701,10,0
2702,10,20000
2703,10,10000
2704,10,0
2705,10,0
2706,10,20000
2707,10,0
2708,10,0
2709,10,50000
2710,10,50000
2711,10,50000
2712,10,0
2713,10,30000
2714,10,0
2715,10,30000
2716,10,20000
2717,10,30000
2718,10,40000
2719,10,20000
2720,10,40000
2721,10,0
2722,10,5000
2723,10,0
2724,10,20000
2725,10,40000
2726,10,0
2727,10,30000
2728,10,0
2729,10,40000
2730,10,0
2731,10,0
2732,10,0
2733,10,50000
2734,10,5000
2735,10,50000
2736,10,20000
2737,10,10000
2738,10,5000
2739,10,30000
2740,10,0
2741,10,30000
2742,10,20000
2743,10,10000
2744,10,20000
2745,10,5000
2746,10,20000
2747,10,50000
2748,10,30000
2749,10,30000
2750,10,5000
2751,10,20000
2752,10,20000
2753,10,0
2754,10,0
2755,10,20000
2756,10,30000
2757,10,40000
2758,10,20000
2759,10,0
2760,10,10000
2761,10,10000
2762,10,0
2763,10,30000
2764,10,5000
2765,10,10000
2766,10,50000
2767,10,20000
2768,10,5000
2769,10,10000
2770,10,50000
2771,10,20000
2772,10,0
2773,10,20000
2774,10,5000
2775,10,0
2776,10,30000
2777,10,0
2778,10,50000
2779,10,10000
2780,10,50000
2781,10,5000
2782,10,20000
2783,10,10000
2784,10,20000
2785,10,20000
2786,10,30000
2787,10,20000
2788,10,30000
2789,10,30000
2790,10,0
2791,10,30000
2792,10,40000
2793,10,20000
2794,10,10000
2795,10,5000
2796,10,40000
2797,10,20000
2798,10,40000
2799,10,20000
2800,10,20000
2801,10,30000
2802,10,5000
2803,10,50000
2804,10,30000
2805,10,20000
2806,10,0
2807,10,50000
2808,10,5000
2809,10,30000
2810,10,50000
2811,10,40000
2812,10,0
2813,10,50000
2814,10,10000
2815,10,10000
2816,10,50000
2817,10,5000
2818,10,30000
2819,10,0
2820,10,10000
2821,10,10000
2822,10,0
2823,10,0
2824,10,50000
2825,10,0
2826,10,0
2827,10,0
2828,10,40000
2829,10,20000
2830,10,5000
2831,10,0
2832,10,0
2833,10,0
2834,10,30000
2835,10,20000
2836,10,5000
2837,10,20000
2838,10,20000
2839,10,0
2840,10,20000
2841,10,50000
2842,10,20000
2843,10,20000
2844,10,20000
2845,10,10000
2846,10,5000
2847,10,20000
2848,10,0
2849,10,30000
2850,10,50000
2851,10,0
2852,10,50000
2853,10,30000
2854,10,0
2855,10,40000
2856,10,40000
2857,10,20000
2858,10,10000
2859,10,20000
2860,10,5000
2861,10,30000
2862,10,0
2863,10,50000
2864,10,30000
2865,10,5000
2866,10,30000
2867,10,0
2868,10,50000
2869,10,50000
2870,10,5000
2871,10,40000
2872,10,5000
2873,10,10000
2874,10,0
2875,10,30000
2876,10,10000
2877,10,20000
2878,10,0
2879,10,20000
2880,10,20000
2881,10,5000
2882,10,50000
2883,10,30000
2884,10,30000
2885,10,10000
2886,10,50000
2887,10,10000
2888,10,10000
2889,10,20000
2890,10,20000
2891,10,30000
2892,10,40000
2893,10,5000
2894,10,5000
2895,10,20000
2896,10,0
2897,10,10000
2898,10,0
2899,10,10000
2900,10,10
2901,10,50000
2902,10,0
2903,10,30000
2904,10,30000
2905,10,30000
2906,10,50000
2907,10,20000
2908,10,30000
2909,10,50000
2910,10,30000
2911,10,0
2912,10,50000
2913,10,0
2914,10,0
2915,10,30000
2916,10,5000
2917,10,0
2918,10,10000
2919,10,0
2920,10,0
2921,10,40000
2922,10,10000
2923,10,5000
2924,10,30000
2925,10,30000
2926,10,10000
2927,10,50000
2928,10,40000
2929,10,20000
2930,10,40000
2931,10,5000
2932,10,50000
2933,10,10000
2934,10,40000
2935,10,30000
2936,10,40000
2937,10,20000
2938,10,30000
2939,10,0
2940,10,5000
2941,10,0
2942,10,40000
2943,10,0
2944,10,0
2945,10,50000
2946,10,5000
2947,10,0
2948,10,20000
2949,10,40000
2950,10,40000
2951,10,50000
2952,10,40000
2953,10,20000
2954,10,30000
2955,10,20000
2956,10,20000
2957,10,0
2958,10,30000
2959,10,50000
2960,10,40000
2961,10,40000
2962,10,0
2963,10,0
2964,10,40000
2965,10,30000
2966,10,20000
2967,10,30000
2968,10,10
2969,10,30000
2970,10,5000
2971,10,0
2972,10,0
2973,10,20000
2974,10,30000
2975,10,50000
2976,10,0
2977,10,0
2978,10,5000
2979,10,20000
2980,10,0
2981,10,10000
2982,10,0
2983,10,30000
2984,10,5000
2985,10,5000
2986,10,40000
2987,10,50000
2988,10,5000
2989,10,0
2990,10,5000
2991,10,0
2992,10,30000
2993,10,30000
2994,10,50000
2995,10,30000
2996,10,50000
2997,10,20000
2998,10,0
2999,10,20000
3000,10,0
3001,10,50000
3002,10,5000
3003,10,30000
3004,10,20000
3005,10,20000
3006,10,40000
3007,10,0
3008,10,0
3009,10,0
3010,10,10
3011,10,40000
3012,10,5000
3013,10,30000
3014,10,0
3015,10,50000
3016,10,40000
3017,10,10000
3018,10,50000
3019,10,10000
3020,10,40000
3021,10,20000
3022,10,40000
3023,10,5000
3024,10,30000
3025,10,20000
3026,10,50000
3027,10,30000
3028,10,0
3029,10,10000
3030,10,30000
3031,10,0
3032,10,50000
3033,10,5000
3034,10,20000
3035,10,10000
3036,10,0
3037,10,5000
3038,10,50000
3039,10,20000
3040,10,20000
3041,10,50000
3042,10,20000
3043,10,5000
3044,10,30000
3045,10,40000
3046,10,30000
3047,10,0
3048,10,40000
3049,10,0
3050,10,10000
3051,10,5000
3052,10,40000
3053,10,0
3054,10,0
3055,10,10000
3056,10,40000
3057,10,40000
3058,10,20000
3059,10,5000
3060,10,40000
3061,10,50000
3062,10,20000
3063,10,50000
3064,10,0
3065,10,0
3066,10,20000
3067,10,0
3068,10,30000
3069,10,50000
3070,10,0
3071,10,0
3072,10,40000
3073,10,0
3074,10,0
3075,10,0
3076,10,40000
3077,10,0
3078,10,40000
3079,10,10000
3080,10,5000
3081,10,5000
3082,10,20000
3083,10,40000
3084,10,0
3085,10,20000
3086,10,30000
3087,10,5000
3088,10,0
3089,10,30000
3090,10,20000
3091,10,0
3092,10,20000
3093,10,5000
3094,10,10000
3095,10,30000
3096,10,0
3097,10,30000
3098,10,0
3099,10,0
3100,10,50000
3101,10,0
3102,10,50000
3103,10,30000
3104,10,20000
3105,10,50000
3106,10,30000
3107,10,30000
3108,10,40000
3109,10,30000
3110,10,5000
3111,10,30000
3112,10,20000
3113,10,40000
3114,10,20000
3115,10,50000
3116,10,10000
3117,10,10000
3118,10,30000
3119,10,20000
3120,10,20000
3121,10,50000
3122,10,30000
3123,10,50000
3124,10,0
3125,10,5000
3126,10,20000
3127,10,5000
3128,10,20000
3129,10,0
3130,10,30000
3131,10,40000
3132,10,50000
3133,10,20000
3134,10,0
3135,10,0
3136,10,10000
3137,10,10000
3138,10,20000
3139,10,50000
3140,10,20000
3141,10,30000
3142,10,0
3143,10,50000
3144,10,0
3145,10,0
3146,10,0
3147,10,10000
3148,10,10000
3149,10,5000
3150,10,30000
3151,10,50000
3152,10,50000
3153,10,20000
3154,10,0
3155,10,20000
3156,10,50000
3157,10,40000
3158,10,10000
3159,10,5000
3160,10,0
3161,10,0
3162,10,0
3163,10,0
3164,10,40000
3165,10,30000
3166,10,10000
3167,10,30000
3168,10,30000
3169,10,30000
3170,10,5000
3171,10,5000
3172,10,50000
3173,10,0
3174,10,20000
3175,10,0
3176,10,5000
3177,10,30000
3178,10,30000
3179,10,20000
3180,10,10000
3181,10,40000
3182,10,0
3183,10,20000
3184,10,20000
3185,10,0
3186,10,40000
3187,10,40000
3188,10,50000
3189,10,40000
3190,10,10000
3191,10,50000
3192,10,10000
3193,10,50000
3194,10,0
3195,10,20000
3196,10,10000
3197,10,20000
3198,10,20000
3199,10,40000
3200,10,0
3201,10,0
3202,10,50000
3203,10,40000
3204,10,20000
3205,10,50000
3206,10,0
3207,10,20000
3208,10,30000
3209,10,0
3210,10,10000
3211,10,20000
3212,10,0
3213,10,20000
3214,10,50000
3215,10,0
3216,10,50000
3217,10,5000
3218,10,20000
3219,10,30000
3220,10,5000
3221,10,30000
3222,10,30000
3223,10,30000
3224,10,5000
3225,10,40000
3226,10,30000
3227,10,5000
3228,10,0
3229,10,5000
3230,10,20000
3231,10,5000
3232,10,50000
3233,10,0
3234,10,10000
3235,10,40000
3236,10,50000
3237,10,50000
3238,10,10000
3239,10,0
3240,10,20000
3241,10,20000
3242,10,10000
3243,10,10000
3244,10,30000
3245,10,40000
3246,10,50000
3247,10,50000
3248,10,50000
3249,10,40000
3250,10,5000
3251,10,40000
3252,10,20000
3253,10,0
3254,10,50000
3255,10,5000
3256,10,50000
3257,10,20000
3258,10,5000
3259,10,50000
3260,10,0
3261,10,40000
3262,10,50000
3263,10,20000
3264,10,40000
3265,10,30000
3266,10,20000
3267,10,20000
3268,10,0
3269,10,40000
3270,10,20000
3271,10,0
3272,10,0
3273,10,40000
3274,10,30000
3275,10,40000
3276,10,5000
3277,10,30000
3278,10,10000
3279,10,20000
3280,10,10000
3281,10,0
3282,10,10000
3283,10,50000
3284,10,0
3285,10,0
3286,10,20000
3287,10,40000
3288,10,40000
3289,10,30000
3290,10,20000
3291,10,30000
3292,10,40000
3293,10,20000
3294,10,0
3295,10,30000
3296,10,50000
3297,10,0
3298,10,40000
3299,10,40000
3300,10,20000
3301,10,5000
3302,10,5000
3303,10,10000
3304,10,5000
3305,10,20000
3306,10,50000
3307,10,30000
3308,10,0
3309,10,0
3310,10,30000
3311,10,0
3312,10,30000
3313,10,20000
3314,10,0
3315,10,50000
3316,10,50000
3317,10,5000
3318,10,30000
3319,10,0
3320,10,0
3321,10,5000
3322,10,50000
3323,10,30000
3324,10,10000
3325,10,30000
3326,10,20000
3327,10,20000
3328,10,20000
3329,10,0
3330,10,10000
3331,10,30000
3332,10,50000
3333,10,5000
3334,10,50000
3335,10,0
3336,10,50000
3337,10,20000
3338,10,40000
3339,10,20000
3340,10,0
3341,10,0
3342,10,0
3343,10,30000
3344,10,20000
3345,10,0
3346,10,20000
3347,10,10000
3348,10,30000
3349,10,20000
3350,10,30000
3351,10,50000
3352,10,40000
3353,10,5000
3354,10,10000
3355,10,40000
3356,10,50000
3357,10,50000
3358,10,5000
3359,10,30000
3360,10,30000
3361,10,0
3362,10,20000
3363,10,10000
3364,10,30000
3365,10,5000
3366,10,0
3367,10,30000
3368,10,50000
3369,10,50000
3370,10,5000
3371,10,20000
3372,10,0
3373,10,0
3374,10,0
3375,10,5000
3376,10,30000
3377,10,0
3378,10,20000
3379,10,0
3380,10,20000
3381,10,50000
3382,10,30000
3383,10,0
3384,10,0
3385,10,40000
3386,10,5000
3387,10,5000
3388,10,50000
3389,10,40000
3390,10,30000
3391,10,0
3392,10,10000
3393,10,0
3394,10,5000
3395,10,30000
3396,10,50000
3397,10,20000
3398,10,10000
3399,10,40000
3400,10,0
3401,10,20000
3402,10,50000
3403,10,0
3404,10,30000
3405,10,10000
3406,10,10000
3407,10,20000
3408,10,0
3409,10,0
3410,10,40000
3411,10,20000
3412,10,0
3413,10,10000
3414,10,5000
3415,10,50000
3416,10,0
3417,10,5000
3418,10,20000
3419,10,10
3420,10,20000
3421,10,20000
3422,10,10000
3423,10,10000
3424,10,0
3425,10,5000
3426,10,30000
3427,10,30000
3428,10,50000
3429,10,5000
3430,10,0
3431,10,0
3432,10,0
3433,10,10000
3434,10,0
3435,10,0
3436,10,30000
3437,10,50000
3438,10,5000
3439,10,20000
3440,10,0
3441,10,50000
3442,10,40000
3443,10,50000
3444,10,20000
3445,10,30000
3446,10,5000
3447,10,10000
3448,10,30000
3449,10,10000
3450,10,30000
3451,10,40000
3452,10,5000
3453,10,40000
3454,10,50000
3455,10,40000
3456,10,0
3457,10,40000
3458,10,0
3459,10,30000
3460,10,40000
3461,10,10000
3462,10,40000
3463,10,10000
3464,10,20000
3465,10,0
3466,10,30000
3467,10,20000
3468,10,5000
3469,10,0
3470,10,20000
3471,10,10000
3472,10,0
3473,10,0
3474,10,0
3475,10,10000
3476,10,20000
3477,10,30000
3478,10,0
3479,10,50000
3480,10,0
3481,10,10000
3482,10,5000
3483,10,0
3484,10,20000
3485,10,20000
3486,10,40000
3487,10,10000
3488,10,40000
3489,10,50000
3490,10,40000
3491,10,0
3492,10,0
3493,10,20000
3494,10,30000
3495,10,5000
3496,10,0
3497,10,40000
3498,10,10000
3499,10,0
3500,10,0
3501,10,40000
3502,10,30000
3503,10,30000
3504,10,0
3505,10,20000
3506,10,50000
3507,10,20000
3508,10,20000
3509,10,0
3510,10,40000
3511,10,40000
3512,10,50000
3513,10,0
3514,10,30000
3515,10,0
3516,10,5000
3517,10,0
3518,10,0
3519,10,30000
3520,10,20000
3521,10,0
3522,10,40000
3523,10,40000
3524,10,0
3525,10,0
3526,10,10000
3527,10,10000
3528,10,0
3529,10,20000
3530,10,20000
3531,10,5000
3532,10,10000
3533,10,20000
3534,10,20000
3535,10,0
3536,10,0
3537,10,20000
3538,10,20000
3539,10,40000
3540,10,0
3541,10,50000
3542,10,30000
3543,10,20000
3544,10,20000
3545,10,5000
3546,10,5000
3547,10,30000
3548,10,10000
3549,10,30000
3550,10,0
3551,10,50000
3552,10,10000
3553,10,5000
3554,10,10000
3555,10,0
3556,10,50000
3557,10,5000
3558,10,0
3559,10,30000
3560,10,5000
3561,10,20000
3562,10,20000
3563,10,50000
3564,10,10000
3565,10,10000
3566,10,50000
3567,10,40000
3568,10,0
3569,10,0
3570,10,0
3571,10,5000
3572,10,5000
3573,10,0
3574,10,5000
3575,10,40000
3576,10,10000
3577,10,30000
3578,10,30000
3579,10,0
3580,10,0
3581,10,20000
3582,10,0
3583,10,0
3584,10,30000
3585,10,30000
3586,10,0
3587,10,0
3588,10,10000
3589,10,30000
3590,10,20000
3591,10,10000
3592,10,5000
3593,10,30000
3594,10,0
3595,10,30000
3596,10,5000
3597,10,0
3598,10,0
3599,10,10000
3600,10,20000
3601,10,0
3602,10,0
3603,10,0
3604,10,50000
3605,10,0
3606,10,50000
3607,10,0
3608,10,50000
3609,10,20000
3610,10,30000
3611,10,30000
3612,10,0
3613,10,20000
3614,10,20000
3615,10,40000
3616,10,0
3617,10,50000
3618,10,50000
3619,10,30000
3620,10,10000
3621,10,50000
3622,10,10000
3623,10,20000
3624,10,50000
3625,10,50000
3626,10,5000
3627,10,0
3628,10,0
3629,10,50000
3630,10,50000
3631,10,5000
3632,10,30000
3633,10,10000
3634,10,20000
3635,10,5000
3636,10,20000
3637,10,0
3638,10,20000
3639,10,50000
3640,10,20000
3641,10,0
3642,10,0
3643,10,50000
3644,10,5000
3645,10,5000
3646,10,50000
3647,10,20000
3648,10,30000
3649,10,40000
3650,10,0
3651,10,20000
3652,10,0
3653,10,50000
3654,10,50000
3655,10,40000
3656,10,50000
3657,10,50000
3658,10,5000
3659,10,0
3660,10,0
3661,10,40000
3662,10,0
3663,10,0
3664,10,50000
3665,10,50000
3666,10,30000
3667,10,0
3668,10,20000
3669,10,50000
3670,10,5000
3671,10,20000
3672,10,10000
3673,10,40000
3674,10,5000
3675,10,0
3676,10,0
3677,10,20000
3678,10,20000
3679,10,5000
3680,10,0
3681,10,50000
3682,10,0
3683,10,30000
3684,10,40000
3685,10,20000
3686,10,50000
3687,10,50000
3688,10,0
3689,10,0
3690,10,0
3691,10,20000
3692,10,20000
3693,10,20000
3694,10,20000
3695,10,50000
3696,10,20000
3697,10,20000
3698,10,10000
3699,10,20000
3700,10,0
3701,10,0
3702,10,40000
3703,10,20000
3704,10,0
3705,10,40000
3706,10,10000
3707,10,0
3708,10,5000
3709,10,0
3710,10,40000
3711,10,0
3712,10,20000
3713,10,50000
3714,10,0
3715,10,0
3716,10,10000
3717,10,5000
3718,10,0
3719,10,30000
3720,10,0
3721,10,20000
3722,10,5000
3723,10,5000
3724,10,10000
3725,10,20000
3726,10,10000
3727,10,10000
3728,10,30000
3729,10,10000
3730,10,30000
3731,10,5000
3732,10,50000
3733,10,30000
3734,10,30000
3735,10,0
3736,10,20000
3737,10,50000
3738,10,50000
3739,10,10000
3740,10,20000
3741,10,20000
3742,10,10000
3743,10,0
3744,10,40000
3745,10,0
3746,10,0
3747,10,5000
3748,10,10000
3749,10,10000
3750,10,10000
3751,10,40000
3752,10,20000
3753,10,30000
3754,10,0
3755,10,0
3756,10,30000
3757,10,30000
3758,10,50000
3759,10,50000
3760,10,20000
3761,10,30000
3762,10,0
3763,10,50000
3764,10,50000
3765,10,30000
3766,10,30000
3767,10,10000
3768,10,20000
3769,10,5000
3770,10,50000
3771,10,5000
3772,10,40000
3773,10,0
3774,10,50000
3775,10,20000
3776,10,40000
3777,10,30000
3778,10,20000
3779,10,30000
3780,10,10000
3781,10,10000
3782,10,10000
3783,10,20000
3784,10,0
3785,10,0
3786,10,40000
3787,10,40000
3788,10,30000
3789,10,50000
3790,10,0
3791,10,0
3792,10,5000
3793,10,30000
3794,10,10000
3795,10,40000
3796,10,20000
3797,10,50000
3798,10,50000
3799,10,20000
3800,10,0
3801,10,30000
3802,10,30000
3803,10,10000
3804,10,10000
3805,10,0
3806,10,20000
3807,10,30000
3808,10,10000
3809,10,30000
3810,10,50000
3811,10,40000
3812,10,10000
3813,10,40000
3814,10,30000
3815,10,30000
3816,10,20000
3817,10,20000
3818,10,30000
3819,10,10000
3820,10,5000
3821,10,40000
3822,10,0
3823,10,30000
3824,10,20000
3825,10,50000
3826,10,0
3827,10,10000
3828,10,20000
3829,10,0
3830,10,50000
3831,10,20000
3832,10,20000
3833,10,5000
3834,10,30000
3835,10,5000
3836,10,0
3837,10,0
3838,10,40000
3839,10,10000
3840,10,5000
3841,10,10000
3842,10,0
3843,10,40000
3844,10,0
3845,10,0
3846,10,30000
3847,10,0
3848,10,5000
3849,10,40000
3850,10,20000
3851,10,0
3852,10,0
3853,10,10000
3854,10,0
3855,10,0
3856,10,5000
3857,10,0
3858,10,30000
3859,10,0
3860,10,0
3861,10,30000
3862,10,40000
3863,10,0
3864,10,0
3865,10,0
3866,10,20000
3867,10,0
3868,10,40000
3869,10,10000
3870,10,50000
3871,10,0
3872,10,10000
3873,10,0
3874,10,50000
3875,10,10000
3876,10,0
3877,10,30000
3878,10,50000
3879,10,20000
3880,10,30000
3881,10,40000
3882,10,20000
3883,10,5000
3884,10,20000
3885,10,0
3886,10,0
3887,10,0
3888,10,20000
3889,10,20000
3890,10,0
3891,10,20000
3892,10,50000
3893,10,0
3894,10,5000
3895,10,30000
3896,10,50000
3897,10,40000
3898,10,10000
3899,10,0
3900,10,5000
3901,10,5000
3902,10,30000
3903,10,5000
3904,10,0
3905,10,0
3906,10,0
3907,10,40000
3908,10,0
3909,10,0
3910,10,40000
3911,10,10000
3912,10,20000
3913,10,50000
3914,10,0
3915,10,30000
3916,10,20000
3917,10,5000
3918,10,0
3919,10,5000
3920,10,30000
3921,10,20000
3922,10,5000
3923,10,50000
3924,10,0
3925,10,50000
3926,10,0
3927,10,20000
3928,10,0
3929,10,5000
3930,10,50000
3931,10,5000
3932,10,30000
3933,10,0
3934,10,0
3935,10,0
3936,10,10000
3937,10,10000
3938,10,50000
3939,10,40000
3940,10,0
3941,10,10000
3942,10,0
3943,10,30000
3944,10,20000
3945,10,0
3946,10,20000
3947,10,0
3948,10,0
3949,10,5000
3950,10,20000
3951,10,0
3952,10,50000
3953,10,5000
3954,10,30000
3955,10,50000
3956,10,0
3957,10,5000
3958,10,5000
3959,10,0
3960,10,0
3961,10,0
3962,10,20000
3963,10,40000
3964,10,0
3965,10,0
3966,10,0
3967,10,0
3968,10,0
3969,10,0
3970,10,0
3971,10,20000
3972,10,5000
3973,10,20000
3974,10,20000
3975,10,5000
3976,10,50000
3977,10,0
3978,10,40000
3979,10,0
3980,10,0
3981,10,0
3982,10,20000
3983,10,0
3984,10,20000
3985,10,40000
3986,10,0
3987,10,0
3988,10,50000
3989,10,30000
3990,10,40000
3991,10,30000
3992,10,0
3993,10,0
3994,10,10000
3995,10,10000
3996,10,20000
3997,10,40000
3998,10,40000
3999,10,50000
4000,10,50000
4001,10,0
4002,10,30000
4003,10,0
4004,10,0
4005,10,40000
4006,10,20000
4007,10,30000
4008,10,30000
4009,10,0
4010,10,50000
4011,10,10000
4012,10,5000
4013,10,30000
4014,10,30000
4015,10,40000
4016,10,50000
4017,10,40000
4018,10,0
4019,10,10000
4020,10,50000
4021,10,5000
4022,10,0
4023,10,20000
4024,10,50000
4025,10,50000
4026,10,50000
4027,10,0
4028,10,20000
4029,10,10000
4030,10,0
4031,10,30000
4032,10,5000
4033,10,20000
4034,10,20000
4035,10,10000
4036,10,30000
4037,10,0
4038,10,0
4039,10,30000
4040,10,30000
4041,10,10000
4042,10,20000
4043,10,20000
4044,10,5000
4045,10,10000
4046,10,10000
4047,10,30000
4048,10,0
4049,10,20000
4050,10,50000
4051,10,0
4052,10,30000
4053,10,0
4054,10,0
4055,10,0
4056,10,20000
4057,10,50000
4058,10,10000
4059,10,40000
4060,10,5000
4061,10,0
4062,10,30000
4063,10,5000
4064,10,0
4065,10,30000
4066,10,0
4067,10,20000
4068,10,0
4069,10,30000
4070,10,10000
4071,10,0
4072,10,20000
4073,10,0
4074,10,50000
4075,10,40000
4076,10,0
4077,10,0
4078,10,30000
4079,10,5000
4080,10,0
4081,10,30000
4082,10,40000
4083,10,0
4084,10,0
4085,10,40000
4086,10,0
4087,10,30000
4088,10,0
4089,10,40000
4090,10,0
4091,10,20000
4092,10,40000
4093,10,0
4094,10,0
4095,10,20000
4096,10,20000
4097,10,0
4098,10,20000
4099,10,0
4100,10,10000
4101,10,5000
4102,10,30000
4103,10,10000
4104,10,0
4105,10,20000
4106,10,30000
4107,10,30000
4108,10,10000
4109,10,50000
4110,10,5000
4111,10,10000
4112,10,40000
4113,10,40000
4114,10,20000
4115,10,50000
4116,10,50000
4117,10,5000
4118,10,20000
4119,10,5000
4120,10,40000
4121,10,5000
4122,10,20000
4123,10,50000
4124,10,0
4125,10,30000
4126,10,0
4127,10,20000
4128,10,0
4129,10,30000
4130,10,40000
4131,10,0
4132,10,0
4133,10,50000
4134,10,30000
4135,10,0
4136,10,0
4137,10,0
4138,10,0
4139,10,50000
4140,10,0
4141,10,50000
4142,10,30000
4143,10,5000
4144,10,40000
4145,10,20000
4146,10,20000
4147,10,40000
4148,10,10000
4149,10,40000
4150,10,50000
4151,10,5000
4152,10,20000
4153,10,30000
4154,10,40000
4155,10,20000
4156,10,30000
4157,10,5000
4158,10,30000
4159,10,10000
4160,10,30000
4161,10,50000
4162,10,20000
4163,10,30000
4164,10,10000
4165,10,10000
4166,10,0
4167,10,0
4168,10,10000
4169,10,50000
4170,10,30000
4171,10,20000
4172,10,40000
4173,10,50000
4174,10,40000
4175,10,5000
4176,10,0
4177,10,10000
4178,10,30000
4179,10,5000
4180,10,0
4181,10,40000
4182,10,0
4183,10,50000
4184,10,40000
4185,10,20000
4186,10,50000
4187,10,10000
4188,10,0
4189,10,0
4190,10,0
4191,10,10000
4192,10,10000
4193,10,30000
4194,10,5000
4195,10,10000
4196,10,30000
4197,10,0
4198,10,20000
4199,10,50000
4200,10,30000
4201,10,0
4202,10,10000
4203,10,30000
4204,10,0
4205,10,5000
4206,10,50000
4207,10,5000
4208,10,20000
4209,10,40000
4210,10,0
4211,10,20000
4212,10,50000
4213,10,0
4214,10,0
4215,10,0
4216,10,0
4217,10,5000
4218,10,50000
4219,10,50000
4220,10,30000
4221,10,0
4222,10,0
4223,10,30000
4224,10,0
4225,10,50000
4226,10,30000
4227,10,10000
4228,10,20000
4229,10,5000
4230,10,30000
4231,10,30000
4232,10,0
4233,10,20000
4234,10,50000
4235,10,0
4236,10,50000
4237,10,50000
4238,10,30000
4239,10,30000
4240,10,5000
4241,10,50000
4242,10,0
4243,10,50000
4244,10,30000
4245,10,40000
4246,10,0
4247,10,40000
4248,10,50000
4249,10,30000
4250,10,40000
4251,10,40000
4252,10,5000
4253,10,0
4254,10,10000
4255,10,20000
4256,10,0
4257,10,40000
4258,10,5000
4259,10,0
4260,10,0
4261,10,30000
4262,10,0
4263,10,20000
4264,10,40000
4265,10,30000
4266,10,0
4267,10,20000
4268,10,0
4269,10,30000
4270,10,30000
4271,10,30000
4272,10,20000
4273,10,30000
4274,10,50000
4275,10,0
4276,10,50000
4277,10,5000
4278,10,50000
4279,10,0
4280,10,0
4281,10,5000
4282,10,40000
4283,10,50000
4284,10,10000
4285,10,50000
4286,10,10000
4287,10,40000
4288,10,10000
4289,10,30000
4290,10,0
4291,10,30000
4292,10,50000
4293,10,0
4294,10,30000
4295,10,30000
4296,10,0
4297,10,5000
4298,10,10000
4299,10,0
4300,10,20000
4301,10,5000
4302,10,50000
4303,10,20000
4304,10,30000
4305,10,40000
4306,10,5000
4307,10,10000
4308,10,30000
4309,10,50000
4310,10,10000
4311,10,50000
4312,10,0
4313,10,10000
4314,10,20000
4315,10,30000
4316,10,20000
4317,10,20000
4318,10,20000
4319,10,30000
4320,10,50000
4321,10,40000
4322,10,50000
4323,10,10000
4324,10,0
4325,10,0
4326,10,10000
4327,10,30000
4328,10,10000
4329,10,40000
4330,10,40000
4331,10,20000
4332,10,10000
4333,10,0
4334,10,0
4335,10,5000
4336,10,10000
4337,10,5000
4338,10,0
4339,10,40000
4340,10,0
4341,10,10000
4342,10,40000
4343,10,0
4344,10,5000
4345,10,40000
4346,10,0
4347,10,40000
4348,10,10000
4349,10,0
4350,10,40000
4351,10,0
4352,10,50000
4353,10,0
4354,10,5000
4355,10,20000
4356,10,20000
4357,10,50000
4358,10,40000
4359,10,20000
4360,10,30000
4361,10,10000
4362,10,30000
4363,10,0
4364,10,10000
4365,10,10000
4366,10,30000
4367,10,50000
4368,10,20000
4369,10,5000
4370,10,50000
4371,10,30000
4372,10,20000
4373,10,50000
4374,10,0
4375,10,50000
4376,10,20000
4377,10,10000
4378,10,10000
4379,10,10000
4380,10,30000
4381,10,50000
4382,10,0
4383,10,30000
4384,10,0
4385,10,50000
4386,10,0
4387,10,30000
4388,10,5000
4389,10,5000
4390,10,30000
4391,10,0
4392,10,30000
4393,10,40000
4394,10,20000
4395,10,0
4396,10,50000
4397,10,5000
4398,10,50000
4399,10,30000
4400,10,5000
4401,10,0
4402,10,50000
4403,10,0
4404,10,30000
4405,10,0
4406,10,20000
4407,10,30000
4408,10,10000
4409,10,30000
4410,10,50000
4411,10,0
4412,10,0
4413,10,20000
4414,10,40000
4415,10,0
4416,10,5000
4417,10,0
4418,10,0
4419,10,20000
4420,10,50000
4421,10,10000
4422,10,0
4423,10,50000
4424,10,0
4425,10,10000
4426,10,5000
4427,10,30000
4428,10,40000
4429,10,30000
4430,10,0
4431,10,40000
4432,10,20000
4433,10,20000
4434,10,30000
4435,10,20000
4436,10,50000
4437,10,20000
4438,10,40000
4439,10,30000
4440,10,5000
4441,10,0
4442,10,0
4443,10,0
4444,10,0
4445,10,5000
4446,10,5000
4447,10,0
4448,10,30000
4449,10,0
4450,10,20000
4451,10,10000
4452,10,20000
4453,10,0
4454,10,40000
4455,10,30000
4456,10,20000
4457,10,0
4458,10,0
4459,10,0
4460,10,30000
4461,10,30000
4462,10,10000
4463,10,30000
4464,10,0
4465,10,50000
4466,10,10000
4467,10,30000
4468,10,10000
4469,10,40000
4470,10,30000
4471,10,0
4472,10,40000
4473,10,20000
4474,10,30000
4475,10,10000
4476,10,10000
4477,10,0
4478,10,20000
4479,10,50000
4480,10,0
4481,10,40000
4482,10,40000
4483,10,50000
4484,10,0
4485,10,30000
4486,10,30000
4487,10,50000
4488,10,10000
4489,10,30000
4490,10,5000
4491,10,30000
4492,10,5000
4493,10,20000
4494,10,5000
4495,10,0
4496,10,50000
4497,10,10000
4498,10,30000
4499,10,20000
4500,10,50000
4501,10,10000
4502,10,20000
4503,10,40000
4504,10,50000
4505,10,0
4506,10,30000
4507,10,0
4508,10,0
4509,10,30000
4510,10,20000
4511,10,0
4512,10,40000
4513,10,0
4514,10,0
4515,10,30000
4516,10,5000
4517,10,10000
4518,10,0
4519,10,0
4520,10,10000
4521,10,50000
4522,10,20000
4523,10,0
4524,10,0
4525,10,30000
4526,10,10000
4527,10,50000
4528,10,40000
4529,10,10000
4530,10,50000
4531,10,40000
4532,10,20000
4533,10,40000
4534,10,5000
4535,10,0
4536,10,40000
4537,10,30000
4538,10,10000
4539,10,50000
4540,10,50000
4541,10,0
4542,10,10000
4543,10,5000
4544,10,20000
4545,10,20000
4546,10,30000
4547,10,30000
4548,10,10000
4549,10,0
4550,10,10000
4551,10,10000
4552,10,20000
4553,10,0
4554,10,20000
4555,10,50000
4556,10,0
4557,10,40000
4558,10,30000
4559,10,30000
4560,10,30000
4561,10,50000
4562,10,5000
4563,10,0
4564,10,10000
4565,10,40000
4566,10,50000
4567,10,30000
4568,10,30000
4569,10,0
4570,10,0
4571,10,10000
4572,10,40000
4573,10,50000
4574,10,40000
4575,10,30000
4576,10,50000
4577,10,0
4578,10,20000
4579,10,20000
4580,10,0
4581,10,10000
4582,10,20000
4583,10,40000
4584,10,30000
4585,10,30000
4586,10,20000
4587,10,0
4588,10,40000
4589,10,40000
4590,10,10000
4591,10,40000
4592,10,5000
4593,10,0
4594,10,0
4595,10,50000
4596,10,30000
4597,10,0
4598,10,50000
4599,10,30000
4600,10,50000
4601,10,40000
4602,10,30000
4603,10,10000
4604,10,5000
4605,10,30000
4606,10,0
4607,10,0
4608,10,30000
4609,10,50000
4610,10,0
4611,10,30000
4612,10,20000
4613,10,40000
4614,10,0
4615,10,30000
4616,10,5000
4617,10,30000
4618,10,30000
4619,10,0
4620,10,0
4621,10,30000
4622,10,0
4623,10,0
4624,10,0
4625,10,0
4626,10,0
4627,10,5000
4628,10,30000
4629,10,5000
4630,10,20000
4631,10,20000
4632,10,50000
4633,10,5000
4634,10,0
4635,10,30000
4636,10,5000
4637,10,40000
4638,10,30000
4639,10,10000
4640,10,50000
4641,10,40000
4642,10,10000
4643,10,0
4644,10,20000
4645,10,10000
4646,10,40000
4647,10,20000
4648,10,10000
4649,10,40000
4650,10,50000
4651,10,20000
4652,10,0
4653,10,0
4654,10,30000
4655,10,40000
4656,10,10000
4657,10,50000
4658,10,50000
4659,10,50000
4660,10,40000
4661,10,5000
4662,10,0
4663,10,5000
4664,10,5000
4665,10,30000
4666,10,30000
4667,10,0
4668,10,0
4669,10,20000
4670,10,5000
4671,10,50000
4672,10,5000
4673,10,40000
4674,10,30000
4675,10,40000
4676,10,0
4677,10,0
4678,10,20000
4679,10,20000
4680,10,5000
4681,10,10000
4682,10,0
4683,10,0
4684,10,0
4685,10,30000
4686,10,50000
4687,10,50000
4688,10,30000
4689,10,0
4690,10,0
4691,10,0
4692,10,50000
4693,10,20000
4694,10,30000
4695,10,0
4696,10,0
4697,10,0
4698,10,50000
4699,10,5000
4700,10,0
4701,10,30000
4702,10,10000
4703,10,50000
4704,10,5000
4705,10,10000
4706,10,40000
4707,10,0
4708,10,30000
4709,10,10000
4710,10,50000
4711,10,0
4712,10,20000
4713,10,0
4714,10,0
4715,10,5000
4716,10,20000
4717,10,0
4718,10,50000
4719,10,5000
4720,10,0
4721,10,50000
4722,10,30000
4723,10,20000
4724,10,0
4725,10,30000
4726,10,20000
4727,10,40000
4728,10,0
4729,10,40000
4730,10,20000
4731,10,0
4732,10,0
4733,10,0
4734,10,50000
4735,10,30000
4736,10,20000
4737,10,30000
4738,10,5000
4739,10,10000
4740,10,5000
4741,10,20000
4742,10,0
4743,10,30000
4744,10,40000
4745,10,10000
4746,10,40000
4747,10,0
4748,10,20000
4749,10,10000
4750,10,0
4751,10,10000
4752,10,20000
4753,10,30000
4754,10,20000
4755,10,0
4756,10,20000
4757,10,30000
4758,10,0
4759,10,0
4760,10,40000
4761,10,0
4762,10,5000
4763,10,30000
4764,10,20000
4765,10,50000
4766,10,20000
4767,10,5000
4768,10,30000
4769,10,40000
4770,10,10000
4771,10,30000
4772,10,40000
4773,10,0
4774,10,10000
4775,10,10000
4776,10,30000
4777,10,20000
4778,10,30000
4779,10,0
4780,10,50000
4781,10,10000
4782,10,50000
4783,10,0
4784,10,50000
4785,10,10000
4786,10,20000
4787,10,0
4788,10,0
4789,10,30000
4790,10,40000
4791,10,0
4792,10,0
4793,10,20000
4794,10,0
4795,10,30000
4796,10,5000
4797,10,30000
4798,10,20000
4799,10,30000
4800,10,0
4801,10,50000
4802,10,50000
4803,10,0
4804,10,5000
4805,10,50000
4806,10,30000
4807,10,50000
4808,10,0
4809,10,50000
4810,10,50000
4811,10,40000
4812,10,30000
4813,10,0
4814,10,30000
4815,10,20000
4816,10,0
4817,10,0
4818,10,30000
4819,10,30000
4820,10,0
4821,10,0
4822,10,50000
4823,10,0
4824,10,0
4825,10,50000
4826,10,30000
4827,10,50000
4828,10,5000
4829,10,10000
4830,10,50000
4831,10,40000
4832,10,0
4833,10,20000
4834,10,0
4835,10,0
4836,10,20000
4837,10,0
4838,10,0
4839,10,50000
4840,10,0
4841,10,30000
4842,10,50000
4843,10,0
4844,10,10000
4845,10,0
4846,10,0
4847,10,0
4848,10,10000
4849,10,50000
4850,10,0
4851,10,10000
4852,10,0
4853,10,5000
4854,10,5000
4855,10,20000
4856,10,20000
4857,10,40000
4858,10,5000
4859,10,20000
4860,10,0
4861,10,20000
4862,10,50000
4863,10,30000
4864,10,0
4865,10,20000
4866,10,0
4867,10,50000
4868,10,50000
4869,10,0
4870,10,30000
4871,10,5000
4872,10,5000
4873,10,20000
4874,10,40000
4875,10,5000
4876,10,50000
4877,10,20000
4878,10,5000
4879,10,10000
4880,10,30000
4881,10,50000
4882,10,40000
4883,10,0
4884,10,50000
4885,10,50000
4886,10,0
4887,10,10000
4888,10,20000
4889,10,20000
4890,10,30000
4891,10,30000
4892,10,20000
4893,10,50000
4894,10,10000
4895,10,20000
4896,10,20000
4897,10,50000
4898,10,5000
4899,10,0
4900,10,10000
4901,10,20000
4902,10,30000
4903,10,20000
4904,10,0
4905,10,50000
4906,10,10000
4907,10,0
4908,10,5000
4909,10,0
4910,10,40000
4911,10,50000
4912,10,0
4913,10,0
4914,10,30000
4915,10,30000
4916,10,30000
4917,10,30000
4918,10,5000
4919,10,30000
4920,10,5000
4921,10,20000
4922,10,30000
4923,10,5000
4924,10,0
4925,10,30000
4926,10,0
4927,10,50000
4928,10,20000
4929,10,0
4930,10,0
4931,10,30000
4932,10,10
4933,10,40000
4934,10,50000
4935,10,30000
4936,10,20000
4937,10,20000
4938,10,20000
4939,10,0
4940,10,0
4941,10,20000
4942,10,40000
4943,10,30000
4944,10,20000
4945,10,0
4946,10,5000
4947,10,40000
4948,10,0
4949,10,0
4950,10,0
4951,10,30000
4952,10,5000
4953,10,40000
4954,10,40000
4955,10,10000
4956,10,0
4957,10,40000
4958,10,0
4959,10,40000
4960,10,50000
4961,10,20000
4962,10,0
4963,10,20000
4964,10,50000
4965,10,40000
4966,10,0
4967,10,0
4968,10,5000
4969,10,40000
4970,10,10000
4971,10,20000
4972,10,0
4973,10,40000
4974,10,50000
4975,10,20000
4976,10,50000
4977,10,5000
4978,10,0
4979,10,40000
4980,10,30000
4981,10,5000
4982,10,0
4983,10,0
4984,10,50000
4985,10,50000
4986,10,0
4987,10,20000
4988,10,0
4989,10,0
4990,10,30000
4991,10,30000
4992,10,0
4993,10,40000
4994,10,40000
4995,10,0
4996,10,20000
4997,10,20000
4998,10,40000
4999,10,5000
5000,10,0
5001,10,40000
5002,10,50000
5003,10,50000
5004,10,50000
5005,10,30000
5006,10,40000
5007,10,30000
5008,10,10000
5009,10,40000
5010,10,5000
5011,10,50000
5012,10,20000
5013,10,20000
5014,10,20000
5015,10,0
5016,10,30000
5017,10,40000
5018,10,0
5019,10,50000
5020,10,0
5021,10,0
5022,10,0
5023,10,30000
5024,10,50000
5025,10,0
5026,10,20000
5027,10,30000
5028,10,5000
5029,10,0
5030,10,0
5031,10,10
5032,10,0
5033,10,0
5034,10,0
5035,10,0
5036,10,40000
5037,10,30000
5038,10,0
5039,10,50000
5040,10,40000
5041,10,30000
5042,10,20000
5043,10,10000
5044,10,5000
5045,10,50000
5046,10,40000
5047,10,20000
5048,10,0
5049,10,20000
5050,10,20000
5051,10,0
5052,10,0
5053,10,0
5054,10,5000
5055,10,0
5056,10,0
5057,10,0
5058,10,5000
5059,10,0
5060,10,0
5061,10,0
5062,10,0
5063,10,0
5064,10,5000
5065,10,0
5066,10,40000
5067,10,20000
5068,10,10000
5069,10,0
5070,10,30000
5071,10,10000
5072,10,30000
5073,10,0
5074,10,50000
5075,10,0
5076,10,40000
5077,10,20000
5078,10,50000
5079,10,50000
5080,10,5000
5081,10,10000
5082,10,40000
5083,10,0
5084,10,5000
5085,10,30000
5086,10,10000
5087,10,20000
5088,10,30000
5089,10,0
5090,10,30000
5091,10,0
5092,10,0
5093,10,0
5094,10,30000
5095,10,10000
5096,10,0
5097,10,30000
5098,10,0
5099,10,0
5100,10,50000
5101,10,20000
5102,10,30000
5103,10,50000
5104,10,0
5105,10,0
5106,10,0
5107,10,5000
5108,10,5000
5109,10,20000
5110,10,50000
5111,10,0
5112,10,0
5113,10,30000
5114,10,0
5115,10,20000
5116,10,50000
5117,10,50000
5118,10,20000
5119,10,30000
5120,10,5000
5121,10,5000
5122,10,5000
5123,10,0
5124,10,0
5125,10,30000
5126,10,50000
5127,10,50000
5128,10,5000
5129,10,20000
5130,10,50000
5131,10,30000
5132,10,0
5133,10,10000
5134,10,5000
5135,10,30000
5136,10,40000
5137,10,10000
5138,10,0
5139,10,30000
5140,10,20000
5141,10,20000
5142,10,30000
5143,10,30000
5144,10,20000
5145,10,5000
5146,10,5000
5147,10,30000
5148,10,20000
5149,10,20000
5150,10,20000
5151,10,10000
5152,10,5000
5153,10,5000
5154,10,20000
5155,10,5000
5156,10,50000
5157,10,20000
5158,10,50000
5159,10,0
5160,10,0
5161,10,5000
5162,10,0
5163,10,10000
5164,10,30000
5165,10,30000
5166,10,40000
5167,10,20000
5168,10,20000
5169,10,30000
5170,10,0
5171,10,0
5172,10,0
5173,10,20000
5174,10,0
5175,10,30000
5176,10,5000
5177,10,30000
5178,10,20000
5179,10,0
5180,10,0
5181,10,10000
5182,10,0
5183,10,50000
5184,10,0
5185,10,0
5186,10,40000
5187,10,10000
5188,10,0
5189,10,10000
5190,10,0
5191,10,50000
5192,10,20000
5193,10,0
5194,10,5000
5195,10,20000
5196,10,10000
5197,10,40000
5198,10,50000
5199,10,0
5200,10,10000
5201,10,10000
5202,10,40000
5203,10,40000
5204,10,40000
5205,10,50000
5206,10,30000
5207,10,20000
5208,10,50000
5209,10,50000
5210,10,10000
5211,10,10000
5212,10,0
5213,10,20000
5214,10,50000
5215,10,20000
5216,10,0
5217,10,10000
5218,10,5000
5219,10,20000
5220,10,50000
5221,10,10000
5222,10,50000
5223,10,5000
5224,10,50000
5225,10,50000
5226,10,50000
5227,10,0
5228,10,50000
5229,10,50000
5230,10,0
5231,10,0
5232,10,10000
5233,10,50000
5234,10,30000
5235,10,5000
5236,10,50000
5237,10,20000
5238,10,5000
5239,10,50000
5240,10,5000
5241,10,20000
5242,10,0
5243,10,20000
5244,10,50000
5245,10,30000
5246,10,10000
5247,10,30000
5248,10,20000
5249,10,20000
5250,10,0
5251,10,40000
5252,10,5000
5253,10,0
5254,10,20000
5255,10,10000
5256,10,5000
5257,10,0
5258,10,0
5259,10,0
5260,10,0
5261,10,30000
5262,10,20000
5263,10,0
5264,10,0
5265,10,50000
5266,10,0
5267,10,50000
5268,10,30000
5269,10,5000
5270,10,5000
5271,10,20000
5272,10,5000
5273,10,40000
5274,10,50000
5275,10,20000
5276,10,50000
5277,10,10000
5278,10,0
5279,10,0
5280,10,50000
5281,10,30000
5282,10,40000
5283,10,0
5284,10,0
5285,10,0
5286,10,50000
5287,10,0
5288,10,0
5289,10,10000
5290,10,0
5291,10,30000
5292,10,30000
5293,10,10000
5294,10,30000
5295,10,50000
5296,10,40000
5297,10,0
5298,10,0
5299,10,50000
5300,10,30000
5301,10,5000
5302,10,50000
5303,10,0
5304,10,20000
5305,10,30000
5306,10,40000
5307,10,20000
5308,10,5000
5309,10,0
5310,10,30000
5311,10,0
5312,10,50000
5313,10,0
5314,10,5000
5315,10,10000
5316,10,30000
5317,10,50000
5318,10,0
5319,10,40000
5320,10,40000
5321,10,20000
5322,10,20000
5323,10,30000
5324,10,50000
5325,10,5000
5326,10,10000
5327,10,30000
5328,10,0
5329,10,30000
5330,10,50000
5331,10,0
5332,10,30000
5333,10,0
5334,10,0
5335,10,40000
5336,10,40000
5337,10,0
5338,10,30000
5339,10,0
5340,10,20000
5341,10,0
5342,10,0
5343,10,40000
5344,10,10000
5345,10,50000
5346,10,30000
5347,10,5000
5348,10,40000
5349,10,0
5350,10,30000
5351,10,5000
5352,10,0
5353,10,0
5354,10,5000
5355,10,0
5356,10,50000
5357,10,20000
5358,10,20000
5359,10,40000
5360,10,0
5361,10,10000
5362,10,30000
5363,10,30000
5364,10,50000
5365,10,30000
5366,10,0
5367,10,10000
5368,10,30000
5369,10,40000
5370,10,50000
5371,10,10000
5372,10,20000
5373,10,50000
5374,10,10000
5375,10,50000
5376,10,10000
5377,10,50000
5378,10,50000
5379,10,50000
5380,10,5000
5381,10,5000
5382,10,0
5383,10,0
5384,10,40000
5385,10,30000
5386,10,20000
5387,10,20000
5388,10,40000
5389,10,20000
5390,10,5000
5391,10,30000
5392,10,5000
5393,10,50000
5394,10,30000
5395,10,20000
5396,10,0
5397,10,10
5398,10,20000
5399,10,20000
5400,10,5000
5401,10,10000
5402,10,30000
5403,10,20000
5404,10,30000
5405,10,20000
5406,10,5000
5407,10,0
5408,10,5000
5409,10,20000
5410,10,0
5411,10,10000
5412,10,20000
5413,10,30000
5414,10,30000
5415,10,0
5416,10,50000
5417,10,0
5418,10,0
5419,10,0
5420,10,0
5421,10,5000
5422,10,0
5423,10,10000
5424,10,0
5425,10,20000
5426,10,0
5427,10,10000
5428,10,0
5429,10,20000
5430,10,0
5431,10,0
5432,10,0
5433,10,30000
5434,10,10000
5435,10,0
5436,10,0
5437,10,50000
5438,10,20000
5439,10,10000
5440,10,5000
5441,10,0
5442,10,0
5443,10,5000
5444,10,0
5445,10,50000
5446,10,40000
5447,10,0
5448,10,5000
5449,10,20000
5450,10,30000
5451,10,40000
5452,10,30000
5453,10,20000
5454,10,10000
5455,10,50000
5456,10,0
5457,10,10000
5458,10,20000
5459,10,20000
5460,10,5000
5461,10,0
5462,10,0
5463,10,0
5464,10,5000
5465,10,30000
5466,10,40000
5467,10,40000
5468,10,20000
5469,10,50000
5470,10,20000
5471,10,0
5472,10,0
5473,10,0
5474,10,50000
5475,10,0
5476,10,0
5477,10,10000
5478,10,0
5479,10,50000
5480,10,0
5481,10,0
5482,10,0
5483,10,0
5484,10,30000
5485,10,0
5486,10,5000
5487,10,40000
5488,10,50000
5489,10,5000
5490,10,50000
5491,10,30000
5492,10,20000
5493,10,30000
5494,10,0
5495,10,5000
5496,10,10000
5497,10,30000
5498,10,0
5499,10,30000
5500,10,20000
5501,10,0
5502,10,10000
5503,10,5000
5504,10,40000
5505,10,20000
5506,10,10000
5507,10,0
5508,10,0
5509,10,5000
5510,10,50000
5511,10,5000
5512,10,50000
5513,10,30000
5514,10,5000
5515,10,0
5516,10,20000
5517,10,0
5518,10,10000
5519,10,0
5520,10,5000
5521,10,50000
5522,10,0
5523,10,30000
5524,10,0
5525,10,5000
5526,10,5000
5527,10,0
5528,10,0
5529,10,0
5530,10,30000
5531,10,40000
5532,10,10000
5533,10,50000
5534,10,50000
5535,10,30000
5536,10,20000
5537,10,0
5538,10,5000
5539,10,5000
5540,10,30000
5541,10,0
5542,10,5000
5543,10,10000
5544,10,0
5545,10,0
5546,10,20000
5547,10,30000
5548,10,0
5549,10,50000
5550,10,50000
5551,10,50000
5552,10,30000
5553,10,40000
5554,10,50000
5555,10,10000
5556,10,20000
5557,10,0
5558,10,50000
5559,10,20000
5560,10,10000
5561,10,0
5562,10,20000
5563,10,50000
5564,10,0
5565,10,5000
5566,10,40000
5567,10,0
5568,10,30000
5569,10,30000
5570,10,30000
5571,10,0
5572,10,40000
5573,10,50000
5574,10,20000
5575,10,10000
5576,10,50000
5577,10,10000
5578,10,30000
5579,10,0
5580,10,30000
5581,10,20000
5582,10,20000
5583,10,50000
5584,10,40000
5585,10,30000
5586,10,20000
5587,10,50000
5588,10,0
5589,10,0
5590,10,10000
5591,10,20000
5592,10,0
5593,10,40000
5594,10,50000
5595,10,0
5596,10,30000
5597,10,50000
5598,10,10000
5599,10,0
5600,10,20000
5601,10,5000
5602,10,50000
5603,10,20000
5604,10,0
5605,10,0
5606,10,5000
5607,10,10000
5608,10,0
5609,10,30000
5610,10,0
5611,10,5000
5612,10,5000
5613,10,20000
5614,10,50000
5615,10,5000
5616,10,20000
5617,10,50000
5618,10,0
5619,10,10000
5620,10,5000
5621,10,20000
5622,10,5000
5623,10,10000
5624,10,5000
5625,10,0
5626,10,5000
5627,10,20000
5628,10,40000
5629,10,40000
5630,10,10
5631,10,30000
5632,10,20000
5633,10,50000
5634,10,5000
5635,10,30000
5636,10,20000
5637,10,0
5638,10,20000
5639,10,40000
5640,10,0
5641,10,10000
5642,10,40000
5643,10,0
5644,10,5000
5645,10,20000
5646,10,10000
5647,10,0
5648,10,5000
5649,10,0
5650,10,20000
5651,10,0
5652,10,20000
5653,10,50000
5654,10,10000
5655,10,0
5656,10,0
5657,10,5000
5658,10,30000
5659,10,10000
5660,10,20000
5661,10,50000
5662,10,40000
5663,10,0
5664,10,50000
5665,10,30000
5666,10,30000
5667,10,30000
5668,10,20000
5669,10,0
5670,10,50000
5671,10,0
5672,10,40000
5673,10,5000
5674,10,10000
5675,10,20000
5676,10,40000
5677,10,20000
5678,10,40000
5679,10,40000
5680,10,20000
5681,10,5000
5682,10,20000
5683,10,30000
5684,10,0
5685,10,0
5686,10,40000
5687,10,10000
5688,10,20000
5689,10,0
5690,10,30000
5691,10,30000
5692,10,5000
5693,10,0
5694,10,30000
5695,10,20000
5696,10,5000
5697,10,50000
5698,10,20000
5699,10,0
5700,10,50000
5701,10,10000
5702,10,40000
5703,10,50000
5704,10,5000
5705,10,30000
5706,10,5000
5707,10,10000
5708,10,0
5709,10,0
5710,10,50000
5711,10,0
5712,10,5000
5713,10,5000
5714,10,20000
5715,10,40000
5716,10,30000
5717,10,30000
5718,10,20000
5719,10,40000
5720,10,30000
5721,10,0
5722,10,40000
5723,10,20000
5724,10,0
5725,10,0
5726,10,20000
5727,10,10000
5728,10,30000
5729,10,10000
5730,10,30000
5731,10,50000
5732,10,30000
5733,10,30000
5734,10,40000
5735,10,0
5736,10,50000
5737,10,0
5738,10,50000
5739,10,10000
5740,10,50000
5741,10,20000
5742,10,50000
5743,10,40000
5744,10,30000
5745,10,50000
5746,10,5000
5747,10,5000
5748,10,0
5749,10,30000
5750,10,0
5751,10,20000
5752,10,20000
5753,10,20000
5754,10,30000
5755,10,50000
5756,10,20000
5757,10,30000
5758,10,0
5759,10,10
5760,10,10000
5761,10,20000
5762,10,0
5763,10,10000
5764,10,30000
5765,10,0
5766,10,40000
5767,10,30000
5768,10,30000
5769,10,40000
5770,10,40000
5771,10,50000
5772,10,0
5773,10,5000
5774,10,10000
5775,10,30000
5776,10,20000
5777,10,0
5778,10,0
5779,10,20000
5780,10,10000
5781,10,40000
5782,10,30000
5783,10,30000
5784,10,20000
5785,10,0
5786,10,0
5787,10,10000
5788,10,50000
5789,10,5000
5790,10,5000
5791,10,20000
5792,10,40000
5793,10,0
5794,10,5000
5795,10,5000
5796,10,0
5797,10,50000
5798,10,0
5799,10,50000
5800,10,30000
5801,10,30000
5802,10,5000
5803,10,20000
5804,10,30000
5805,10,20000
5806,10,0
5807,10,20000
5808,10,30000
5809,10,5000
5810,10,0
5811,10,10000
5812,10,10000
5813,10,5000
5814,10,10000
5815,10,0
5816,10,5000
5817,10,10000
5818,10,20000
5819,10,5000
5820,10,10000
5821,10,30000
5822,10,10000
5823,10,0
5824,10,20000
5825,10,10000
5826,10,10000
5827,10,0
5828,10,20000
5829,10,20000
5830,10,0
5831,10,30000
5832,10,5000
5833,10,10000
5834,10,0
5835,10,0
5836,10,10000
5837,10,20000
5838,10,30000
5839,10,0
5840,10,30000
5841,10,30000
5842,10,10000
5843,10,10000
5844,10,0
5845,10,0
5846,10,50000
5847,10,5000
5848,10,30000
5849,10,30000
5850,10,20000
5851,10,0
5852,10,30000
5853,10,20000
5854,10,0
5855,10,20000
5856,10,0
5857,10,30000
5858,10,5000
5859,10,40000
5860,10,5000
5861,10,30000
5862,10,30000
5863,10,30000
5864,10,0
5865,10,20000
5866,10,0
5867,10,0
5868,10,5000
5869,10,0
5870,10,10000
5871,10,0
5872,10,0
5873,10,0
5874,10,30000
5875,10,0
5876,10,30000
5877,10,30000
5878,10,30000
5879,10,10000
5880,10,10000
5881,10,0
5882,10,0
5883,10,10000
5884,10,30000
5885,10,30000
5886,10,10000
5887,10,0
5888,10,20000
5889,10,10
5890,10,30000
5891,10,0
5892,10,20000
5893,10,40000
5894,10,0
5895,10,20000
5896,10,20000
5897,10,50000
5898,10,30000
5899,10,20000
5900,10,0
5901,10,10000
5902,10,40000
5903,10,40000
5904,10,30000
5905,10,20000
5906,10,20000
5907,10,0
5908,10,0
5909,10,5000
5910,10,20000
5911,10,20000
5912,10,30000
5913,10,50000
5914,10,0
5915,10,0
5916,10,40000
5917,10,0
5918,10,20000
5919,10,10000
5920,10,20000
5921,10,10000
5922,10,20000
5923,10,20000
5924,10,0
5925,10,5000
5926,10,0
5927,10,20000
5928,10,0
5929,10,30000
5930,10,0
5931,10,30000
5932,10,30000
5933,10,0
5934,10,0
5935,10,0
5936,10,0
5937,10,0
5938,10,40000
5939,10,50000
5940,10,0
5941,10,10000
5942,10,40000
5943,10,5000
5944,10,0
5945,10,50000
5946,10,5000
5947,10,20000
5948,10,40000
5949,10,5000
5950,10,50000
5951,10,50000
5952,10,20000
5953,10,0
5954,10,0
5955,10,50000
5956,10,50000
5957,10,50000
5958,10,30000
5959,10,0
5960,10,50000
5961,10,0
5962,10,50000
5963,10,40000
5964,10,10000
5965,10,0
5966,10,10000
5967,10,30000
5968,10,20000
5969,10,10000
5970,10,10000
5971,10,40000
5972,10,30000
5973,10,20000
5974,10,30000
5975,10,0
5976,10,30000
5977,10,50000
5978,10,5000
5979,10,50000
5980,10,0
5981,10,40000
5982,10,20000
5983,10,5000
5984,10,0
5985,10,5000
5986,10,5000
5987,10,30000
5988,10,40000
5989,10,5000
5990,10,20000
5991,10,0
5992,10,10000
5993,10,20000
5994,10,20000
5995,10,20000
5996,10,0
5997,10,50000
5998,10,20000
5999,10,0
6000,10,50000
6001,10,0
6002,10,5000
6003,10,10000
6004,10,5000
6005,10,0
6006,10,5000
6007,10,5000
6008,10,5000
6009,10,0
6010,10,5000
6011,10,0
6012,10,20000
6013,10,10000
6014,10,20000
6015,10,10000
6016,10,0
6017,10,0
6018,10,50000
6019,10,30000
6020,10,50000
6021,10,10000
6022,10,40000
6023,10,50000
6024,10,20000
6025,10,30000
6026,10,50000
6027,10,5000
6028,10,20000
6029,10,10000
6030,10,0
6031,10,10000
6032,10,20000
6033,10,10000
6034,10,20000
6035,10,20000
6036,10,5000
6037,10,30000
6038,10,20000
6039,10,50000
6040,10,0
6041,10,50000
6042,10,0
6043,10,30000
6044,10,0
6045,10,0
6046,10,40000
6047,10,10000
6048,10,30000
6049,10,40000
6050,10,0
6051,10,0
6052,10,20000
6053,10,0
6054,10,0
6055,10,30000
6056,10,5000
6057,10,30000
6058,10,5000
6059,10,20000
6060,10,0
6061,10,20000
6062,10,10000
6063,10,30000
6064,10,5000
6065,10,10000
6066,10,0
6067,10,50000
6068,10,20000
6069,10,20000
6070,10,50000
6071,10,0
6072,10,0
6073,10,20000
6074,10,40000
6075,10,0
6076,10,40000
6077,10,20000
6078,10,40000
6079,10,50000
6080,10,20000
6081,10,30000
6082,10,10000
6083,10,0
6084,10,30000
6085,10,0
6086,10,10000
6087,10,10000
6088,10,5000
6089,10,30000
6090,10,20000
6091,10,50000
6092,10,30000
6093,10,30000
6094,10,5000
6095,10,30000
6096,10,0
6097,10,10000
6098,10,20000
6099,10,0
6100,10,50000
6101,10,10000
6102,10,30000
6103,10,40000
6104,10,5000
6105,10,5000
6106,10,5000
6107,10,50000
6108,10,0
6109,10,50000
6110,10,10000
6111,10,30000
6112,10,50000
6113,10,20000
6114,10,20000
6115,10,30000
6116,10,20000
6117,10,0
6118,10,40000
6119,10,50000
6120,10,30000
6121,10,10000
6122,10,50000
6123,10,0
6124,10,0
6125,10,50000
6126,10,5000
6127,10,20000
6128,10,20000
6129,10,30000
6130,10,0
6131,10,0
6132,10,30000
6133,10,20000
6134,10,40000
6135,10,20000
6136,10,30000
6137,10,20000
6138,10,0
6139,10,5000
6140,10,40000
6141,10,5000
6142,10,30000
6143,10,0
6144,10,20000
6145,10,10000
6146,10,20000
6147,10,20000
6148,10,0
6149,10,0
6150,10,30000
6151,10,30000
6152,10,20000
6153,10,40000
6154,10,20000
6155,10,20000
6156,10,0
6157,10,0
6158,10,0
6159,10,5000
6160,10,0
6161,10,50000
6162,10,30000
6163,10,0
6164,10,50000
6165,10,0
6166,10,10000
6167,10,0
6168,10,30000
6169,10,20000
6170,10,50000
6171,10,0
6172,10,40000
6173,10,50000
6174,10,50000
6175,10,20000
6176,10,5000
6177,10,0
6178,10,0
6179,10,40000
6180,10,20000
6181,10,50000
6182,10,40000
6183,10,40000
6184,10,50000
6185,10,0
6186,10,20000
6187,10,30000
6188,10,0
6189,10,5000
6190,10,20000
6191,10,0
6192,10,5000
6193,10,50000
6194,10,0
6195,10,0
6196,10,0
6197,10,0
6198,10,0
6199,10,0
6200,10,5000
6201,10,50000
6202,10,50000
6203,10,20000
6204,10,20000
6205,10,10000
6206,10,5000
6207,10,0
6208,10,20000
6209,10,20000
6210,10,50000
6211,10,0
6212,10,0
6213,10,50000
6214,10,5000
6215,10,30000
6216,10,50000
6217,10,30000
6218,10,0
6219,10,40000
6220,10,30000
6221,10,40000
6222,10,40000
6223,10,50000
6224,10,0
6225,10,40000
6226,10,50000
6227,10,0
6228,10,0
6229,10,20000
6230,10,0
6231,10,20000
6232,10,50000
6233,10,20000
6234,10,20000
6235,10,0
6236,10,40000
6237,10,10000
6238,10,0
6239,10,50000
6240,10,0
6241,10,0
6242,10,30000
6243,10,10000
6244,10,0
6245,10,30000
6246,10,0
6247,10,40000
6248,10,50000
6249,10,40000
6250,10,30000
6251,10,0
6252,10,0
6253,10,0
6254,10,5000
6255,10,30000
6256,10,0
6257,10,0
6258,10,40000
6259,10,50000
6260,10,20000
6261,10,5000
6262,10,0
6263,10,40000
6264,10,5000
6265,10,10000
6266,10,20000
6267,10,10000
6268,10,30000
6269,10,40000
6270,10,5000
6271,10,40000
6272,10,0
6273,10,0
6274,10,10000
6275,10,0
6276,10,50000
6277,10,30000
6278,10,0
6279,10,40000
6280,10,10000
6281,10,10000
6282,10,50000
6283,10,40000
6284,10,0
6285,10,10000
6286,10,0
6287,10,20000
6288,10,20000
6289,10,0
6290,10,30000
6291,10,30000
6292,10,30000
6293,10,50000
6294,10,5000
6295,10,0
6296,10,40000
6297,10,0
6298,10,50000
6299,10,5000
6300,10,50000
6301,10,0
6302,10,0
6303,10,10000
6304,10,0
6305,10,40000
6306,10,0
6307,10,10000
6308,10,20000
6309,10,30000
6310,10,0
6311,10,50000
6312,10,50000
6313,10,5000
6314,10,40000
6315,10,5000
6316,10,20000
6317,10,10000
6318,10,0
6319,10,30000
6320,10,20000
6321,10,30000
6322,10,50000
6323,10,5000
6324,10,10000
6325,10,40000
6326,10,0
6327,10,20000
6328,10,5000
6329,10,50000
6330,10,0
6331,10,5000
6332,10,30000
6333,10,5000
6334,10,50000
6335,10,0
6336,10,0
6337,10,40000
6338,10,20000
6339,10,0
6340,10,30000
6341,10,20000
6342,10,0
6343,10,50000
6344,10,0
6345,10,0
6346,10,40000
6347,10,30000
6348,10,20000
6349,10,20000
6350,10,50000
6351,10,30000
6352,10,0
6353,10,40000
6354,10,30000
6355,10,0
6356,10,50000
6357,10,50000
6358,10,5000
6359,10,50000
6360,10,30000
6361,10,50000
6362,10,40000
6363,10,0
6364,10,20000
6365,10,0
6366,10,50000
6367,10,20000
6368,10,20000
6369,10,20000
6370,10,0
6371,10,40000
6372,10,20000
6373,10,20000
6374,10,10000
6375,10,0
6376,10,0
6377,10,50000
6378,10,20000
6379,10,50000
6380,10,30000
6381,10,40000
6382,10,10000
6383,10,0
6384,10,0
6385,10,40000
6386,10,5000
6387,10,20000
6388,10,0
6389,10,20000
6390,10,20000
6391,10,20000
6392,10,0
6393,10,20000
6394,10,10000
6395,10,50000
6396,10,40000
6397,10,20000
6398,10,0
6399,10,50000
6400,10,30000
6401,10,0
6402,10,30000
6403,10,30000
6404,10,0
6405,10,30000
6406,10,20000
6407,10,0
6408,10,50000
6409,10,20000
6410,10,5000
6411,10,0
6412,10,0
6413,10,20000
6414,10,40000
6415,10,40000
6416,10,50000
6417,10,0
6418,10,20000
6419,10,10000
6420,10,0
6421,10,50000
6422,10,0
6423,10,20000
6424,10,0
6425,10,0
6426,10,10000
6427,10,30000
6428,10,10000
6429,10,5000
6430,10,0
6431,10,0
6432,10,30000
6433,10,20000
6434,10,50000
6435,10,10000
6436,10,0
6437,10,10
6438,10,20000
6439,10,10000
6440,10,50000
6441,10,10000
6442,10,40000
6443,10,50000
6444,10,0
6445,10,40000
6446,10,30000
6447,10,0
6448,10,0
6449,10,10000
6450,10,0
6451,10,30000
6452,10,10000
6453,10,40000
6454,10,0
6455,10,20000
6456,10,30000
6457,10,20000
6458,10,5000
6459,10,0
6460,10,5000
6461,10,10000
6462,10,0
6463,10,0
6464,10,40000
6465,10,50000
6466,10,0
6467,10,20000
6468,10,30000
6469,10,20000
6470,10,0
6471,10,10000
6472,10,20000
6473,10,10000
6474,10,30000
6475,10,40000
6476,10,0
6477,10,5000
6478,10,50000
6479,10,10000
6480,10,40000
6481,10,0
6482,10,40000
6483,10,30000
6484,10,0
6485,10,5000
6486,10,5000
6487,10,20000
6488,10,10000
6489,10,20000
6490,10,10000
6491,10,0
6492,10,0
6493,10,0
6494,10,0
6495,10,0
6496,10,10000
6497,10,50000
6498,10,0
6499,10,30000
6500,10,30000
6501,10,20000
6502,10,0
6503,10,30000
6504,10,30000
6505,10,0
6506,10,0
6507,10,30000
6508,10,20000
6509,10,10000
6510,10,40000
6511,10,0
6512,10,20000
6513,10,30000
6514,10,20000
6515,10,0
6516,10,30000
6517,10,20000
6518,10,5000
6519,10,20000
6520,10,30000
6521,10,0
6522,10,40000
6523,10,50000
6524,10,0
6525,10,5000
6526,10,20000
6527,10,20000
6528,10,5000
6529,10,10000
6530,10,40000
6531,10,30000
6532,10,50000
6533,10,0
6534,10,10000
6535,10,0
6536,10,30000
6537,10,0
6538,10,0
6539,10,20000
6540,10,0
6541,10,40000
6542,10,0
6543,10,20000
6544,10,40000
6545,10,50000
6546,10,40000
6547,10,30000
6548,10,0
6549,10,50000
6550,10,50000
6551,10,50000
6552,10,0
6553,10,10000
6554,10,20000
6555,10,30000
6556,10,30000
6557,10,0
6558,10,50000
6559,10,0
6560,10,30000
6561,10,0
6562,10,30000
6563,10,50000
6564,10,10000
6565,10,40000
6566,10,0
6567,10,20000
6568,10,0
6569,10,30000
6570,10,20000
6571,10,30000
6572,10,40000
6573,10,0
6574,10,0
6575,10,0
6576,10,0
6577,10,0
6578,10,40000
6579,10,30000
6580,10,40000
6581,10,0
6582,10,30000
6583,10,40000
6584,10,30000
6585,10,20000
6586,10,20000
6587,10,5000
6588,10,50000
6589,10,50000
6590,10,0
6591,10,40000
6592,10,30000
6593,10,20000
6594,10,5000
6595,10,50000
6596,10,20000
6597,10,50000
6598,10,10000
6599,10,0
6600,10,30000
6601,10,40000
6602,10,0
6603,10,30000
6604,10,30000
6605,10,0
6606,10,0
6607,10,0
6608,10,20000
6609,10,10000
6610,10,0
6611,10,0
6612,10,20000
6613,10,10000
6614,10,0
6615,10,5000
6616,10,30000
6617,10,30000
6618,10,30000
6619,10,50000
6620,10,0
6621,10,20000
6622,10,30000
6623,10,0
6624,10,20000
6625,10,0
6626,10,5000
6627,10,20000
6628,10,20000
6629,10,5000
6630,10,10000
6631,10,30000
6632,10,0
6633,10,30000
6634,10,10000
6635,10,50000
6636,10,5000
6637,10,20000
6638,10,30000
6639,10,20000
6640,10,5000
6641,10,0
6642,10,5000
6643,10,0
6644,10,5000
6645,10,30000
6646,10,50000
6647,10,30000
6648,10,30000
6649,10,0
6650,10,0
6651,10,0
6652,10,20000
6653,10,0
6654,10,5000
6655,10,0
6656,10,20000
6657,10,10000
6658,10,30000
6659,10,0
6660,10,50000
6661,10,40000
6662,10,40000
6663,10,20000
6664,10,0
6665,10,50000
6666,10,20000
6667,10,5000
6668,10,40000
6669,10,40000
6670,10,0
6671,10,0
6672,10,10
6673,10,50000
6674,10,10000
6675,10,5000
6676,10,0
6677,10,30000
6678,10,0
6679,10,30000
6680,10,0
6681,10,10000
6682,10,0
6683,10,30000
6684,10,0
6685,10,20000
6686,10,20000
6687,10,0
6688,10,5000
6689,10,50000
6690,10,0
6691,10,50000
6692,10,20000
6693,10,0
6694,10,5000
6695,10,10000
6696,10,20000
6697,10,30000
6698,10,20000
6699,10,20000
6700,10,40000
6701,10,20000
6702,10,5000
6703,10,20000
6704,10,0
6705,10,30000
6706,10,0
6707,10,5000
6708,10,5000
6709,10,0
6710,10,40000
6711,10,0
6712,10,0
6713,10,0
6714,10,5000
6715,10,5000
6716,10,40000
6717,10,30000
6718,10,0
6719,10,0
6720,10,30000
6721,10,5000
6722,10,0
6723,10,0
6724,10,50000
6725,10,0
6726,10,10000
6727,10,0
6728,10,5000
6729,10,0
6730,10,50000
6731,10,5000
6732,10,0
6733,10,30000
6734,10,30000
6735,10,0
6736,10,50000
6737,10,0
6738,10,10000
6739,10,30000
6740,10,0
6741,10,20000
6742,10,0
6743,10,0
6744,10,5000
6745,10,0
6746,10,50000
6747,10,0
6748,10,5000
6749,10,10000
6750,10,30000
6751,10,50000
6752,10,30000
6753,10,30000
6754,10,10000
6755,10,50000
6756,10,30000
6757,10,40000
6758,10,20000
6759,10,30000
6760,10,0
6761,10,10000
6762,10,10000
6763,10,30000
6764,10,5000
6765,10,20000
6766,10,0
6767,10,0
6768,10,50000
6769,10,30000
6770,10,30000
6771,10,20000
6772,10,0
6773,10,20000
6774,10,20000
6775,10,30000
6776,10,20000
6777,10,5000
6778,10,5000
6779,10,0
6780,10,20000
6781,10,0
6782,10,0
6783,10,50000
6784,10,0
6785,10,0
6786,10,50000
6787,10,10000
6788,10,0
6789,10,10000
6790,10,0
6791,10,0
6792,10,20000
6793,10,0
6794,10,10000
6795,10,30000
6796,10,0
6797,10,30000
6798,10,0
6799,10,20000
6800,10,10000
6801,10,0
6802,10,0
6803,10,0
6804,10,30000
6805,10,50000
6806,10,50000
6807,10,20000
6808,10,10000
6809,10,0
6810,10,10000
6811,10,30000
6812,10,50000
6813,10,30000
6814,10,50000
6815,10,20000
6816,10,5000
6817,10,20000
6818,10,20000
6819,10,30000
6820,10,10000
6821,10,0
6822,10,0
6823,10,30000
6824,10,0
6825,10,30000
6826,10,20000
6827,10,40000
6828,10,5000
6829,10,5000
6830,10,30000
6831,10,0
6832,10,50000
6833,10,0
6834,10,5000
6835,10,5000
6836,10,0
6837,10,10
6838,10,0
6839,10,0
6840,10,0
6841,10,40000
6842,10,20000
6843,10,10000
6844,10,30000
6845,10,20000
6846,10,10
6847,10,20000
6848,10,5000
6849,10,5000
6850,10,10000
6851,10,20000
6852,10,30000
6853,10,20000
6854,10,5000
6855,10,40000
6856,10,5000
6857,10,30000
6858,10,5000
6859,10,0
6860,10,5000
6861,10,10000
6862,10,30000
6863,10,10000
6864,10,0
6865,10,50000
6866,10,40000
6867,10,0
6868,10,0
6869,10,5000
6870,10,10000
6871,10,10000
6872,10,10000
6873,10,0
6874,10,10
6875,10,50000
6876,10,0
6877,10,40000
6878,10,20000
6879,10,0
6880,10,30000
6881,10,40000
6882,10,0
6883,10,30000
6884,10,40000
6885,10,20000
6886,10,40000
6887,10,50000
6888,10,0
6889,10,20000
6890,10,20000
6891,10,0
6892,10,10000
6893,10,0
6894,10,50000
6895,10,40000
6896,10,30000
6897,10,20000
6898,10,40000
6899,10,10000
6900,10,0
6901,10,0
6902,10,50000
6903,10,50000
6904,10,50000
6905,10,0
6906,10,0
6907,10,5000
6908,10,50000
6909,10,0
6910,10,0
6911,10,20000
6912,10,30000
6913,10,20000
6914,10,0
6915,10,20000
6916,10,50000
6917,10,50000
6918,10,0
6919,10,50000
6920,10,10000
6921,10,30000
6922,10,30000
6923,10,40000
6924,10,0
6925,10,20000
6926,10,40000
6927,10,30000
6928,10,30000
6929,10,30000
6930,10,30000
6931,10,10000
6932,10,20000
6933,10,40000
6934,10,50000
6935,10,30000
6936,10,0
6937,10,10000
6938,10,30000
6939,10,20000
6940,10,10000
6941,10,0
6942,10,20000
6943,10,30000
6944,10,0
6945,10,0
6946,10,5000
6947,10,30000
6948,10,0
6949,10,30000
6950,10,0
6951,10,10000
6952,10,50000
6953,10,0
6954,10,10000
6955,10,40000
6956,10,20000
6957,10,10000
6958,10,20000
6959,10,0
6960,10,30000
6961,10,40000
6962,10,30000
6963,10,10000
6964,10,0
6965,10,5000
6966,10,0
6967,10,5000
6968,10,5000
6969,10,30000
6970,10,0
6971,10,40000
6972,10,0
6973,10,30000
6974,10,20000
6975,10,0
6976,10,50000
6977,10,0
6978,10,30000
6979,10,5000
6980,10,20000
6981,10,20000
6982,10,40000
6983,10,30000
6984,10,10000
6985,10,10000
6986,10,30000
6987,10,20000
6988,10,40000
6989,10,5000
6990,10,30000
6991,10,50000
6992,10,5000
6993,10,10000
6994,10,30000
6995,10,0
6996,10,0
6997,10,20000
6998,10,10000
6999,10,30000
7000,10,40000
7001,10,50000
7002,10,5000
7003,10,0
7004,10,30000
7005,10,20000
7006,10,50000
7007,10,40000
7008,10,0
7009,10,0
7010,10,0
7011,10,10000
7012,10,0
7013,10,10000
7014,10,40000
7015,10,50000
7016,10,20000
7017,10,10000
7018,10,0
7019,10,0
7020,10,5000
7021,10,5000
7022,10,0
7023,10,5000
7024,10,50000
7025,10,40000
7026,10,50000
7027,10,10000
7028,10,40000
7029,10,5000
7030,10,0
7031,10,20000
7032,10,0
7033,10,20000
7034,10,0
7035,10,10000
7036,10,5000
7037,10,20000
7038,10,0
7039,10,30000
7040,10,10000
7041,10,0
7042,10,5000
7043,10,50000
7044,10,40000
7045,10,20000
7046,10,20000
7047,10,50000
7048,10,10000
7049,10,30000
7050,10,0
7051,10,30000
7052,10,40000
7053,10,5000
7054,10,5000
7055,10,50000
7056,10,40000
7057,10,5000
7058,10,30000
7059,10,50000
7060,10,10000
7061,10,10000
7062,10,50000
7063,10,20000
7064,10,50000
7065,10,20000
7066,10,10000
7067,10,20000
7068,10,40000
7069,10,0
7070,10,5000
7071,10,5000
7072,10,20000
7073,10,40000
7074,10,0
7075,10,0
7076,10,0
7077,10,0
7078,10,50000
7079,10,0
7080,10,20000
7081,10,50000
7082,10,5000
7083,10,40000
7084,10,40000
7085,10,20000
7086,10,0
7087,10,20000
7088,10,0
7089,10,20000
7090,10,10000
7091,10,30000
7092,10,5000
7093,10,10000
7094,10,30000
7095,10,0
7096,10,30000
7097,10,30000
7098,10,30000
7099,10,5000
7100,10,0
7101,10,10000
7102,10,30000
7103,10,0
7104,10,10000
7105,10,40000
7106,10,0
7107,10,0
7108,10,5000
7109,10,20000
7110,10,10000
7111,10,20000
7112,10,0
7113,10,0
7114,10,10000
7115,10,40000
7116,10,50000
7117,10,50000
7118,10,20000
7119,10,30000
7120,10,0
7121,10,40000
7122,10,10000
7123,10,50000
7124,10,5000
7125,10,30000
7126,10,0
7127,10,0
7128,10,30000
7129,10,0
7130,10,20000
7131,10,50000
7132,10,50000
7133,10,5000
7134,10,0
7135,10,50000
7136,10,0
7137,10,30000
7138,10,0
7139,10,5000
7140,10,0
7141,10,40000
7142,10,40000
7143,10,40000
7144,10,0
7145,10,5000
7146,10,30000
7147,10,20000
7148,10,40000
7149,10,5000
7150,10,10000
7151,10,20000
7152,10,30000
7153,10,5000
7154,10,0
7155,10,30000
7156,10,5000
7157,10,30000
7158,10,30000
7159,10,30000
7160,10,10000
7161,10,10000
7162,10,30000
7163,10,20000
7164,10,10000
7165,10,0
7166,10,40000
7167,10,30000
7168,10,0
7169,10,0
7170,10,10000
7171,10,50000
7172,10,30000
7173,10,30000
7174,10,5000
7175,10,40000
7176,10,40000
7177,10,20000
7178,10,0
7179,10,40000
7180,10,30000
7181,10,10000
7182,10,30000
7183,10,30000
7184,10,40000
7185,10,20000
7186,10,0
7187,10,10000
7188,10,50000
7189,10,5000
7190,10,5000
7191,10,20000
7192,10,20000
7193,10,50000
7194,10,50000
7195,10,10000
7196,10,50000
7197,10,5000
7198,10,20000
7199,10,0
7200,10,50000
7201,10,30000
7202,10,0
7203,10,10000
7204,10,0
7205,10,0
7206,10,0
7207,10,30000
7208,10,5000
7209,10,20000
7210,10,30000
7211,10,30000
7212,10,50000
7213,10,30000
7214,10,40000
7215,10,30000
7216,10,10000
7217,10,0
7218,10,30000
7219,10,40000
7220,10,40000
7221,10,0
7222,10,5000
7223,10,20000
7224,10,40000
7225,10,20000
7226,10,30000
7227,10,5000
7228,10,0
7229,10,10000
7230,10,0
7231,10,5000
7232,10,50000
7233,10,0
7234,10,50000
7235,10,5000
7236,10,5000
7237,10,50000
7238,10,0
7239,10,40000
7240,10,30000
7241,10,0
7242,10,50000
7243,10,40000
7244,10,0
7245,10,30000
7246,10,20000
7247,10,10000
7248,10,50000
7249,10,10000
7250,10,20000
7251,10,20000
7252,10,5000
7253,10,10000
7254,10,20000
7255,10,10000
7256,10,30000
7257,10,0
7258,10,0
7259,10,30000
7260,10,0
7261,10,20000
7262,10,0
7263,10,10000
7264,10,10000
7265,10,5000
7266,10,20000
7267,10,20000
7268,10,50000
7269,10,40000
7270,10,30000
7271,10,40000
7272,10,30000
7273,10,10000
7274,10,40000
7275,10,10000
7276,10,20000
7277,10,30000
7278,10,30000
7279,10,50000
7280,10,30000
7281,10,30000
7282,10,40000
7283,10,0
7284,10,0
7285,10,0
7286,10,10000
7287,10,20000
7288,10,0
7289,10,50000
7290,10,5000
7291,10,0
7292,10,5000
7293,10,50000
7294,10,0
7295,10,40000
7296,10,30000
7297,10,0
7298,10,20000
7299,10,10000
7300,10,30000
7301,10,10000
7302,10,20000
7303,10,50000
7304,10,40000
7305,10,30000
7306,10,10000
7307,10,0
7308,10,50000
7309,10,20000
7310,10,5000
7311,10,5000
7312,10,5000
7313,10,30000
7314,10,50000
7315,10,0
7316,10,5000
7317,10,20000
7318,10,20000
7319,10,0
7320,10,0
7321,10,0
7322,10,20000
7323,10,20000
7324,10,10000
7325,10,40000
7326,10,5000
7327,10,30000
7328,10,30000
7329,10,40000
7330,10,10000
7331,10,5000
7332,10,10000
7333,10,0
7334,10,0
7335,10,0
7336,10,0
7337,10,50000
7338,10,50000
7339,10,0
7340,10,30000
7341,10,50000
7342,10,0
7343,10,10000
7344,10,0
7345,10,20000
7346,10,5000
7347,10,0
7348,10,0
7349,10,0
7350,10,30000
7351,10,50000
7352,10,40000
7353,10,0
7354,10,10000
7355,10,10
7356,10,0
7357,10,5000
7358,10,30000
7359,10,20000
7360,10,40000
7361,10,50000
7362,10,30000
7363,10,10000
7364,10,0
7365,10,30000
7366,10,0
7367,10,20000
7368,10,30000
7369,10,20000
7370,10,20000
7371,10,20000
7372,10,0
7373,10,20000
7374,10,50000
7375,10,0
7376,10,0
7377,10,30000
7378,10,5000
7379,10,10000
7380,10,0
7381,10,0
7382,10,10000
7383,10,50000
7384,10,40000
7385,10,0
7386,10,0
7387,10,30000
7388,10,20000
7389,10,50000
7390,10,40000
7391,10,20000
7392,10,40000
7393,10,30000
7394,10,10000
7395,10,0
7396,10,40000
7397,11,40000
7398,10,20000
7399,10,20000
7400,10,40000
7401,10,20000
7402,10,5000
7403,10,30000
7404,10,5000
7405,10,10000
7406,10,40000
7407,10,0
7408,10,0
7409,10,20000
7410,10,20000
7411,10,10000
7412,10,5000
7413,10,0
7414,10,20000
7415,10,10000
7416,10,20000
7417,10,30000
7418,10,0
7419,10,20000
7420,10,20000
7421,10,0
7422,10,20000
7423,10,10000
7424,10,40000
7425,10,10000
7426,10,30000
7427,10,0
7428,10,5000
7429,10,5000
7430,10,40000
7431,10,10000
7432,10,30000
7433,10,5000
7434,10,30000
7435,10,0
7436,10,10000
7437,10,0
7438,10,5000
7439,10,5000
7440,10,50000
7441,10,50000
7442,10,0
7443,10,0
7444,10,0
7445,10,0
7446,10,30000
7447,10,40000
7448,10,10000
7449,10,20000
7450,10,30000
7451,10,20000
7452,10,0
7453,10,50000
7454,10,5000
7455,10,10000
7456,10,0
7457,10,5000
7458,10,5000
7459,10,0
7460,10,20000
7461,10,10000
7462,10,0
7463,10,0
7464,10,0
7465,10,0
7466,10,20000
7467,10,0
7468,10,0
7469,10,10000
7470,10,30000
7471,10,0
7472,10,0
7473,10,50000
7474,10,0
7475,10,50000
7476,10,0
7477,10,40000
7478,10,50000
7479,10,50000
7480,10,50000
7481,10,0
7482,10,50000
7483,10,5000
7484,10,0
7485,10,5000
7486,10,30000
7487,10,30000
7488,10,0
7489,10,0
7490,10,50000
7491,10,50000
7492,10,40000
7493,10,0
7494,10,5000
7495,10,40000
7496,10,40000
7497,10,0
7498,10,30000
7499,10,50000
7500,10,0
7501,10,0
7502,10,20000
7503,10,20000
7504,10,40000
7505,10,50000
7506,10,0
7507,10,0
7508,10,0
7509,10,0
7510,10,0
7511,10,50000
7512,10,20000
7513,10,20000
7514,10,20000
7515,10,40000
7516,10,30000
7517,10,50000
7518,10,10000
7519,10,40000
7520,10,0
7521,10,0
7522,10,0
7523,10,40000
7524,10,10000
7525,10,20000
7526,10,20000
7527,10,5000
7528,10,20000
7529,10,0
7530,10,50000
7531,10,20000
7532,10,5000
7533,10,30000
7534,10,5000
7535,10,5000
7536,10,5000
7537,10,50000
7538,10,20000
7539,10,0
7540,10,30000
7541,10,10000
7542,10,30000
7543,10,40000
7544,10,40000
7545,10,20000
7546,10,20000
7547,10,30000
7548,10,0
7549,10,30000
7550,10,10000
7551,10,20000
7552,10,0
7553,10,30000
7554,10,50000
7555,10,30000
7556,10,50000
7557,10,0
7558,10,40000
7559,10,50000
7560,10,0
7561,10,30000
7562,10,40000
7563,10,5000
7564,10,10000
7565,10,0
7566,10,30000
7567,10,0
7568,10,20000
7569,10,50000
7570,10,20000
7571,10,5000
7572,10,40000
7573,10,5000
7574,10,0
7575,10,10000
7576,10,30000
7577,10,5000
7578,10,40000
7579,10,50000
7580,10,30000
7581,10,50000
7582,10,10000
7583,10,5000
7584,10,40000
7585,10,5000
7586,10,10000
7587,10,0
7588,10,5000
7589,10,0
7590,10,30000
7591,10,50000
7592,10,5000
7593,10,5000
7594,10,30000
7595,10,10000
7596,10,5000
7597,10,0
7598,10,40000
7599,10,0
7600,10,5000
7601,10,30000
7602,10,40000
7603,10,0
7604,10,5000
7605,10,0
7606,10,30000
7607,10,30000
7608,10,30000
7609,10,0
7610,10,0
7611,10,20000
7612,10,10000
7613,10,50000
7614,10,0
7615,10,20000
7616,10,30000
7617,10,20000
7618,10,10000
7619,10,10000
7620,10,0
7621,10,30000
7622,10,0
7623,10,5000
7624,10,30000
7625,10,50000
7626,10,30000
7627,10,5000
7628,10,30000
7629,10,40000
7630,10,40000
7631,10,30000
7632,10,0
7633,10,50000
7634,10,0
7635,10,30000
7636,10,0
7637,10,0
7638,10,0
7639,10,50000
7640,10,5000
7641,10,30000
7642,10,50000
7643,10,0
7644,10,30000
7645,10,40000
7646,10,0
7647,10,0
7648,10,0
7649,10,50000
7650,10,5000
7651,10,0
7652,10,20000
7653,10,20000
7654,10,50000
7655,10,30000
7656,10,5000
7657,10,40000
7658,10,30000
7659,10,0
7660,10,40000
7661,10,40000
7662,10,0
7663,10,20000
7664,10,30000
7665,10,0
7666,10,5000
7667,10,0
7668,10,40000
7669,10,20000
7670,10,5000
7671,10,40000
7672,10,20000
7673,10,5000
7674,10,5000
7675,10,10000
7676,10,0
7677,10,40000
7678,10,40000
7679,10,20000
7680,10,5000
7681,10,30000
7682,10,0
7683,10,0
7684,10,10000
7685,10,50000
7686,10,30000
7687,10,10000
7688,10,0
7689,10,0
7690,10,20000
7691,10,50000
7692,10,0
7693,10,40000
7694,10,50000
7695,10,0
7696,10,40000
7697,10,10000
7698,10,10000
7699,10,40000
7700,10,40000
7701,10,30000
7702,10,50000
7703,10,20000
7704,10,40000
7705,10,0
7706,10,0
7707,10,50000
7708,10,5000
7709,10,20000
7710,10,40000
7711,10,10000
7712,10,50000
7713,10,10000
7714,10,10000
7715,10,20000
7716,10,10000
7717,10,0
7718,10,0
7719,10,40000
7720,10,10000
7721,10,0
7722,10,10000
7723,10,30000
7724,10,0
7725,10,0
7726,10,10000
7727,10,30000
7728,10,0
7729,10,40000
7730,10,10000
7731,10,10000
7732,10,10000
7733,10,30000
7734,10,10000
7735,10,40000
7736,10,10000
7737,10,5000
7738,10,50000
7739,10,20000
7740,10,50000
7741,10,20000
7742,10,30000
7743,10,5000
7744,10,20000
7745,10,0
7746,10,5000
7747,10,20000
7748,10,40000
7749,10,0
7750,10,0
7751,10,10000
7752,10,5000
7753,10,50000
7754,10,0
7755,10,0
7756,10,0
7757,10,50000
7758,10,10
7759,10,30000
7760,10,20000
7761,10,40000
7762,10,30000
7763,10,40000
7764,10,50000
7765,10,0
7766,10,50000
7767,10,0
7768,10,10000
7769,10,20000
7770,10,50000
7771,10,20000
7772,10,0
7773,10,30000
7774,10,0
7775,10,40000
7776,10,50000
7777,10,30000
7778,10,30000
7779,10,40000
7780,10,10000
7781,10,0
7782,10,30000
7783,10,50000
7784,10,20000
7785,10,50000
7786,10,40000
7787,10,40000
7788,10,5000
7789,10,50000
7790,10,20000
7791,10,40000
7792,10,10000
7793,10,30000
7794,10,5000
7795,10,0
7796,10,0
7797,10,0
7798,10,20000
7799,10,40000
7800,10,40000
7801,10,0
7802,10,5000
7803,10,50000
7804,10,0
7805,10,20000
7806,10,0
7807,10,0
7808,10,20000
7809,10,20000
7810,10,50000
7811,10,30000
7812,10,50000
7813,10,40000
7814,10,30000
7815,10,30000
7816,10,0
7817,10,30000
7818,10,30000
7819,10,10000
7820,10,50000
7821,10,20000
7822,10,50000
7823,10,30000
7824,10,30000
7825,10,50000
7826,10,20000
7827,10,5000
7828,10,40000
7829,10,0
7830,10,0
7831,10,10000
7832,10,30000
7833,10,5000
7834,10,20000
7835,10,0
7836,10,0
7837,10,30000
7838,10,0
7839,10,10000
7840,10,10000
7841,10,30000
7842,10,50000
7843,10,10000
7844,10,0
7845,10,50000
7846,10,30000
7847,10,50000
7848,10,0
7849,10,0
7850,10,10000
7851,10,30000
7852,10,0
7853,10,40000
7854,10,50000
7855,10,0
7856,10,0
7857,10,10000
7858,10,10000
7859,10,50000
7860,10,20000
7861,10,50000
7862,10,40000
7863,10,50000
7864,10,20000
7865,10,0
7866,10,50000
7867,10,40000
7868,10,5000
7869,10,0
7870,10,20000
7871,10,30000
7872,10,0
7873,10,40000
7874,10,40000
7875,10,5000
7876,10,40000
7877,10,50000
7878,10,10000
7879,10,5000
7880,10,30000
7881,10,40000
7882,10,30000
7883,10,5000
7884,10,10000
7885,10,20000
7886,10,40000
7887,10,20000
7888,10,5000
7889,10,0
7890,10,30000
7891,10,0
7892,10,20000
7893,10,20000
7894,10,40000
7895,10,5000
7896,10,40000
7897,10,0
7898,10,0
7899,10,20000
7900,10,40000
7901,10,30000
7902,10,5000
7903,10,0
7904,10,0
7905,10,0
7906,10,0
7907,10,50000
7908,10,10000
7909,10,10000
7910,10,50000
7911,10,50000
7912,10,0
7913,10,40000
7914,10,30000
7915,10,5000
7916,10,5000
7917,10,30000
7918,10,20000
7919,10,5000
7920,10,30000
7921,10,0
7922,10,50000
7923,10,20000
7924,10,20000
7925,10,40000
7926,10,0
7927,10,40000
7928,10,50000
7929,10,0
7930,10,40000
7931,10,30000
7932,10,30000
7933,10,30000
7934,10,0
7935,10,0
7936,10,50000
7937,10,5000
7938,10,0
7939,10,0
7940,10,30000
7941,10,30000
7942,10,50000
7943,10,30000
7944,10,0
7945,10,0
7946,10,30000
7947,10,10000
7948,10,20000
7949,10,40000
7950,10,50000
7951,10,0
7952,10,40000
7953,10,0
7954,10,5000
7955,10,20000
7956,10,0
7957,10,5000
7958,10,5000
7959,10,40000
7960,10,10000
7961,10,10000
7962,10,20000
7963,10,30000
7964,10,20000
7965,10,10000
7966,10,40000
7967,10,0
7968,10,0
7969,10,0
7970,10,40000
7971,10,20000
7972,10,0
7973,10,20000
7974,10,10000
7975,10,5000
7976,10,20000
7977,10,30000
7978,10,40000
7979,10,30000
7980,10,0
7981,10,50000
7982,10,50000
7983,10,20000
7984,10,0
7985,10,40000
7986,10,10
7987,10,0
7988,10,20000
7989,10,0
7990,10,10000
7991,10,5000
7992,10,5000
7993,10,20000
7994,10,0
7995,10,0
7996,10,5000
7997,10,0
7998,10,30000
7999,10,50000
8000,10,30000
8001,10,30000
8002,10,30000
8003,10,20000
8004,10,5000
8005,10,0
8006,10,5000
8007,10,50000
8008,10,50000
8009,10,0
8010,10,40000
8011,10,20000
8012,10,40000
8013,10,50000
8014,10,5000
8015,10,50000
8016,10,50000
8017,10,0
8018,10,0
8019,10,0
8020,10,40000
8021,10,20000
8022,10,30000
8023,10,50000
8024,10,50000
8025,10,20000
8026,10,40000
8027,10,20000
8028,10,5000
8029,10,50000
8030,10,5000
8031,10,0
8032,10,40000
8033,10,50000
8034,10,50000
8035,10,0
8036,10,10000
8037,10,30000
8038,10,50000
8039,10,0
8040,10,30000
8041,10,0
8042,10,0
8043,10,40000
8044,10,30000
8045,10,0
8046,10,50000
8047,10,0
8048,10,10000
8049,10,30000
8050,10,30000
8051,10,0
8052,10,30000
8053,10,40000
8054,10,40000
8055,10,30000
8056,10,40000
8057,10,0
8058,10,50000
8059,10,20000
8060,10,20000
8061,10,40000
8062,10,30000
8063,10,10000
8064,10,50000
8065,10,0
8066,10,0
8067,10,30000
8068,10,20000
8069,10,20000
8070,10,30000
8071,10,30000
8072,10,50000
8073,10,50000
8074,10,20000
8075,10,10000
8076,10,40000
8077,10,50000
8078,10,40000
8079,10,20000
8080,10,20000
8081,10,10000
8082,10,50000
8083,10,0
8084,10,50000
8085,10,50000
8086,10,20000
8087,10,0
8088,10,30000
8089,10,10000
8090,10,0
8091,10,40000
8092,10,50000
8093,10,20000
8094,10,20000
8095,10,5000
8096,10,30000
8097,10,5000
8098,10,0
8099,10,0
8100,10,0
8101,10,30000
8102,10,50000
8103,10,10000
8104,10,5000
8105,10,20000
8106,10,30000
8107,10,5000
8108,10,10000
8109,10,0
8110,10,50000
8111,10,20000
8112,10,40000
8113,10,0
8114,10,5000
8115,10,20000
8116,10,0
8117,10,0
8118,10,30000
8119,10,40000
8120,10,30000
8121,10,0
8122,10,0
8123,10,0
8124,10,30000
8125,10,20000
8126,10,50000
8127,10,0
8128,10,5000
8129,10,50000
8130,10,30000
8131,10,0
8132,10,50000
8133,10,0
8134,10,0
8135,10,50000
8136,10,40000
8137,10,50000
8138,10,0
8139,10,0
8140,10,0
8141,10,0
8142,10,40000
8143,10,50000
8144,10,40000
8145,10,10000
8146,10,5000
8147,10,50000
8148,10,10000
8149,10,10000
8150,10,40000
8151,10,10000
8152,10,50000
8153,10,50000
8154,10,50000
8155,10,50000
8156,10,20000
8157,10,0
8158,10,20000
8159,10,0
8160,10,0
8161,10,0
8162,10,10000
8163,10,0
8164,10,30000
8165,10,30000
8166,10,30000
8167,10,0
8168,10,0
8169,10,5000
8170,10,30000
8171,10,10000
8172,10,0
8173,10,5000
8174,10,0
8175,10,10000
8176,10,0
8177,10,20000
8178,10,50000
8179,10,40000
8180,10,0
8181,10,10000
8182,10,50000
8183,10,40000
8184,10,30000
8185,10,5000
8186,10,30000
8187,10,0
8188,10,0
8189,10,0
8190,10,0
8191,10,10000
8192,10,20000
8193,10,20000
8194,10,20000
8195,10,30000
8196,10,0
8197,10,20000
8198,10,0
8199,10,0
8200,10,0
8201,10,0
8202,10,50000
8203,10,50000
8204,10,0
8205,10,30000
8206,10,20000
8207,10,5000
8208,10,30000
8209,10,5000
8210,10,30000
8211,10,0
8212,10,0
8213,10,30000
8214,10,40000
8215,10,10000
8216,10,20000
8217,10,50000
8218,10,30000
8219,10,20000
8220,10,20000
8221,10,10000
8222,10,20000
8223,10,0
8224,10,0
8225,10,0
8226,10,20000
8227,10,10000
8228,10,0
8229,10,30000
8230,10,0
8231,10,0
8232,10,5000
8233,10,20000
8234,10,30000
8235,10,30000
8236,10,0
8237,10,0
8238,10,40000
8239,10,0
8240,10,5000
8241,10,40000
8242,10,5000
8243,10,0
8244,10,5000
8245,10,10000
8246,10,30000
8247,10,20000
8248,10,50000
8249,10,40000
8250,10,10000
8251,10,0
8252,10,20000
8253,10,30000
8254,10,5000
8255,10,5000
8256,10,10000
8257,10,20000
8258,10,0
8259,10,30000
8260,10,10000
8261,10,30000
8262,10,50000
8263,10,10000
8264,10,40000
8265,10,10000
8266,10,30000
8267,10,40000
8268,10,0
8269,10,5000
8270,10,0
8271,10,0
8272,10,5000
8273,10,50000
8274,10,40000
8275,10,5000
8276,10,0
8277,10,50000
8278,10,10000
8279,10,5000
8280,10,0
8281,10,50000
8282,10,30000
8283,10,50000
8284,10,40000
8285,10,50000
8286,10,30000
8287,10,40000
8288,10,30000
8289,10,20000
8290,10,5000
8291,10,0
8292,10,20000
8293,10,30000
8294,10,20000
8295,10,20000
8296,10,10000
8297,10,5000
8298,10,0
8299,10,30000
8300,10,40000
8301,10,30000
8302,10,0
8303,10,10
8304,10,0
8305,10,5000
8306,10,0
8307,10,0
8308,10,0
8309,10,0
8310,10,10000
8311,10,20000
8312,10,5000
8313,10,0
8314,10,0
8315,10,50000
8316,10,10000
8317,10,0
8318,10,10000
8319,10,0
8320,10,0
8321,10,30000
8322,10,0
8323,10,5000
8324,10,0
8325,10,30000
8326,10,5000
8327,10,5000
8328,10,0
8329,10,5000
8330,10,20000
8331,10,50000
8332,10,10000
8333,10,40000
8334,10,10000
8335,10,10000
8336,10,20000
8337,10,0
8338,10,50000
8339,10,50000
8340,10,0
8341,10,5000
8342,10,5000
8343,10,0
8344,10,50000
8345,10,0
8346,10,30000
8347,10,0
8348,10,40000
8349,10,0
8350,10,20000
8351,10,0
8352,10,5000
8353,10,0
8354,10,50000
8355,10,0
8356,10,30000
8357,10,30000
8358,10,5000
8359,10,20000
8360,10,10000
8361,10,5000
8362,10,50000
8363,10,0
8364,10,50000
8365,10,0
8366,10,30000
8367,10,30000
8368,10,20000
8369,10,40000
8370,10,20000
8371,10,30000
8372,10,30000
8373,10,40000
8374,10,0
8375,10,0
8376,10,10000
8377,10,40000
8378,10,10000
8379,10,0
8380,10,0
8381,10,10000
8382,10,10000
8383,10,0
8384,10,40000
8385,10,0
8386,10,0
8387,10,40000
8388,10,20000
8389,10,5000
8390,10,0
8391,10,0
8392,10,30000
8393,10,10000
8394,10,30000
8395,10,0
8396,10,0
8397,10,0
8398,10,0
8399,10,20000
8400,10,0
8401,10,20000
8402,10,0
8403,10,0
8404,10,50000
8405,10,0
8406,10,50000
8407,10,40000
8408,10,5000
8409,10,20000
8410,10,30000
8411,10,10000
8412,10,0
8413,10,10000
8414,10,0
8415,10,0
8416,10,0
8417,10,20000
8418,10,50000
8419,10,30000
8420,10,20000
8421,10,30000
8422,10,20000
8423,10,30000
8424,10,40000
8425,10,20000
8426,10,0
8427,10,5000
8428,10,50000
8429,10,0
8430,10,5000
8431,10,30000
8432,10,20000
8433,10,10000
8434,10,10000
8435,10,40000
8436,10,5000
8437,10,0
8438,10,5000
8439,10,0
8440,10,30000
8441,10,40000
8442,10,40000
8443,10,50000
8444,10,0
8445,10,20000
8446,10,50000
8447,10,0
8448,10,30000
8449,10,40000
8450,10,50000
8451,10,10000
8452,10,30000
8453,10,20000
8454,10,5000
8455,10,20000
8456,10,30000
8457,10,40000
8458,10,0
8459,10,5000
8460,10,40000
8461,10,40000
8462,10,20000
8463,10,0
8464,10,40000
8465,10,10000
8466,10,10000
8467,10,5000
8468,10,30000
8469,10,30000
8470,10,0
8471,10,5000
8472,10,20000
8473,10,40000
8474,10,50000
8475,10,10000
8476,10,5000
8477,10,10000
8478,10,5000
8479,10,0
8480,10,0
8481,10,10000
8482,10,30000
8483,10,40000
8484,10,5000
8485,10,0
8486,10,0
8487,10,30000
8488,10,50000
8489,10,30000
8490,10,10000
8491,10,0
8492,10,30000
8493,10,0
8494,10,10000
8495,10,40000
8496,10,10000
8497,10,20000
8498,10,30000
8499,10,0
8500,10,10000
8501,10,50000
8502,10,50000
8503,10,5000
8504,10,10000
8505,10,20000
8506,10,20000
8507,10,40000
8508,10,40000
8509,10,0
8510,10,5000
8511,10,20000
8512,10,0
8513,10,50000
8514,10,30000
8515,10,40000
8516,10,50000
8517,10,0
8518,10,0
8519,10,10000
8520,10,30000
8521,10,0
8522,10,5000
8523,10,0
8524,10,10000
8525,10,5000
8526,10,50000
8527,10,0
8528,10,0
8529,10,0
8530,10,30000
8531,10,10000
8532,10,50000
8533,10,40000
8534,10,0
8535,10,0
8536,10,10000
8537,10,20000
8538,10,10000
8539,10,0
8540,10,50000
8541,10,30000
8542,10,40000
8543,10,20000
8544,10,0
8545,10,0
8546,10,50000
8547,10,5000
8548,10,50000
8549,10,0
8550,10,40000
8551,10,30000
8552,10,10000
8553,10,40000
8554,10,40000
8555,10,40000
8556,10,10000
8557,10,10000
8558,10,0
8559,10,10000
8560,10,5000
8561,10,10000
8562,10,5000
8563,10,5000
8564,10,40000
8565,10,30000
8566,10,20000
8567,10,50000
8568,10,30000
8569,10,40000
8570,10,10000
8571,10,50000
8572,10,50000
8573,10,0
8574,10,0
8575,10,5000
8576,10,20000
8577,10,30000
8578,10,10000
8579,10,40000
8580,10,10000
8581,10,50000
8582,10,50000
8583,10,30000
8584,10,0
8585,10,50000
8586,10,40000
8587,10,50000
8588,10,40000
8589,10,20000
8590,10,0
8591,10,0
8592,10,0
8593,10,5000
8594,10,10000
8595,10,40000
8596,10,0
8597,10,20000
8598,10,5000
8599,10,40000
8600,10,40000
8601,10,0
8602,10,30000
8603,10,40000
8604,10,5000
8605,10,30000
8606,10,40000
8607,10,30000
8608,10,20000
8609,10,0
8610,10,50000
8611,10,0
8612,10,10000
8613,10,5000
8614,10,40000
8615,10,0
8616,10,10
8617,10,5000
8618,10,5000
8619,10,30000
8620,10,5000
8621,10,20000
8622,10,5000
8623,10,5000
8624,10,40000
8625,10,10000
8626,10,20000
8627,10,50000
8628,10,40000
8629,10,30000
8630,10,40000
8631,10,10000
8632,10,5000
8633,10,40000
8634,10,20000
8635,10,30000
8636,10,20000
8637,10,10000
8638,10,0
8639,10,5000
8640,10,40000
8641,10,0
8642,10,10000
8643,10,30000
8644,10,5000
8645,10,0
8646,10,20000
8647,10,5000
8648,10,0
8649,10,20000
8650,10,20000
8651,10,5000
8652,10,0
8653,10,0
8654,10,30000
8655,10,50000
8656,10,0
8657,10,0
8658,10,10000
8659,10,10000
8660,10,20000
8661,10,50000
8662,10,30000
8663,10,10000
8664,10,0
8665,10,0
8666,10,5000
8667,10,20000
8668,10,30000
8669,10,0
8670,10,30000
8671,10,20000
8672,10,30000
8673,10,0
8674,10,50000
8675,10,20000
8676,10,0
8677,10,20000
8678,10,0
8679,10,30000
8680,10,40000
8681,10,50000
8682,10,0
8683,10,0
8684,10,0
8685,10,40000
8686,10,30000
8687,10,0
8688,10,5000
8689,10,30000
8690,10,20000
8691,10,5000
8692,10,0
8693,10,0
8694,10,50000
8695,10,20000
8696,10,50000
8697,10,0
8698,10,20000
8699,10,0
8700,10,50000
8701,10,10000
8702,10,20000
8703,10,5000
8704,10,20000
8705,10,20000
8706,10,0
8707,10,20000
8708,10,20000
8709,10,10000
8710,10,40000
8711,10,30000
8712,10,20000
8713,10,20000
8714,10,0
8715,10,40000
8716,10,10000
8717,10,50000
8718,10,0
8719,10,20000
8720,10,0
8721,10,50000
8722,10,20000
8723,10,30000
8724,10,30000
8725,10,10000
8726,10,0
8727,10,40000
8728,10,0
8729,10,50000
8730,10,30000
8731,10,30000
8732,10,5000
8733,10,40000
8734,10,50000
8735,10,20000
8736,10,0
8737,10,0
8738,10,20000
8739,10,0
8740,10,20000
8741,10,30000
8742,10,50000
8743,10,5000
8744,10,40000
8745,10,10000
8746,10,10
8747,10,0
8748,10,0
8749,10,20000
8750,10,0
8751,10,10000
8752,10,50000
8753,10,0
8754,10,50000
8755,10,10000
8756,10,5000
8757,10,30000
8758,10,30000
8759,10,40000
8760,10,20000
8761,10,30000
8762,10,30000
8763,10,30000
8764,10,50000
8765,10,20000
8766,10,0
8767,10,0
8768,10,20000
8769,10,0
8770,10,40000
8771,10,0
8772,10,40000
8773,10,40000
8774,10,30000
8775,10,30000
8776,10,20000
8777,10,0
8778,10,10000
8779,10,0
8780,10,0
8781,10,30000
8782,10,0
8783,10,5000
8784,10,40000
8785,10,30000
8786,10,0
8787,10,10000
8788,10,0
8789,10,0
8790,10,40000
8791,10,30000
8792,10,50000
8793,10,0
8794,10,20000
8795,10,5000
8796,10,40000
8797,10,50000
8798,10,0
8799,10,5000
8800,10,0
8801,10,20000
8802,10,40000
8803,10,20000
8804,10,0
8805,10,20000
8806,10,5000
8807,10,50000
8808,10,0
8809,10,30000
8810,10,0
8811,10,50000
8812,10,0
8813,10,0
8814,10,10000
8815,10,10000
8816,10,20000
8817,10,0
8818,10,0
8819,10,5000
8820,10,50000
8821,10,0
8822,10,50000
8823,10,0
8824,10,20000
8825,10,0
8826,10,10000
8827,10,10000
8828,10,20000
8829,10,30000
8830,10,0
8831,10,0
8832,10,0
8833,10,30000
8834,10,0
8835,10,20000
8836,10,40000
8837,10,0
8838,10,5000
8839,10,10000
8840,10,20000
8841,10,50000
8842,10,20000
8843,10,50000
8844,10,0
8845,10,0
8846,10,30000
8847,10,0
8848,10,50000
8849,10,50000
8850,10,20000
8851,10,30000
8852,10,0
8853,10,10000
8854,10,30000
8855,10,50000
8856,10,50000
8857,10,0
8858,10,50000
8859,10,10000
8860,10,10000
8861,10,20000
8862,10,40000
8863,10,0
8864,10,50000
8865,10,20000
8866,10,50000
8867,10,0
8868,10,5000
8869,10,50000
8870,10,0
8871,10,20000
8872,10,0
8873,10,40000
8874,10,0
8875,10,5000
8876,10,0
8877,10,40000
8878,10,20000
8879,10,20000
8880,10,0
8881,10,0
8882,10,5000
8883,10,0
8884,10,10000
8885,10,20000
8886,10,50000
8887,10,40000
8888,10,30000
8889,10,50000
8890,10,40000
8891,10,10000
8892,10,30000
8893,10,20000
8894,10,50000
8895,10,0
8896,10,20000
8897,10,20000
8898,10,5000
8899,10,5000
8900,10,0
8901,10,50000
8902,10,0
8903,10,5000
8904,10,40000
8905,10,5000
8906,10,10000
8907,10,0
8908,10,40000
8909,10,20000
8910,10,40000
8911,10,40000
8912,10,0
8913,10,50000
8914,10,50000
8915,10,5000
8916,10,0
8917,10,5000
8918,10,10000
8919,10,20000
8920,10,10000
8921,10,5000
8922,10,5000
8923,10,20000
8924,10,5000
8925,10,0
8926,10,50000
8927,10,10000
8928,10,30000
8929,10,40000
8930,10,0
8931,10,0
8932,10,20000
8933,10,40000
8934,10,30000
8935,10,0
8936,10,20000
8937,10,0
8938,10,20000
8939,10,30000
8940,10,0
8941,10,0
8942,10,40000
8943,10,0
8944,10,0
8945,10,20000
8946,10,10000
8947,10,10000
8948,10,0
8949,10,30000
8950,10,20000
8951,10,0
8952,10,50000
8953,10,10000
8954,10,20000
8955,10,20000
8956,10,0
8957,10,10000
8958,10,5000
8959,10,50000
8960,10,50000
8961,10,50000
8962,10,5000
8963,10,20000
8964,10,10000
8965,10,5000
8966,10,10000
8967,10,50000
8968,10,50000
8969,10,30000
8970,10,0
8971,10,50000
8972,10,10000
8973,10,10000
8974,10,20000
8975,10,10000
8976,10,30000
8977,10,0
8978,10,5000
8979,10,10000
8980,10,10000
8981,10,40000
8982,10,0
8983,10,0
8984,10,50000
8985,10,10000
8986,10,0
8987,10,40000
8988,10,40000
8989,10,0
8990,10,50000
8991,10,20000
8992,10,0
8993,10,30000
8994,10,0
8995,10,10000
8996,10,0
8997,10,5000
8998,10,30000
8999,10,10000
9000,10,20000
9001,10,50000
9002,10,0
9003,10,10000
9004,10,30000
9005,10,0
9006,10,5000
9007,10,10000
9008,10,10000
9009,10,50000
9010,10,20000
9011,10,40000
9012,10,0
9013,10,0
9014,10,50000
9015,10,0
9016,10,20000
9017,10,30000
9018,10,10000
9019,10,30000
9020,10,10000
9021,10,50000
9022,10,30000
9023,10,30000
9024,10,30000
9025,10,0
9026,10,50000
9027,10,20000
9028,10,50000
9029,10,5000
9030,10,50000
9031,10,5000
9032,10,50000
9033,10,5000
9034,10,20000
9035,10,20000
9036,10,40000
9037,10,30000
9038,10,50000
9039,10,0
9040,10,20000
9041,10,20000
9042,10,20000
9043,10,0
9044,10,20000
9045,10,20000
9046,10,0
9047,10,20000
9048,10,0
9049,10,0
9050,10,0
9051,10,0
9052,10,50000
9053,10,5000
9054,10,0
9055,10,0
9056,10,40000
9057,10,10000
9058,10,0
9059,10,0
9060,10,30000
9061,10,50000
9062,10,50000
9063,10,0
9064,10,30000
9065,10,30000
9066,10,20000
9067,10,50000
9068,10,0
9069,10,40000
9070,10,30000
9071,10,10000
9072,10,5000
9073,10,5000
9074,10,30000
9075,10,5000
9076,10,40000
9077,10,20000
9078,10,50000
9079,10,0
9080,10,0
9081,10,50000
9082,10,20000
9083,10,0
9084,10,20000
9085,10,30000
9086,10,50000
9087,10,10000
9088,10,0
9089,10,0
9090,10,10000
9091,10,20000
9092,10,10000
9093,10,30000
9094,10,50000
9095,10,50000
9096,10,0
9097,10,30000
9098,10,30000
9099,10,5000
9100,10,10000
9101,10,40000
9102,10,30000
9103,10,30000
9104,10,0
9105,10,20000
9106,10,50000
9107,10,50000
9108,10,0
9109,10,20000
9110,10,0
9111,10,30000
9112,10,5000
9113,10,50000
9114,10,10000
9115,10,20000
9116,10,20000
9117,10,50000
9118,10,5000
9119,10,0
9120,10,0
9121,10,20000
9122,10,20000
9123,10,0
9124,10,20000
9125,10,10000
9126,10,20000
9127,10,50000
9128,10,30000
9129,10,50000
9130,10,0
9131,10,30000
9132,10,40000
9133,10,5000
9134,10,0
9135,10,40000
9136,10,20000
9137,10,20000
9138,10,10000
9139,10,0
9140,10,0
9141,10,30000
9142,10,0
9143,10,30000
9144,10,0
9145,10,10000
9146,10,20000
9147,10,5000
9148,10,40000
9149,10,0
9150,10,30000
9151,10,50000
9152,10,0
9153,10,20000
9154,10,0
9155,10,50000
9156,10,50000
9157,10,30000
9158,10,40000
9159,10,40000
9160,10,20000
9161,10,0
9162,10,20000
9163,10,30000
9164,10,20000
9165,10,30000
9166,10,40000
9167,10,5000
9168,10,5000
9169,10,10000
9170,10,0
9171,10,20000
9172,10,20000
9173,10,0
9174,10,10000
9175,10,0
9176,10,20000
9177,10,40000
9178,10,30000
9179,10,5000
9180,10,50000
9181,10,0
9182,10,40000
9183,10,0
9184,10,0
9185,10,20000
9186,10,20000
9187,10,0
9188,10,20000
9189,10,0
9190,10,0
9191,10,40000
9192,10,30000
9193,10,0
9194,10,50000
9195,10,0
9196,10,30000
9197,10,0
9198,10,20000
9199,10,0
9200,10,10000
9201,10,30000
9202,10,50000
9203,10,40000
9204,10,5000
9205,10,20000
9206,10,40000
9207,10,40000
9208,10,20000
9209,10,50000
9210,10,0
9211,10,0
9212,10,50000
9213,10,30000
9214,10,20000
9215,10,0
9216,10,10000
9217,10,10000
9218,10,10000
9219,10,20000
9220,10,50000
9221,10,20000
9222,10,10000
9223,10,40000
9224,10,20000
9225,10,50000
9226,10,0
9227,10,50000
9228,10,10000
9229,10,0
9230,10,50000
9231,10,0
9232,10,10000
9233,10,50000
9234,10,0
9235,10,5000
9236,10,5000
9237,10,0
9238,10,5000
9239,10,5000
9240,10,0
9241,10,30000
9242,10,0
9243,10,0
9244,10,5000
9245,10,10000
9246,10,30000
9247,10,0
9248,10,20000
9249,10,30000
9250,10,0
9251,10,0
9252,10,20000
9253,10,0
9254,10,30000
9255,10,10000
9256,10,0
9257,10,20000
9258,10,10000
9259,10,0
9260,10,50000
9261,10,50000
9262,10,0
9263,10,50000
9264,10,0
9265,10,30000
9266,10,0
9267,10,5000
9268,10,20000
9269,10,10000
9270,10,0
9271,10,50000
9272,10,30000
9273,10,30000
9274,10,0
9275,10,20000
9276,10,5000
9277,10,20000
9278,10,0
9279,10,10000
9280,10,20000
9281,10,0
9282,10,5000
9283,10,10000
9284,10,50000
9285,10,0
9286,10,10000
9287,10,5000
9288,10,0
9289,10,0
9290,10,50000
9291,10,40000
9292,10,40000
9293,10,0
9294,10,10000
9295,10,30000
9296,10,10000
9297,10,30000
9298,10,20000
9299,10,20000
9300,10,0
9301,10,20000
9302,10,40000
9303,10,30000
9304,10,40000
9305,10,40000
9306,10,10000
9307,10,5000
9308,10,10000
9309,10,10000
9310,10,20000
9311,10,0
9312,10,0
9313,10,40000
9314,10,30000
9315,10,30000
9316,10,10000
9317,10,0
9318,10,20000
9319,10,20000
9320,10,20000
9321,10,50000
9322,10,20000
9323,10,5000
9324,10,5000
9325,10,5000
9326,10,0
9327,10,0
9328,10,50000
9329,10,10000
9330,10,20000
9331,10,5000
9332,10,30000
9333,10,40000
9334,10,30000
9335,10,5000
9336,10,0
9337,10,0
9338,10,50000
9339,10,10000
9340,10,5000
9341,10,50000
9342,10,0
9343,10,40000
9344,10,5000
9345,10,30000
9346,10,30000
9347,10,0
9348,10,30000
9349,10,0
9350,10,30000
9351,10,0
9352,10,20000
9353,10,0
9354,10,30000
9355,10,0
9356,10,10000
9357,10,5000
9358,10,20000
9359,10,20000
9360,10,30000
9361,10,20000
9362,10,20000
9363,10,30000
9364,10,0
9365,10,40000
9366,10,5000
9367,10,0
9368,10,5000
9369,10,50000
9370,10,0
9371,10,0
9372,10,10000
9373,10,40000
9374,10,0
9375,10,0
9376,10,10000
9377,10,40000
9378,10,0
9379,10,10000
9380,10,40000
9381,10,30000
9382,10,40000
9383,10,0
9384,10,40000
9385,10,40000
9386,10,20000
9387,10,40000
9388,10,0
9389,10,5000
9390,10,10000
9391,10,40000
9392,10,30000
9393,10,10000
9394,10,0
9395,10,0
9396,10,50000
9397,10,0
9398,10,20000
9399,10,30000
9400,10,5000
9401,10,5000
9402,10,50000
9403,10,10000
9404,10,20000
9405,10,5000
9406,10,5000
9407,10,10000
9408,10,0
9409,10,20000
9410,10,0
9411,10,50000
9412,10,10000
9413,10,10000
9414,10,20000
9415,10,50000
9416,10,20000
9417,10,30000
9418,10,10000
9419,10,50000
9420,10,0
9421,10,5000
9422,10,30000
9423,10,40000
9424,10,20000
9425,10,30000
9426,10,50000
9427,10,30000
9428,10,10000
9429,10,50000
9430,10,30000
9431,10,50000
9432,10,30000
9433,10,20000
9434,10,20000
9435,10,0
9436,10,0
9437,10,40000
9438,10,20000
9439,10,0
9440,10,0
9441,10,20000
9442,10,10000
9443,10,50000
9444,10,10000
9445,10,0
9446,10,20000
9447,10,20000
9448,10,30000
9449,10,30000
9450,10,20000
9451,10,20000
9452,10,30000
9453,10,30000
9454,10,5000
9455,10,10000
9456,10,5000
9457,10,0
9458,10,40000
9459,10,10000
9460,10,0
9461,10,0
9462,10,5000
9463,10,0
9464,10,50000
9465,10,50000
9466,10,10000
9467,10,5000
9468,10,50000
9469,10,20000
9470,10,30000
9471,10,10000
9472,10,10000
9473,10,30000
9474,10,10000
9475,10,20000
9476,10,50000
9477,10,0
9478,10,10000
9479,10,0
9480,10,0
9481,10,30000
9482,10,0
9483,10,10000
9484,10,30000
9485,10,40000
9486,10,50000
9487,10,30000
9488,10,20000
9489,10,5000
9490,10,0
9491,10,30000
9492,10,50000
9493,10,50000
9494,10,30000
9495,10,30000
9496,10,30000
9497,10,30000
9498,10,50000
9499,10,20000
9500,10,0
9501,10,10000
9502,10,50000
9503,10,0
9504,10,50000
9505,10,20000
9506,10,20000
9507,10,40000
9508,10,50000
9509,10,0
9510,10,30000
9511,10,40000
9512,10,0
9513,10,50000
9514,10,20000
9515,10,10000
9516,10,40000
9517,10,0
9518,10,5000
9519,10,0
9520,10,10000
9521,10,5000
9522,10,10000
9523,10,20000
9524,10,20000
9525,10,0
9526,10,40000
9527,10,0
9528,10,50000
9529,10,20000
9530,10,40000
9531,10,0
9532,10,0
9533,10,0
9534,10,0
9535,10,10000
9536,10,0
9537,10,10000
9538,10,0
9539,10,40000
9540,10,20000
9541,10,10000
9542,10,5000
9543,10,50000
9544,10,0
9545,10,0
9546,10,20000
9547,10,50000
9548,10,30000
9549,10,50000
9550,10,5000
9551,10,20000
9552,10,30000
9553,10,0
9554,10,20000
9555,10,20000
9556,10,0
9557,10,5000
9558,10,20000
9559,10,0
9560,10,30000
9561,10,40000
9562,10,40000
9563,10,10000
9564,10,0
9565,10,30000
9566,10,30000
9567,10,30000
9568,10,5000
9569,10,40000
9570,10,40000
9571,10,20000
9572,10,30000
9573,10,30000
9574,10,20000
9575,10,5000
9576,10,20000
9577,10,20000
9578,10,0
9579,10,50000
9580,10,0
9581,10,40000
9582,10,20000
9583,10,0
9584,10,5000
9585,10,20000
9586,10,30000
9587,10,20000
9588,10,50000
9589,10,40000
9590,10,0
9591,10,5000
9592,10,0
9593,10,0
9594,10,30000
9595,10,40000
9596,10,30000
9597,10,30000
9598,10,0
9599,10,20000
9600,10,0
9601,10,0
9602,10,50000
9603,10,40000
9604,10,20000
9605,10,30000
9606,10,0
9607,10,50000
9608,10,40000
9609,10,20000
9610,10,30000
9611,10,40000
9612,10,10000
9613,10,10000
9614,10,0
9615,10,50000
9616,10,0
9617,10,20000
9618,10,0
9619,10,0
9620,10,0
9621,10,0
9622,10,10000
9623,10,20000
9624,10,5000
9625,10,30000
9626,10,30000
9627,10,30000
9628,10,5000
9629,10,40000
9630,10,30000
9631,10,5000
9632,10,0
9633,10,0
9634,10,0
9635,10,0
9636,10,0
9637,10,50000
9638,10,10
9639,10,0
9640,10,50000
9641,10,0
9642,10,0
9643,10,5000
9644,10,40000
9645,10,30000
9646,10,0
9647,10,5000
9648,10,40000
9649,10,10000
9650,10,40000
9651,10,30000
9652,10,20000
9653,10,5000
9654,10,5000
9655,10,20000
9656,10,30000
9657,10,0
9658,10,50000
9659,10,0
9660,10,40000
9661,10,10000
9662,10,20000
9663,10,0
9664,10,10000
9665,10,5000
9666,10,20000
9667,10,20000
9668,10,40000
9669,10,5000
9670,10,50000
9671,10,5000
9672,10,50000
9673,10,50000
9674,10,0
9675,10,0
9676,10,0
9677,10,0
9678,10,0
9679,10,0
9680,10,50000
9681,10,10000
9682,10,10000
9683,10,0
9684,10,5000
9685,10,0
9686,10,50000
9687,10,0
9688,10,30000
9689,10,0
9690,10,50000
9691,10,20000
9692,10,20000
9693,10,30000
9694,10,10000
9695,10,40000
9696,10,40000
9697,10,0
9698,10,10000
9699,10,40000
9700,10,0
9701,10,0
9702,10,50000
9703,10,5000
9704,10,50000
9705,10,20000
9706,10,50000
9707,10,0
9708,10,40000
9709,10,10
9710,10,10000
9711,10,20000
9712,10,20000
9713,10,0
9714,10,20000
9715,10,30000
9716,10,0
9717,10,10000
9718,10,50000
9719,10,50000
9720,10,0
9721,10,0
9722,10,50000
9723,10,0
9724,10,50000
9725,10,50000
9726,10,50000
9727,10,0
9728,10,10000
9729,10,0
9730,10,5000
9731,10,5000
9732,10,10000
9733,10,0
9734,10,5000
9735,10,10000
9736,10,30000
9737,10,40000
9738,10,5000
9739,10,0
9740,10,0
9741,10,10000
9742,10,0
9743,10,20000
9744,10,0
9745,10,30000
9746,10,50000
9747,10,0
9748,10,20000
9749,10,0
9750,10,30000
9751,10,20000
9752,10,0
9753,10,5000
9754,10,40000
9755,10,20000
9756,10,0
9757,10,30000
9758,10,5000
9759,10,20000
9760,10,40000
9761,10,20000
9762,10,30000
9763,10,30000
9764,10,5000
9765,10,50000
9766,10,50000
9767,10,50000
9768,10,0
9769,10,50000
9770,10,0
9771,10,40000
9772,10,50000
9773,10,20000
9774,10,0
9775,10,10000
9776,10,40000
9777,10,10000
9778,10,30000
9779,10,10000
9780,10,5000
9781,10,0
9782,10,0
9783,10,30000
9784,10,50000
9785,10,20000
9786,10,50000
9787,10,50000
9788,10,50000
9789,10,0
9790,10,20000
9791,10,20000
9792,10,10000
9793,10,40000
9794,10,0
9795,10,40000
9796,10,10000
9797,10,50000
9798,10,0
9799,10,40000
9800,10,0
9801,10,30000
9802,10,20000
9803,10,0
9804,10,30000
9805,10,10000
9806,10,10000
9807,10,40000
9808,10,0
9809,10,50000
9810,10,20000
9811,10,10000
9812,10,50000
9813,10,0
9814,10,10000
9815,10,40000
9816,10,20000
9817,10,30000
9818,10,5000
9819,10,20000
9820,10,40000
9821,10,0
9822,10,0
9823,10,5000
9824,10,10000
9825,10,30000
9826,10,5000
9827,10,0
9828,10,0
9829,10,10000
9830,10,0
9831,10,10000
9832,10,0
9833,10,10000
9834,10,50000
9835,10,0
9836,10,20000
9837,10,5000
9838,10,10000
9839,10,0
9840,10,0
9841,10,40000
9842,10,50000
9843,10,50000
9844,10,20000
9845,10,10000
9846,10,0
9847,10,20000
9848,10,0
9849,10,50000
9850,10,50000
9851,10,0
9852,10,0
9853,10,30000
9854,10,50000
9855,10,0
9856,10,0
9857,10,0
9858,10,20000
9859,10,20000
9860,10,10000
9861,10,50000
9862,10,50000
9863,10,30000
9864,10,0
9865,10,20000
9866,10,0
9867,10,0
9868,10,0
9869,10,40000
9870,10,10000
9871,10,20000
9872,10,30000
9873,10,10000
9874,10,0
9875,10,50000
9876,10,0
9877,10,0
9878,10,30000
9879,10,5000
9880,10,0
9881,10,0
9882,10,30000
9883,10,5000
9884,10,50000
9885,10,0
9886,10,0
9887,10,5000
9888,10,40000
9889,10,0
9890,10,0
9891,10,50000
9892,10,50000
9893,10,30000
9894,10,20000
9895,10,50000
9896,10,0
9897,10,20000
9898,10,20000
9899,10,10000
9900,10,0
9901,10,50000
9902,10,50000
9903,10,10000
9904,10,50000
9905,10,0
9906,10,40000
9907,10,5000
9908,10,5000
9909,10,10000
9910,10,40000
9911,10,50000
9912,10,20000
9913,10,5000
9914,10,5000
9915,10,0
9916,10,20000
9917,10,50000
9918,10,0
9919,10,40000
9920,10,50000
9921,10,20000
9922,10,10000
9923,10,0
9924,10,0
9925,10,40000
9926,10,30000
9927,10,10000
9928,10,30000
9929,10,5000
9930,10,50000
9931,10,40000
9932,10,30000
9933,10,20000
9934,10,50000
9935,10,5000
9936,10,30000
9937,10,30000
9938,10,20000
9939,10,20000
9940,10,0
9941,10,40000
9942,10,20000
9943,10,5000
9944,10,0
9945,10,30000
9946,10,0
9947,10,10000
9948,10,0
9949,10,10000
9950,10,50000
9951,10,10000
9952,10,20000
9953,10,20000
9954,10,40000
9955,10,30000
9956,10,40000
9957,10,20000
9958,10,10000
9959,10,0
9960,10,50000
9961,10,0
9962,10,0
9963,10,10000
9964,10,5000
9965,10,10000
9966,10,50000
9967,10,0
9968,10,20000
9969,10,5000
9970,10,20000
9971,10,30000
9972,10,40000
9973,10,0
9974,10,20000
9975,10,10000
9976,10,0
9977,10,30000
9978,10,10000
9979,10,40000
9980,10,20000
9981,10,50000
9982,10,50000
9983,10,10000
9984,10,0
9985,10,40000
9986,10,5000
9987,10,0
9988,10,30000
9989,10,50000
9990,10,0
9991,10,10000
9992,10,50000
9993,10,20000
9994,10,30000
9995,10,10000
9996,10,30000
9997,10,5000
9998,10,5000
9999,10,50000
10000,10,0
10001,10,10000
10002,10,40000
10003,10,5000
10004,10,20000
10005,10,30000
10006,10,5000
10007,10,20000
10008,10,10000
10009,10,0
10010,10,0
10011,10,0
10012,10,0
10013,10,50000
10014,10,0
10015,10,30000
10016,10,0
10017,10,0
10018,10,40000
10019,10,0
10020,10,30000
10021,10,30000
10022,10,20000
10023,10,5000
10024,10,10000
10025,10,50000
10026,10,30000
10027,10,0
10028,10,0
10029,10,30000
10030,10,50000
10031,10,50000
10032,10,50000
10033,10,0
10034,10,20000
10035,10,10000
10036,10,10000
10037,10,0
10038,10,30000
10039,10,30000
10040,10,5000
10041,10,10000
10042,10,40000
10043,10,20000
10044,10,0
10045,10,0
10046,10,20000
10047,10,10000
10048,10,40000
10049,10,50000
10050,10,10000
10051,10,40000
10052,10,10000
10053,10,0
10054,10,20000
10055,10,30000
10056,10,50000
10057,10,5000
10058,10,40000
10059,10,50000
10060,10,40000
10061,10,0
10062,10,50000
10063,10,30000
10064,10,0
10065,10,0
10066,10,30000
10067,10,40000
10068,10,0
10069,10,10000
10070,10,10000
10071,10,20000
10072,10,0
10073,10,20000
10074,10,20000
10075,10,0
10076,10,0
10077,10,20000
10078,10,50000
10079,10,40000
10080,10,5000
10081,10,5000
10082,10,0
10083,10,0
10084,10,0
10085,10,0
10086,10,40000
10087,10,5000
10088,10,0
10089,10,0
10090,10,30000
10091,10,5000
10092,10,5000
10093,10,0
10094,10,30000
10095,10,10000
10096,10,0
10097,10,0
10098,10,0
10099,10,0
10100,10,30000
10101,10,20000
10102,10,0
10103,10,0
10104,10,0
10105,10,0
10106,10,20000
10107,10,20000
10108,10,0
10109,10,40000
10110,10,0
10111,10,0
10112,10,10000
10113,10,0
10114,10,50000
10115,10,20000
10116,10,0
10117,10,20000
10118,10,30000
10119,10,30000
10120,10,20000
10121,10,5000
10122,10,0
10123,10,0
10124,10,0
10125,10,0
10126,10,0
10127,10,50000
10128,10,20000
10129,10,50000
10130,10,30000
10131,10,40000
10132,10,20000
10133,10,40000
10134,10,20000
10135,10,40000
10136,10,20000
10137,10,0
10138,10,5000
10139,10,40000
10140,10,30000
10141,10,20000
10142,10,0
10143,10,10000
10144,10,5000
10145,10,20000
10146,10,10000
10147,10,40000
10148,10,20000
10149,10,0
10150,10,30000
10151,10,0
10152,10,10000
10153,10,30000
10154,10,5000
10155,10,20000
10156,10,0
10157,10,20000
10158,10,30000
10159,10,10000
10160,10,10000
10161,10,30000
10162,10,10000
10163,10,50000
10164,10,0
10165,10,0
10166,10,40000
10167,10,40000
10168,10,30000
10169,10,40000
10170,10,0
10171,10,40000
10172,10,10000
10173,10,0
10174,10,40000
10175,10,0
10176,10,30000
10177,10,30000
10178,10,10000
10179,10,0
10180,10,10000
10181,10,10000
10182,10,5000
10183,10,30000
10184,10,5000
10185,10,30000
10186,10,0
10187,10,30000
10188,10,10000
10189,10,20000
10190,10,40000
10191,10,50000
10192,10,10000
10193,10,20000
10194,10,20000
10195,10,30000
10196,10,5000
10197,10,30000
10198,10,10
10199,10,40000
10200,10,0
10201,10,50000
10202,10,10
10203,10,30000
10204,10,40000
10205,10,0
10206,10,50000
10207,10,10000
10208,10,5000
10209,10,40000
10210,10,30000
10211,10,5000
10212,10,0
10213,10,0
10214,10,5000
10215,10,30000
10216,10,50000
10217,10,10000
10218,10,0
10219,10,30000
10220,10,5000
10221,10,0
10222,10,20000
10223,10,30000
10224,10,20000
10225,10,10000
10226,10,0
10227,10,5000
10228,10,50000
10229,10,10000
10230,10,5000
10231,10,30000
10232,10,5000
10233,10,0
10234,10,50000
10235,10,5000
10236,10,20000
10237,10,0
10238,10,0
10239,10,50000
10240,10,50000
10241,10,30000
10242,10,30000
10243,10,30000
10244,10,30000
10245,10,50000
10246,10,40000
10247,10,20000
10248,10,30000
10249,10,0
10250,10,0
10251,10,10000
10252,10,40000
10253,10,20000
10254,10,20000
10255,10,20000
10256,10,30000
10257,10,10000
10258,10,0
10259,10,0
10260,10,0
10261,10,30000
10262,10,20000
10263,10,10000
10264,10,0
10265,10,50000
10266,10,0
10267,10,5000
10268,10,40000
10269,10,0
10270,10,40000
10271,10,30000
10272,10,30000
10273,10,0
10274,10,5000
10275,10,20000
10276,10,5000
10277,10,30000
10278,10,30000
10279,10,40000
10280,10,20000
10281,10,10000
10282,10,0
10283,10,30000
10284,10,40000
10285,10,5000
10286,10,30000
10287,10,10000
10288,10,0
10289,10,20000
10290,10,0
10291,10,10000
10292,10,0
10293,10,30000
10294,10,40000
10295,10,10000
10296,10,0
10297,10,10000
10298,10,5000
10299,10,0
10300,10,5000
10301,10,0
10302,10,0
10303,10,5000
10304,10,10000
10305,10,50000
10306,10,40000
10307,10,0
10308,10,20000
10309,10,0
10310,10,5000
10311,10,30000
10312,10,0
10313,10,50000
10314,10,50000
10315,10,0
10316,10,5000
10317,10,30000
10318,10,50000
10319,10,20000
10320,10,30000
10321,10,0
10322,10,0
10323,10,0
10324,10,50000
10325,10,50000
10326,10,5000
10327,10,10000
10328,10,30000
10329,10,30000
10330,10,5000
10331,10,0
10332,10,40000
10333,10,5000
10334,10,0
10335,10,30000
10336,10,50000
10337,10,0
10338,10,0
10339,10,20000
10340,10,5000
10341,10,50000
10342,10,10000
10343,10,5000
10344,10,40000
10345,10,0
10346,10,0
10347,10,50000
10348,10,0
10349,10,40000
10350,10,30000
10351,10,5000
10352,10,10000
10353,10,40000
10354,10,0
10355,10,5000
10356,10,30000
10357,10,30000
10358,10,30000
10359,10,50000
10360,10,0
10361,10,5000
10362,10,5000
10363,10,10000
10364,10,20000
10365,10,0
10366,10,40000
10367,10,0
10368,10,30000
10369,10,30000
10370,10,30000
10371,10,20000
10372,10,5000
10373,10,0
10374,10,20000
10375,10,5000
10376,10,30000
10377,10,10000
10378,10,30000
10379,10,20000
10380,10,30000
10381,10,0
10382,10,40000
10383,10,30000
10384,10,30000
10385,10,0
10386,10,0
10387,10,0
10388,10,50000
10389,10,40000
10390,10,30000
10391,10,0
10392,10,50000
10393,10,50000
10394,10,5000
10395,10,0
10396,10,30000
10397,10,0
10398,10,10000
10399,10,0
10400,10,50000
10401,10,50000
10402,10,0
10403,10,40000
10404,10,50000
10405,10,0
10406,10,30000
10407,10,5000
10408,10,40000
10409,10,0
10410,10,20000
10411,10,50000
10412,10,50000
10413,10,20000
10414,10,0
10415,10,5000
10416,10,10000
10417,10,50000
10418,10,30000
10419,10,50000
10420,10,20000
10421,10,50000
10422,10,50000
10423,10,10000
10424,10,10000
10425,10,50000
10426,10,50000
10427,10,20000
10428,10,40000
10429,10,30000
10430,10,0
10431,10,5000
10432,10,0
10433,10,0
10434,10,10000
10435,10,10000
10436,10,20000
10437,10,30000
10438,10,0
10439,10,0
10440,10,30000
10441,10,30000
10442,10,50000
10443,10,0
10444,10,40000
10445,10,10000
10446,10,5000
10447,10,40000
10448,10,50000
10449,10,0
10450,10,0
10451,10,40000
10452,10,5000
10453,10,0
10454,10,40000
10455,10,0
10456,10,20000
10457,10,30000
10458,10,5000
10459,10,0
10460,10,0
10461,10,30000
10462,10,0
10463,10,20000
10464,10,30000
10465,10,20000
10466,10,5000
10467,10,10
10468,10,10000
10469,10,5000
10470,10,20000
10471,10,20000
10472,10,0
10473,10,40000
10474,10,5000
10475,10,0
10476,10,30000
10477,10,5000
10478,10,50000
10479,10,40000
10480,10,20000
10481,10,0
10482,10,50000
10483,10,0
10484,10,50000
10485,10,10000
10486,10,5000
10487,10,20000
10488,10,20000
10489,10,0
10490,10,50000
10491,10,0
10492,10,5000
10493,10,20000
10494,10,10000
10495,10,10000
10496,10,5000
10497,10,30000
10498,10,30000
10499,10,10000
10500,10,5000
10501,10,10000
10502,10,50000
10503,10,20000
10504,10,30000
10505,10,0
10506,10,5000
10507,10,30000
10508,10,0
10509,10,5000
10510,10,50000
10511,10,40000
10512,10,50000
10513,10,20000
10514,10,0
10515,10,20000
10516,10,0
10517,10,10000
10518,10,5000
10519,10,10000
10520,10,5000
10521,10,30000
10522,10,0
10523,10,20000
10524,10,0
10525,10,20000
10526,10,5000
10527,10,50000
10528,10,20000
10529,10,30000
10530,10,0
10531,10,0
10532,10,0
10533,10,5000
10534,10,0
10535,10,20000
10536,10,50000
10537,10,50000
10538,10,0
10539,10,0
10540,10,40000
10541,10,0
10542,10,40000
10543,10,40000
10544,10,40000
10545,10,30000
10546,10,20000
10547,10,0
10548,10,0
10549,10,0
10550,10,50000
10551,10,40000
10552,10,50000
10553,10,5000
10554,10,5000
10555,10,5000
10556,10,50000
10557,10,30000
10558,10,20000
10559,10,50000
10560,10,40000
10561,10,5000
10562,10,0
10563,10,10000
10564,10,30000
10565,10,0
10566,10,40000
10567,10,20000
10568,10,0
10569,10,0
10570,10,0
10571,10,30000
10572,10,30000
10573,10,0
10574,10,0
10575,10,40000
10576,10,10000
10577,10,10000
10578,10,0
10579,10,40000
10580,10,10000
10581,10,50000
10582,10,0
10583,10,20000
10584,10,20000
10585,10,0
10586,10,50000
10587,10,40000
10588,10,5000
10589,10,0
10590,10,0
10591,10,0
10592,10,0
10593,10,50000
10594,10,50000
10595,10,0
10596,10,10000
10597,10,0
10598,10,30000
10599,10,20000
10600,10,30000
10601,10,5000
10602,10,0
10603,10,0
10604,10,10000
10605,10,0
10606,10,10000
10607,10,30000
10608,10,40000
10609,10,30000
10610,10,30000
10611,10,10000
10612,10,5000
10613,10,5000
10614,10,20000
10615,10,5000
10616,10,10000
10617,10,20000
10618,10,0
10619,10,40000
10620,10,20000
10621,10,0
10622,10,5000
10623,10,40000
10624,10,0
10625,10,20000
10626,10,0
10627,10,0
10628,10,0
10629,10,10000
10630,10,50000
10631,10,30000
10632,10,0
10633,10,50000
10634,10,0
10635,10,20000
10636,10,5000
10637,10,50000
10638,10,30000
10639,10,10000
10640,10,30000
10641,10,5000
10642,10,20000
10643,10,20000
10644,10,50000
10645,10,20000
10646,10,5000
10647,10,5000
10648,10,20000
10649,10,5000
10650,10,30000
10651,10,5000
10652,10,50000
10653,10,10000
10654,10,10000
10655,10,0
10656,10,20000
10657,10,5000
10658,10,20000
10659,10,20000
10660,10,5000
10661,10,50000
10662,10,0
10663,10,30000
10664,10,0
10665,10,20000
10666,10,5000
10667,10,50000
10668,10,0
10669,10,40000
10670,10,0
10671,10,0
10672,10,50000
10673,10,50000
10674,10,0
10675,10,20000
10676,10,40000
10677,10,30000
10678,10,20000
10679,10,40000
10680,10,10000
10681,10,30000
10682,10,20000
10683,10,40000
10684,10,50000
10685,10,0
10686,10,50000
10687,10,5000
10688,10,0
10689,10,0
10690,10,40000
10691,10,50000
10692,10,50000
10693,10,10000
10694,10,40000
10695,10,5000
10696,10,40000
10697,10,10000
10698,10,10000
10699,10,30000
10700,10,30000
10701,10,40000
10702,10,20000
10703,10,0
10704,10,0
10705,10,0
10706,10,0
10707,10,0
10708,10,20000
10709,10,10000
10710,10,10000
10711,10,50000
10712,10,30000
10713,10,20000
10714,10,10000
10715,10,10000
10716,10,30000
10717,10,0
10718,10,30000
10719,10,0
10720,10,40000
10721,10,0
10722,10,50000
10723,10,50000
10724,10,20000
10725,10,0
10726,10,40000
10727,10,0
10728,10,5000
10729,10,10000
10730,10,10000
10731,10,50000
10732,10,10000
10733,10,0
10734,10,30000
10735,10,50000
10736,10,5000
10737,10,10000
10738,10,10000
10739,10,0
10740,10,40000
10741,10,0
10742,10,0
10743,10,10000
10744,10,50000
10745,10,5000
10746,10,40000
10747,10,20000
10748,10,30000
10749,10,10000
10750,10,0
10751,10,10000
10752,10,20000
10753,10,20000
10754,10,40000
10755,10,5000
10756,10,5000
10757,10,50000
10758,10,0
10759,10,50000
10760,10,20000
10761,10,30000
10762,10,0
10763,10,40000
10764,10,0
10765,10,10000
10766,10,30000
10767,10,40000
10768,10,30000
10769,10,20000
10770,10,5000
10771,10,10000
10772,10,20000
10773,10,0
10774,10,5000
10775,10,0
10776,10,10000
10777,10,50000
10778,10,10000
10779,10,50000
10780,10,20000
10781,10,50000
10782,10,5000
10783,10,0
10784,10,0
10785,10,0
10786,10,40000
10787,10,50000
10788,10,30000
10789,10,20000
10790,10,20000
10791,10,0
10792,10,20000
10793,10,10000
10794,10,30000
10795,10,5000
10796,10,0
10797,10,0
10798,10,20000
10799,10,5000
10800,10,40000
10801,10,20000
10802,10,50000
10803,10,30000
10804,10,50000
10805,10,50000
10806,10,10000
10807,10,0
10808,10,40000
10809,10,0
10810,10,30000
10811,10,10
10812,10,20000
10813,10,50000
10814,10,0
10815,10,10000
10816,10,40000
10817,10,0
10818,10,30000
10819,10,20000
10820,10,0
10821,10,0
10822,10,50000
10823,10,0
10824,10,20000
10825,10,20000
10826,10,0
10827,10,50000
10828,10,50000
10829,10,30000
10830,10,0
10831,10,50000
10832,10,0
10833,10,0
10834,10,0
10835,10,0
10836,10,0
10837,10,5000
10838,10,5000
10839,10,50000
10840,10,0
10841,10,50000
10842,10,0
10843,10,10000
10844,10,20000
10845,10,5000
10846,10,30000
10847,10,50000
10848,10,0
10849,10,50000
10850,10,0
10851,10,40000
10852,10,10000
10853,10,0
10854,10,5000
10855,10,30000
10856,10,10000
10857,10,0
10858,10,50000
10859,10,5000
10860,10,20000
10861,10,40000
10862,10,40000
10863,10,0
10864,10,5000
10865,10,30000
10866,10,50000
10867,10,40000
10868,10,5000
10869,10,5000
10870,10,10000
10871,10,0
10872,10,10000
10873,10,0
10874,10,50000
10875,10,20000
10876,10,50000
10877,10,10000
10878,10,20000
10879,10,0
10880,10,20000
10881,10,5000
10882,10,30000
10883,10,20000
10884,10,40000
10885,10,5000
10886,10,30000
10887,10,20000
10888,10,20000
10889,10,20000
10890,10,20000
10891,10,30000
10892,10,0
10893,10,20000
10894,10,30000
10895,10,50000
10896,10,0
10897,10,5000
10898,10,10000
10899,10,30000
10900,10,30000
10901,10,40000
10902,10,5000
10903,10,20000
10904,10,50000
10905,10,20000
10906,10,30000
10907,10,40000
10908,10,20000
10909,10,0
10910,10,0
10911,10,0
10912,10,40000
10913,10,50000
10914,10,5000
10915,10,20000
10916,10,0
10917,10,50000
10918,10,30000
10919,10,30000
10920,10,50000
10921,10,20000
10922,10,20000
10923,10,30000
10924,10,5000
10925,10,10000
10926,10,10000
10927,10,30000
10928,10,0
10929,10,40000
10930,10,30000
10931,10,5000
10932,10,0
10933,10,20000
10934,10,5000
10935,10,30000
10936,10,10
10937,10,5000
10938,10,30000
10939,10,20000
10940,10,30000
10941,10,40000
10942,10,0
10943,10,0
10944,10,0
10945,10,5000
10946,10,0
10947,10,30000
10948,10,10
10949,10,30000
10950,10,20000
10951,10,10000
10952,10,0
10953,10,20000
10954,10,40000
10955,10,20000
10956,10,0
10957,10,0
10958,10,30000
10959,10,10000
10960,10,0
10961,10,0
10962,10,40000
10963,10,10000
10964,10,5000
10965,10,0
10966,10,0
10967,10,5000
10968,10,0
10969,10,0
10970,10,0
10971,10,0
10972,10,0
10973,10,50000
10974,10,20000
10975,10,0
10976,10,0
10977,10,50000
10978,10,5000
10979,10,0
10980,10,50000
10981,10,10000
10982,10,20000
10983,10,50000
10984,10,30000
10985,10,40000
10986,10,30000
10987,10,0
10988,10,0
10989,10,40000
10990,10,0
10991,10,0
10992,10,40000
10993,10,50000
10994,10,50000
10995,10,0
10996,10,10000
10997,10,0
10998,10,30000
10999,10,20000
11000,10,30000
11001,10,0
11002,10,50000
11003,10,0
11004,10,40000
11005,10,50000
11006,10,0
11007,10,10000
11008,10,40000
11009,10,5000
11010,10,5000
11011,10,0
11012,10,0
11013,10,40000
11014,10,20000
11015,10,0
11016,10,0
11017,10,5000
11018,10,40000
11019,10,5000
11020,10,30000
11021,10,50000
11022,10,30000
11023,10,10000
11024,10,30000
11025,10,10000
11026,10,0
11027,10,0
11028,10,10000
11029,10,0
11030,10,10000
11031,10,20000
11032,10,5000
11033,10,30000
11034,10,5000
11035,10,5000
11036,10,0
11037,10,40000
11038,10,30000
11039,10,0
11040,10,20000
11041,10,0
11042,10,20000
11043,10,0
11044,10,0
11045,10,0
11046,10,20000
11047,10,20000
11048,10,10
11049,10,30000
11050,10,50000
11051,10,5000
11052,10,20000
11053,10,30000
11054,10,0
11055,10,0
11056,10,0
11057,10,20000
11058,10,0
11059,10,50000
11060,10,10000
11061,10,0
11062,10,20000
11063,10,40000
11064,10,0
11065,10,5000
11066,10,20000
11067,10,20000
11068,10,40000
11069,10,20000
11070,10,5000
11071,10,30000
11072,10,50000
11073,10,5000
11074,10,20000
11075,10,0
11076,10,10000
11077,10,0
11078,10,0
11079,10,0
11080,10,0
11081,10,5000
11082,10,30000
11083,10,5000
11084,10,20000
11085,10,0
11086,10,0
11087,10,5000
11088,10,30000
11089,10,50000
11090,10,0
11091,10,20000
11092,10,0
11093,10,30000
11094,10,40000
11095,10,20000
11096,10,0
11097,10,50000
11098,10,50000
11099,10,0
11100,10,10000
11101,10,5000
11102,10,30000
11103,10,0
11104,10,40000
11105,10,40000
11106,10,50000
11107,10,0
11108,10,10000
11109,10,20000
11110,10,50000
11111,10,40000
11112,10,0
11113,10,0
11114,10,10000
11115,10,0
11116,10,0
11117,10,50000
11118,10,50000
11119,10,50000
11120,10,0
11121,10,10000
11122,10,0
11123,10,40000
11124,10,0
11125,10,30000
11126,10,0
11127,10,30000
11128,10,5000
11129,10,50000
11130,10,5000
11131,10,40000
11132,10,40000
11133,10,30000
11134,10,0
11135,10,30000
11136,10,30000
11137,10,0
11138,10,5000
11139,10,0
11140,10,0
11141,10,5000
11142,10,10000
11143,10,0
11144,10,30000
11145,10,30000
11146,10,30000
11147,10,30000
11148,10,30000
11149,10,0
11150,10,30000
11151,10,0
11152,10,50000
11153,10,0
11154,10,0
11155,10,0
11156,10,50000
11157,10,5000
11158,10,0
11159,10,30000
11160,10,30000
11161,10,0
11162,10,20000
11163,10,50000
11164,10,0
11165,10,20000
11166,10,0
11167,10,50000
11168,10,30000
11169,10,0
11170,10,50000
11171,10,20000
11172,10,0
11173,10,50000
11174,10,40000
11175,10,40000
11176,10,30000
11177,10,0
11178,10,30000
11179,10,10
11180,10,0
11181,10,0
11182,10,30000
11183,10,40000
11184,10,0
11185,10,50000
11186,10,0
11187,10,0
11188,10,10000
11189,10,5000
11190,10,20000
11191,10,30000
11192,10,40000
11193,10,0
11194,10,20000
11195,10,5000
11196,10,5000
11197,10,30000
11198,10,50000
11199,10,50000
11200,10,40000
11201,10,20000
11202,10,50000
11203,10,10000
11204,10,5000
11205,10,5000
11206,10,5000
11207,10,50000
11208,10,40000
11209,10,10000
11210,10,0
11211,10,30000
11212,10,50000
11213,10,0
11214,10,0
11215,10,0
11216,10,5000
11217,10,10000
11218,10,40000
11219,10,20000
11220,10,50000
11221,10,0
11222,10,5000
11223,10,50000
11224,10,50000
11225,10,20000
11226,10,20000
11227,10,30000
11228,10,0
11229,10,5000
11230,10,40000
11231,10,10000
11232,10,50000
11233,10,40000
11234,10,50000
11235,10,30000
11236,10,20000
11237,10,0
11238,10,0
11239,10,5000
11240,10,40000
11241,10,5000
11242,10,50000
11243,10,10000
11244,10,20000
11245,10,30000
11246,10,50000
11247,10,10
11248,10,0
11249,10,0
11250,10,0
11251,10,0
11252,10,0
11253,10,0
11254,10,20000
11255,10,20000
11256,10,30000
11257,10,40000
11258,10,0
11259,10,20000
11260,10,0
11261,10,30000
11262,10,40000
11263,10,0
11264,10,0
11265,10,20000
11266,10,5000
11267,10,0
11268,10,40000
11269,10,50000
11270,10,5000
11271,10,50000
11272,10,20000
11273,10,30000
11274,10,50000
11275,10,0
11276,10,0
11277,10,0
11278,10,30000
11279,10,20000
11280,10,20000
11281,10,40000
11282,10,50000
11283,10,40000
11284,10,20000
11285,10,20000
11286,10,50000
11287,10,50000
11288,10,20000
11289,10,50000
11290,10,5000
11291,10,5000
11292,10,40000
11293,10,20000
11294,10,40000
11295,10,10000
11296,10,5000
11297,10,10000
11298,10,40000
11299,10,0
11300,10,5000
11301,10,10000
11302,10,10000
11303,10,0
11304,10,5000
11305,10,40000
11306,10,5000
11307,10,0
11308,10,30000
11309,10,0
11310,10,10000
11311,10,20000
11312,10,50000
11313,10,50000
11314,10,0
11315,10,10000
11316,10,30000
11317,10,20000
11318,10,30000
11319,10,10000
11320,10,10000
11321,10,30000
11322,10,20000
11323,10,20000
11324,10,10000
11325,10,0
11326,10,0
11327,10,20000
11328,10,40000
11329,10,0
11330,10,40000
11331,10,5000
11332,10,50000
11333,10,5000
11334,10,0
11335,10,30000
11336,10,5000
11337,10,40000
11338,10,10000
11339,10,30000
11340,10,20000
11341,10,0
11342,10,30000
11343,10,50000
11344,10,0
11345,10,40000
11346,10,50000
11347,10,30000
11348,10,20000
11349,10,40000
11350,10,50000
11351,10,0
11352,10,0
11353,10,5000
11354,10,10000
11355,10,10000
11356,10,0
11357,10,30000
11358,10,0
11359,10,0
11360,10,0
11361,10,30000
11362,10,50000
11363,10,5000
11364,10,50000
11365,10,10000
11366,10,0
11367,10,0
11368,10,0
11369,10,20000
11370,10,5000
11371,10,30000
11372,10,0
11373,10,20000
11374,10,0
11375,10,10000
11376,10,0
11377,10,40000
11378,10,0
11379,10,5000
11380,10,0
11381,10,30000
11382,10,30000
11383,10,0
11384,10,30000
11385,10,40000
11386,10,40000
11387,10,0
11388,10,20000
11389,10,5000
11390,10,30000
11391,10,10000
11392,10,50000
11393,10,30000
11394,10,10000
11395,10,0
11396,10,10000
11397,10,0
11398,10,0
11399,10,0
11400,10,10000
11401,10,20000
11402,10,30000
11403,10,40000
11404,10,20000
11405,10,30000
11406,10,20000
11407,10,20000
11408,10,30000
11409,10,0
11410,10,50000
11411,10,10000
11412,10,20000
11413,10,5000
11414,10,40000
11415,10,20000
11416,10,50000
11417,10,30000
11418,10,10000
11419,10,0
11420,10,5000
11421,10,40000
11422,10,30000
11423,10,0
11424,10,0
11425,10,40000
11426,10,10000
11427,10,20000
11428,10,20000
11429,10,0
11430,10,0
11431,10,0
11432,10,5000
11433,10,50000
11434,10,20000
11435,10,0
11436,10,5000
11437,10,10000
11438,10,10000
11439,10,0
11440,10,30000
11441,10,5000
11442,10,50000
11443,10,0
11444,10,50000
11445,10,40000
11446,10,0
11447,10,0
11448,10,0
11449,10,20000
11450,10,40000
11451,10,50000
11452,10,50000
11453,10,30000
11454,10,0
11455,10,0
11456,10,20000
11457,10,50000
11458,10,0
11459,10,0
11460,10,30000
11461,10,5000
11462,10,50000
11463,10,50000
11464,10,0
11465,10,5000
11466,10,20000
11467,10,20000
11468,10,40000
11469,10,0
11470,10,0
11471,10,20000
11472,10,0
11473,10,30000
11474,10,40000
11475,10,0
11476,10,0
11477,10,50000
11478,10,50000
11479,10,0
11480,10,0
11481,10,30000
11482,10,50000
11483,10,50000
11484,10,0
11485,10,50000
11486,10,0
11487,10,0
11488,10,40000
11489,10,0
11490,10,50000
11491,10,30000
11492,10,20000
11493,10,10000
11494,10,50000
11495,10,0
11496,10,10000
11497,10,0
11498,10,20000
11499,10,0
11500,10,0
11501,10,50000
11502,10,50000
11503,10,0
11504,10,20000
11505,10,10000
11506,10,20000
11507,10,50000
11508,10,20000
11509,10,10000
11510,10,40000
11511,10,50000
11512,10,40000
11513,10,50000
11514,10,50000
11515,10,0
11516,10,0
11517,10,40000
11518,10,0
11519,10,30000
11520,10,10000
11521,10,50000
11522,10,0
11523,10,40000
11524,10,30000
11525,10,10000
11526,10,50000
11527,10,20000
11528,10,50000
11529,10,0
11530,10,40000
11531,10,20000
11532,10,20000
11533,10,30000
11534,10,20000
11535,10,20000
11536,10,5000
11537,10,40000
11538,10,30000
11539,10,10000
11540,10,10000
11541,10,5000
11542,10,10000
11543,10,20000
11544,10,50000
11545,10,20000
11546,10,30000
11547,10,20000
11548,10,30000
11549,10,20000
11550,10,10000
11551,10,10000
11552,10,0
11553,10,50000
11554,10,30000
11555,10,0
11556,10,0
11557,10,40000
11558,10,50000
11559,10,50000
11560,10,0
11561,10,20000
11562,10,0
11563,10,30000
11564,10,30000
11565,10,0
11566,10,0
11567,10,5000
11568,10,0
11569,10,0
11570,10,10000
11571,10,20000
11572,10,20000
11573,10,10000
11574,10,50000
11575,10,0
11576,10,30000
11577,10,0
11578,10,20000
11579,10,50000
11580,10,20000
11581,10,0
11582,10,0
11583,10,30000
11584,10,20000
11585,10,20000
11586,10,50000
11587,10,30000
11588,10,30000
11589,10,5000
11590,10,20000
11591,10,30000
11592,10,0
11593,10,50000
11594,10,5000
11595,10,0
11596,10,50000
11597,10,20000
11598,10,0
11599,10,0
11600,10,40000
11601,10,5000
11602,10,20000
11603,10,10000
11604,10,40000
11605,10,30000
11606,10,5000
11607,10,5000
11608,10,20000
11609,10,50000
11610,10,20000
11611,10,0
11612,10,20000
11613,10,20000
11614,10,10000
11615,10,20000
11616,10,30000
11617,10,0
11618,10,30000
11619,10,30000
11620,10,0
11621,10,30000
11622,10,10000
11623,10,20000
11624,10,5000
11625,10,50000
11626,10,5000
11627,10,30000
11628,10,30000
11629,10,50000
11630,10,0
11631,10,50000
11632,10,0
11633,10,40000
11634,10,5000
11635,10,0
11636,10,5000
11637,10,30000
11638,10,20000
11639,10,40000
11640,10,0
11641,10,10000
11642,10,20000
11643,10,10000
11644,10,5000
11645,10,0
11646,10,30000
11647,10,30000
11648,10,20000
11649,10,5000
11650,10,0
11651,10,50000
11652,10,10000
11653,10,5000
11654,10,5000
11655,10,50000
11656,10,30000
11657,10,0
11658,10,30000
11659,10,50000
11660,10,10000
11661,10,40000
11662,10,30000
11663,10,10000
11664,10,20000
11665,10,0
11666,10,0
11667,10,0
11668,10,5000
11669,10,40000
11670,10,50000
11671,10,50000
11672,10,40000
11673,10,50000
11674,10,0
11675,10,5000
11676,10,5000
11677,10,20000
11678,10,5000
11679,10,30000
11680,10,10000
11681,10,0
11682,10,30000
11683,10,30000
11684,10,50000
11685,10,0
11686,10,10000
11687,10,50000
11688,10,50000
11689,10,40000
11690,10,30000
11691,10,30000
11692,10,0
11693,10,30000
11694,10,50000
11695,10,5000
11696,10,30000
11697,10,20000
11698,10,50000
11699,10,0
11700,10,50000
11701,10,0
11702,10,0
11703,10,20000
11704,10,10000
11705,10,0
11706,10,5000
11707,10,0
11708,10,10000
11709,10,5000
11710,10,50000
11711,10,40000
11712,10,0
11713,10,10000
11714,10,40000
11715,10,0
11716,10,20000
11717,10,40000
11718,10,5000
11719,10,20000
11720,10,50000
11721,10,5000
11722,10,10000
11723,10,0
11724,10,40000
11725,10,5000
11726,10,40000
11727,10,50000
11728,10,0
11729,10,50000
11730,10,50000
11731,10,30000
11732,10,10000
11733,10,10000
11734,10,40000
11735,10,10
11736,10,10000
11737,10,0
11738,10,10000
11739,10,10000
11740,10,50000
11741,10,30000
11742,10,0
11743,10,30000
11744,10,20000
11745,10,0
11746,10,0
11747,10,20000
11748,10,0
11749,10,20000
11750,10,0
11751,10,0
11752,10,20000
11753,10,0
11754,10,40000
11755,10,0
11756,10,50000
11757,10,20000
11758,10,0
11759,10,5000
11760,10,0
11761,10,40000
11762,10,10000
11763,10,30000
11764,10,0
11765,10,5000
11766,10,30000
11767,10,20000
11768,10,20000
11769,10,10000
11770,10,20000
11771,10,0
11772,10,0
11773,10,0
11774,10,50000
11775,10,30000
11776,10,30000
11777,10,0
11778,10,30000
11779,10,30000
11780,10,0
11781,10,20000
11782,10,0
11783,10,20000
11784,10,50000
11785,10,0
11786,10,30000
11787,10,0
11788,10,0
11789,10,10000
11790,10,0
11791,10,0
11792,10,40000
11793,10,10000
11794,10,40000
11795,10,40000
11796,10,0
11797,10,5000
11798,10,0
11799,10,40000
11800,10,0
11801,10,30000
11802,10,50000
11803,10,30000
11804,10,20000
11805,10,5000
11806,10,20000
11807,10,50000
11808,10,0
11809,10,20000
11810,10,5000
11811,10,30000
11812,10,40000
11813,10,0
11814,10,0
11815,10,30000
11816,10,20000
11817,10,20000
11818,10,30000
11819,10,40000
11820,10,30000
11821,10,20000
11822,10,30000
11823,10,40000
11824,10,0
11825,10,5000
11826,10,50000
11827,10,0
11828,10,30000
11829,10,10000
11830,10,30000
11831,10,20000
11832,10,0
11833,10,0
11834,10,30000
11835,10,20000
11836,10,10000
11837,10,0
11838,10,5000
11839,10,10000
11840,10,0
11841,10,30000
11842,10,10000
11843,10,50000
11844,10,0
11845,10,30000
11846,10,20000
11847,10,40000
11848,10,20000
11849,10,50000
11850,10,50000
11851,10,40000
11852,10,20000
11853,10,10000
11854,10,40000
11855,10,0
11856,10,0
11857,10,20000
11858,10,30000
11859,10,0
11860,10,50000
11861,10,0
11862,10,0
11863,10,40000
11864,10,40000
11865,10,20000
11866,10,10000
11867,10,20000
11868,10,40000
11869,10,20000
11870,10,30000
11871,10,10000
11872,10,30000
11873,10,20000
11874,10,30000
11875,10,20000
11876,10,30000
11877,10,40000
11878,10,10000
11879,10,50000
11880,10,0
11881,10,50000
11882,10,20000
11883,10,50000
11884,10,0
11885,10,40000
11886,10,0
11887,10,20000
11888,10,10000
11889,10,30000
11890,10,0
11891,10,40000
11892,10,0
11893,10,30000
11894,10,30000
11895,10,40000
11896,10,30000
11897,10,20000
11898,10,30000
11899,10,50000
11900,10,5000
11901,10,0
11902,10,10000
11903,10,0
11904,10,0
11905,10,0
11906,10,20000
11907,10,5000
11908,10,20000
11909,10,0
11910,10,20000
11911,10,0
11912,10,0
11913,10,30000
11914,10,0
11915,10,5000
11916,10,0
11917,10,50000
11918,10,30000
11919,10,0
11920,10,0
11921,10,30000
11922,10,30000
11923,10,30000
11924,10,0
11925,10,5000
11926,10,10000
11927,10,40000
11928,10,10000
11929,10,5000
11930,10,0
11931,10,0
11932,10,50000
11933,10,5000
11934,10,10000
11935,10,10000
11936,10,0
11937,10,10000
11938,10,50000
11939,10,0
11940,10,0
11941,10,0
11942,10,5000
11943,10,0
11944,10,5000
11945,10,20000
11946,10,5000
11947,10,10000
11948,10,30000
11949,10,5000
11950,10,0
11951,10,50000
11952,10,5000
11953,10,0
11954,10,0
11955,10,20000
11956,10,10000
11957,10,5000
11958,10,20000
11959,10,50000
11960,10,40000
11961,10,50000
11962,10,50000
11963,10,0
11964,10,5000
11965,10,50000
11966,10,0
11967,10,20000
11968,10,50000
11969,10,10000
11970,10,0
11971,10,0
11972,10,5000
11973,10,50000
11974,10,10000
11975,10,30000
11976,10,20000
11977,10,0
11978,10,0
11979,10,30000
11980,10,50000
11981,10,50000
11982,10,40000
11983,10,40000
11984,10,0
11985,10,40000
11986,10,0
11987,10,50000
11988,10,10000
11989,10,10000
11990,10,40000
11991,10,20000
11992,10,40000
11993,10,40000
11994,10,5000
11995,10,0
11996,10,0
11997,10,0
11998,10,10000
11999,10,20000
12000,10,30000
12001,10,20000
12002,10,30000
12003,10,50000
12004,10,0
12005,10,5000
12006,10,40000
12007,10,30000
12008,10,5000
12009,10,30000
12010,10,5000
12011,10,20000
12012,10,20000
12013,10,5000
12014,10,50000
12015,10,0
12016,10,0
12017,10,50000
12018,10,0
12019,10,0
12020,10,50000
12021,10,40000
12022,10,40000
12023,10,40000
12024,10,0
12025,10,30000
12026,10,0
12027,10,5000
12028,10,5000
12029,10,10000
12030,10,0
12031,10,20000
12032,10,40000
12033,10,0
12034,10,30000
12035,10,0
12036,10,40000
12037,10,0
12038,10,30000
12039,10,0
12040,10,0
12041,10,40000
12042,10,50000
12043,10,20000
12044,10,10000
12045,10,10000
12046,10,30000
12047,10,50000
12048,10,30000
12049,10,10000
12050,10,0
12051,10,30000
12052,10,10
12053,10,40000
12054,10,10000
12055,10,10000
12056,10,50000
12057,10,20000
12058,10,0
12059,10,50000
12060,10,50000
12061,10,30000
12062,10,20000
12063,10,40000
12064,10,0
12065,10,30000
12066,10,30000
12067,10,20000
12068,10,40000
12069,10,0
12070,10,20000
12071,10,0
12072,10,10000
12073,10,30000
12074,10,20000
12075,10,0
12076,10,20000
12077,10,20000
12078,10,50000
12079,10,0
12080,10,0
12081,10,50000
12082,10,30000
12083,10,20000
12084,10,10000
12085,10,40000
12086,10,20000
12087,10,40000
12088,10,0
12089,10,20000
12090,10,40000
12091,10,5000
12092,10,50000
12093,10,5000
12094,10,20000
12095,10,5000
12096,10,5000
12097,10,0
12098,10,10000
12099,10,5000
12100,10,30000
12101,10,20000
12102,10,30000
12103,10,50000
12104,10,30000
12105,10,40000
12106,10,20000
12107,10,0
12108,10,5000
12109,10,10000
12110,10,0
12111,10,20000
12112,10,10000
12113,10,40000
12114,10,30000
12115,10,20000
12116,10,30000
12117,10,30000
12118,10,0
12119,10,20000
12120,10,10000
12121,10,50000
12122,10,50000
12123,10,0
12124,10,20000
12125,10,5000
12126,10,50000
12127,10,0
12128,10,0
12129,10,5000
12130,10,5000
12131,10,40000
12132,10,40000
12133,10,0
12134,10,50000
12135,10,50000
12136,10,30000
12137,10,50000
12138,10,0
12139,10,20000
12140,10,20000
12141,10,0
12142,10,40000
12143,10,0
12144,10,50000
12145,10,20000
12146,10,0
12147,10,40000
12148,10,0
12149,10,10000
12150,10,10000
12151,10,40000
12152,10,0
12153,10,5000
12154,10,20000
12155,10,20000
12156,10,20000
12157,10,0
12158,10,30000
12159,10,5000
12160,10,0
12161,10,0
12162,10,20000
12163,10,40000
12164,10,5000
12165,10,10000
12166,10,40000
12167,10,5000
12168,10,30000
12169,10,5000
12170,10,30000
12171,10,20000
12172,10,0
12173,10,50000
12174,10,0
12175,10,50000
12176,10,5000
12177,10,20000
12178,10,40000
12179,10,0
12180,10,20000
12181,10,10000
12182,10,0
12183,10,0
12184,10,0
12185,10,0
12186,10,20000
12187,10,5000
12188,10,0
12189,10,20000
12190,10,20000
12191,10,0
12192,10,5000
12193,10,20000
12194,10,40000
12195,10,20000
12196,10,5000
12197,10,50000
12198,10,0
12199,10,0
12200,10,10000
12201,10,0
12202,10,0
12203,10,40000
12204,10,30000
12205,10,40000
12206,10,0
12207,10,5000
12208,10,0
12209,10,50000
12210,10,5000
12211,10,0
12212,10,20000
12213,10,0
12214,10,20000
12215,10,20000
12216,10,0
12217,10,5000
12218,10,40000
12219,10,10000
12220,10,5000
12221,10,20000
12222,10,0
12223,10,40000
12224,10,30000
12225,10,5000
12226,10,0
12227,10,50000
12228,10,0
12229,10,0
12230,10,0
12231,10,30000
12232,10,30000
12233,10,5000
12234,10,0
12235,10,5000
12236,10,10000
12237,10,20000
12238,10,0
12239,10,0
12240,10,0
12241,10,30000
12242,10,5000
12243,10,30000
12244,10,10000
12245,10,20000
12246,10,0
12247,10,10000
12248,10,10000
12249,10,40000
12250,10,30000
12251,10,0
12252,10,10000
12253,10,30000
12254,10,50000
12255,10,0
12256,10,10000
12257,10,0
12258,10,10000
12259,10,10000
12260,10,20000
12261,10,10000
12262,10,5000
12263,10,50000
12264,10,10000
12265,10,20000
12266,10,0
12267,10,0
12268,10,40000
12269,10,10000
12270,10,5000
12271,10,0
12272,10,50000
12273,10,20000
12274,10,5000
12275,10,20000
12276,10,20000
12277,10,50000
12278,10,0
12279,10,0
12280,10,30000
12281,10,0
12282,10,5000
12283,10,0
12284,10,0
12285,10,50000
12286,10,30000
12287,10,0
12288,10,20000
12289,10,0
12290,10,0
12291,10,30000
12292,10,5000
12293,10,0
12294,10,5000
12295,10,0
12296,10,0
12297,10,30000
12298,10,50000
12299,10,50000
12300,10,10000
12301,10,5000
12302,10,5000
12303,10,5000
12304,10,0
12305,10,0
12306,10,40000
12307,10,10000
12308,10,10000
12309,10,10000
12310,10,30000
12311,10,30000
12312,10,0
12313,10,20000
12314,10,0
12315,10,0
12316,10,0
12317,10,0
12318,10,30000
12319,10,5000
12320,10,10000
12321,10,20000
12322,10,30000
12323,10,0
12324,10,5000
12325,10,20000
12326,10,0
12327,10,0
12328,10,10000
12329,10,30000
12330,10,40000
12331,10,0
12332,10,20000
12333,10,50000
12334,10,5000
12335,10,5000
12336,10,20000
12337,10,0
12338,10,0
12339,10,5000
12340,10,50000
12341,10,10000
12342,10,50000
12343,10,0
12344,10,0
12345,10,30000
12346,10,10000
12347,10,40000
12348,10,50000
12349,10,0
12350,10,5000
12351,10,5000
12352,10,30000
12353,10,20000
12354,10,40000
12355,10,50000
12356,10,50000
12357,10,30000
12358,10,0
12359,10,0
12360,10,20000
12361,10,0
12362,10,30000
12363,10,10000
12364,10,0
12365,10,0
12366,10,30000
12367,10,20000
12368,10,0
12369,10,5000
12370,10,30000
12371,10,20000
12372,10,50000
12373,10,30000
12374,10,0
12375,10,10000
12376,10,10000
12377,10,50000
12378,10,0
12379,10,0
12380,10,30000
12381,10,5000
12382,10,0
12383,10,50000
12384,10,5000
12385,10,20000
12386,10,50000
12387,10,10000
12388,10,20000
12389,10,0
12390,10,0
12391,10,40000
12392,10,20000
12393,10,0
12394,10,10000
12395,10,0
12396,10,5000
12397,10,40000
12398,10,0
12399,10,0
12400,10,10000
12401,10,40000
12402,10,40000
12403,10,20000
12404,10,30000
12405,10,0
12406,10,5000
12407,10,0
12408,10,5000
12409,10,40000
12410,10,20000
12411,10,10000
12412,10,0
12413,10,20000
12414,10,5000
12415,10,0
12416,10,10000
12417,10,50000
12418,10,40000
12419,10,0
12420,10,0
12421,10,30000
12422,10,20000
12423,10,40000
12424,10,10000
12425,10,10000
12426,10,20000
12427,10,50000
12428,10,0
12429,10,20000
12430,10,30000
12431,10,30000
12432,10,10000
12433,10,50000
12434,10,5000
12435,10,0
12436,10,30000
12437,10,20000
12438,10,0
12439,10,50000
12440,10,40000
12441,10,0
12442,10,0
12443,10,0
12444,10,50000
12445,10,0
12446,10,50000
12447,10,0
12448,10,50000
12449,10,40000
12450,10,50000
12451,10,20000
12452,10,0
12453,10,5000
12454,10,0
12455,10,40000
12456,10,0
12457,10,20000
12458,10,0
12459,10,50000
12460,10,0
12461,10,0
12462,10,0
12463,10,10000
12464,10,30000
12465,10,30000
12466,10,50000
12467,10,40000
12468,10,5000
12469,10,0
12470,10,20000
12471,10,0
12472,10,10000
12473,10,0
12474,10,0
12475,10,5000
12476,10,50000
12477,10,50000
12478,10,10000
12479,10,5000
12480,10,0
12481,10,5000
12482,10,10000
12483,10,50000
12484,10,5000
12485,10,0
12486,10,50000
12487,10,30000
12488,10,20000
12489,10,20000
12490,10,0
12491,10,50000
12492,10,40000
12493,10,40000
12494,10,30000
12495,10,40000
12496,10,50000
12497,10,0
12498,10,5000
12499,10,20000
12500,10,0
12501,10,30000
12502,10,30000
12503,10,0
12504,10,20000
12505,10,30000
12506,10,5000
12507,10,30000
12508,10,0
12509,10,40000
12510,10,10000
12511,10,0
12512,10,10000
12513,10,0
12514,10,5000
12515,10,5000
12516,10,0
12517,10,10000
12518,10,0
12519,10,30000
12520,10,30000
12521,10,30000
12522,10,30000
12523,10,40000
12524,10,10000
12525,10,0
12526,10,0
12527,10,0
12528,10,10000
12529,10,20000
12530,10,50000
12531,10,0
12532,10,0
12533,10,40000
12534,10,30000
12535,10,30000
12536,10,50000
12537,10,30000
12538,10,50000
12539,10,40000
12540,10,20000
12541,10,0
12542,10,0
12543,10,10000
12544,10,0
12545,10,0
12546,10,10000
12547,10,40000
12548,10,30000
12549,10,5000
12550,10,10000
12551,10,50000
12552,10,10
12553,10,30000
12554,10,50000
12555,10,20000
12556,10,40000
12557,10,0
12558,10,30000
12559,10,20000
12560,10,20000
12561,10,5000
12562,10,10000
12563,10,20000
12564,10,20000
12565,10,0
12566,10,50000
12567,10,10000
12568,10,0
12569,10,0
12570,10,20000
12571,10,50000
12572,10,10000
12573,10,40000
12574,10,20000
12575,10,10000
12576,10,30000
12577,10,30000
12578,10,40000
12579,10,0
12580,10,0
12581,10,40000
12582,10,0
12583,10,40000
12584,10,10000
12585,10,0
12586,10,10000
12587,10,40000
12588,10,0
12589,10,10000
12590,10,20000
12591,10,0
12592,10,0
12593,10,40000
12594,10,50000
12595,10,5000
12596,10,10000
12597,10,0
12598,10,20000
12599,10,0
12600,10,0
12601,10,30000
12602,10,10000
12603,10,10000
12604,10,50000
12605,10,50000
12606,10,50000
12607,10,5000
12608,10,30000
12609,10,30000
12610,10,10000
12611,10,10000
12612,10,20000
12613,10,20000
12614,10,20000
12615,10,30000
12616,10,10000
12617,10,20000
12618,10,40000
12619,10,30000
12620,10,40000
12621,10,0
12622,10,0
12623,10,0
12624,10,40000
12625,10,0
12626,10,0
12627,10,30000
12628,10,10000
12629,10,50000
12630,10,5000
12631,10,30000
12632,10,50000
12633,10,30000
12634,10,40000
12635,10,0
12636,10,0
12637,10,10000
12638,10,5000
12639,10,20000
12640,10,40000
12641,10,0
12642,10,50000
12643,10,20000
12644,10,0
12645,10,20000
12646,10,0
12647,10,10000
12648,10,0
12649,10,40000
12650,10,30000
12651,10,0
12652,10,0
12653,10,0
12654,10,30000
12655,10,30000
12656,10,30000
12657,10,20000
12658,10,5000
12659,10,50000
12660,10,30000
12661,10,20000
12662,10,20000
12663,10,30000
12664,10,0
12665,10,20000
12666,10,40000
12667,10,0
12668,10,10
12669,10,10000
12670,10,30000
12671,10,40000
12672,10,10000
12673,10,5000
12674,10,20000
12675,10,50000
12676,10,50000
12677,10,0
12678,10,50000
12679,10,5000
12680,10,50000
12681,10,40000
12682,10,5000
12683,10,5000
12684,10,5000
12685,10,0
12686,10,30000
12687,10,50000
12688,10,20000
12689,10,5000
12690,10,30000
12691,10,0
12692,10,0
12693,10,5000
12694,10,0
12695,10,0
12696,10,0
12697,10,5000
12698,10,10000
12699,10,50000
12700,10,50000
12701,10,0
12702,10,10000
12703,10,50000
12704,10,0
12705,10,0
12706,10,5000
12707,10,20000
12708,10,5000
12709,10,20000
12710,10,0
12711,10,20000
12712,10,5000
12713,10,20000
12714,10,20000
12715,10,20000
12716,10,10000
12717,10,50000
12718,10,30000
12719,10,5000
12720,10,0
12721,10,20000
12722,10,0
12723,10,0
12724,10,30000
12725,10,0
12726,10,0
12727,10,0
12728,10,20000
12729,10,10000
12730,10,10000
12731,10,5000
12732,10,0
12733,10,0
12734,10,20000
12735,10,5000
12736,10,10000
12737,10,40000
12738,10,10000
12739,10,5000
12740,10,0
12741,10,0
12742,10,0
12743,10,5000
12744,10,20000
12745,10,10000
12746,10,0
12747,10,10000
12748,10,40000
12749,10,30000
12750,10,5000
12751,10,0
12752,10,50000
12753,10,0
12754,10,5000
12755,10,40000
12756,10,5000
12757,10,10000
12758,10,5000
12759,10,50000
12760,10,10000
12761,10,50000
12762,10,20000
12763,10,0
12764,10,50000
12765,10,20000
12766,10,20000
12767,10,5000
12768,10,30000
12769,10,5000
12770,10,20000
12771,10,5000
12772,10,0
12773,10,10000
12774,10,10000
12775,10,5000
12776,10,40000
12777,10,0
12778,10,0
12779,10,40000
12780,10,0
12781,10,20000
12782,10,40000
12783,10,40000
12784,10,5000
12785,10,50000
12786,10,50000
12787,10,20000
12788,10,5000
12789,10,5000
12790,10,40000
12791,10,50000
12792,10,0
12793,10,50000
12794,10,10000
12795,10,30000
12796,10,0
12797,10,40000
12798,10,20000
12799,10,30000
12800,10,5000
12801,10,50000
12802,10,30000
12803,10,20000
12804,10,10000
12805,10,30000
12806,10,20000
12807,10,5000
12808,10,0
12809,10,40000
12810,10,0
12811,10,10000
12812,10,10000
12813,10,0
12814,10,30000
12815,10,0
12816,10,40000
12817,10,20000
12818,10,50000
12819,10,5000
12820,10,5000
12821,10,5000
12822,10,10000
12823,10,30000
12824,10,0
12825,10,50000
12826,10,20000
12827,10,50000
12828,10,0
12829,10,30000
12830,10,50000
12831,10,0
12832,10,50000
12833,10,10000
12834,10,20000
12835,10,20000
12836,10,0
12837,10,40000
12838,10,50000
12839,10,0
12840,10,20000
12841,10,50000
12842,10,20000
12843,10,0
12844,10,0
12845,10,30000
12846,10,0
12847,10,0
12848,10,40000
12849,10,0
12850,10,0
12851,10,0
12852,10,50000
12853,10,50000
12854,10,10000
12855,10,20000
12856,10,20000
12857,10,20000
12858,10,5000
12859,10,20000
12860,10,20000
12861,10,20000
12862,10,30000
12863,10,20000
12864,10,20000
12865,10,20000
12866,10,50000
12867,10,50000
12868,10,0
12869,10,50000
12870,10,0
12871,10,50000
12872,10,0
12873,10,10000
12874,10,5000
12875,10,0
12876,10,20000
12877,10,40000
12878,10,0
12879,10,50000
12880,10,10000
12881,10,20000
12882,10,0
12883,10,30000
12884,10,10000
12885,10,50000
12886,10,50000
12887,10,20000
12888,10,50000
12889,10,30000
12890,10,50000
12891,10,0
12892,10,30000
12893,10,0
12894,10,5000
12895,10,20000
12896,10,0
12897,10,20000
12898,10,30000
12899,10,20000
12900,10,0
12901,10,40000
12902,10,0
12903,10,50000
12904,10,20000
12905,10,20000
12906,10,10000
12907,10,0
12908,10,30000
12909,10,5000
12910,10,0
12911,10,20000
12912,10,30000
12913,10,20000
12914,10,10000
12915,10,30000
12916,10,30000
12917,10,20000
12918,10,40000
12919,10,40000
12920,10,30000
12921,10,0
12922,10,50000
12923,10,30000
12924,10,20000
12925,10,20000
12926,10,0
12927,10,0
12928,10,20000
12929,10,30000
12930,10,0
12931,10,40000
12932,10,0
12933,10,10000
12934,10,50000
12935,10,20000
12936,10,10
12937,10,0
12938,10,50000
12939,10,10000
12940,10,50000
12941,10,20000
12942,10,20000
12943,10,20000
12944,10,0
12945,10,20000
12946,10,20000
12947,10,0
12948,10,0
12949,10,20000
12950,10,50000
12951,10,0
12952,10,0
12953,10,30000
12954,10,0
12955,10,0
12956,10,0
12957,10,40000
12958,10,10000
12959,10,30000
12960,10,20000
12961,10,10000
12962,10,50000
12963,10,5000
12964,10,20000
12965,10,0
12966,10,0
12967,10,0
12968,10,30000
12969,10,20000
12970,10,50000
12971,10,0
12972,10,20000
12973,10,30000
12974,10,40000
12975,10,40000
12976,10,40000
12977,10,30000
12978,10,0
12979,10,30000
12980,10,20000
12981,10,10000
12982,10,50000
12983,10,30000
12984,10,40000
12985,10,40000
12986,10,0
12987,10,50000
12988,10,5000
12989,10,5000
12990,10,30000
12991,10,0
12992,10,30000
12993,10,0
12994,10,10000
12995,10,5000
12996,10,0
12997,10,30000
12998,10,40000
12999,10,0
13000,10,20000
13001,10,10000
13002,10,30000
13003,10,0
13004,10,40000
13005,10,10000
13006,10,40000
13007,10,20000
13008,10,30000
13009,10,50000
13010,10,30000
13011,10,0
13012,10,40000
13013,10,50000
13014,10,20000
13015,10,0
13016,10,20000
13017,10,10000
13018,10,5000
13019,10,10
13020,10,40000
13021,10,10000
13022,10,0
13023,10,0
13024,10,0
13025,10,30000
13026,10,40000
13027,10,0
13028,10,0
13029,10,20000
13030,10,30000
13031,10,20000
13032,10,30000
13033,10,0
13034,10,20000
13035,10,0
13036,10,40000
13037,10,20000
13038,10,0
13039,10,50000
13040,10,40000
13041,10,20000
13042,10,30000
13043,10,0
13044,10,50000
13045,10,0
13046,10,0
13047,10,0
13048,10,20000
13049,10,5000
13050,10,10000
13051,10,0
13052,10,40000
13053,10,30000
13054,10,40000
13055,10,30000
13056,10,10000
13057,10,20000
13058,10,0
13059,10,5000
13060,10,50000
13061,10,0
13062,10,5000
13063,10,5000
13064,10,0
13065,10,40000
13066,10,30000
13067,10,30000
13068,10,10000
13069,10,20000
13070,10,20000
13071,10,40000
13072,10,20000
13073,10,0
13074,10,10000
13075,10,0
13076,10,20000
13077,10,40000
13078,10,50000
13079,10,5000
13080,10,30000
13081,10,0
13082,10,5000
13083,10,5000
13084,10,10000
13085,10,30000
13086,10,5000
13087,10,20000
13088,10,30000
13089,10,20000
13090,10,50000
13091,10,0
13092,10,0
13093,10,30000
13094,10,40000
13095,10,0
13096,10,40000
13097,10,10000
13098,10,10000
13099,10,40000
13100,10,30000
13101,10,5000
13102,10,0
13103,10,10000
13104,10,30000
13105,10,0
13106,10,5000
13107,10,20000
13108,10,0
13109,10,50000
13110,10,0
13111,10,20000
13112,10,40000
13113,10,5000
13114,10,0
13115,10,40000
13116,10,20000
13117,10,10000
13118,10,50000
13119,10,40000
13120,10,20000
13121,10,50000
13122,10,10000
13123,10,40000
13124,10,20000
13125,10,50000
13126,10,5000
13127,10,50000
13128,10,10000
13129,10,0
13130,10,5000
13131,10,0
13132,10,0
13133,10,20000
13134,10,30000
13135,10,50000
13136,10,40000
13137,10,30000
13138,10,5000
13139,10,30000
13140,10,30000
13141,10,0
13142,10,10000
13143,10,0
13144,10,40000
13145,10,0
13146,10,5000
13147,10,30000
13148,10,5000
13149,10,5000
13150,10,5000
13151,10,5000
13152,10,5000
13153,10,20000
13154,10,50000
13155,10,20000
13156,10,0
13157,10,20000
13158,10,40000
13159,10,20000
13160,10,0
13161,10,40000
13162,10,30000
13163,10,0
13164,10,50000
13165,10,20000
13166,10,10000
13167,10,50000
13168,10,0
13169,10,0
13170,10,5000
13171,10,0
13172,10,30000
13173,10,50000
13174,10,30000
13175,10,10000
13176,10,40000
13177,10,5000
13178,10,20000
13179,10,30000
13180,10,0
13181,10,5000
13182,10,50000
13183,10,30000
13184,10,30000
13185,10,30000
13186,10,0
13187,10,20000
13188,10,50000
13189,10,5000
13190,10,5000
13191,10,5000
13192,10,50000
13193,10,10000
13194,10,10000
13195,10,30000
13196,10,30000
13197,10,50000
13198,10,30000
13199,10,50000
13200,10,20000
13201,10,50000
13202,10,40000
13203,10,0
13204,10,10000
13205,10,20000
13206,10,30000
13207,10,50000
13208,10,30000
13209,10,0
13210,10,5000
13211,10,50000
13212,10,20000
13213,10,40000
13214,10,20000
13215,10,40000
13216,10,20000
13217,10,10000
13218,10,20000
13219,10,5000
13220,10,0
13221,10,0
13222,10,10000
13223,10,0
13224,10,30000
13225,10,50000
13226,10,50000
13227,10,50000
13228,10,0
13229,10,40000
13230,10,10000
13231,10,20000
13232,10,20000
13233,10,5000
13234,10,0
13235,10,0
13236,10,10000
13237,10,0
13238,10,10
13239,10,30000
13240,10,10000
13241,10,50000
13242,10,30000
13243,10,50000
13244,10,20000
13245,10,30000
13246,10,10
13247,10,20000
13248,10,50000
13249,10,20000
13250,10,30000
13251,10,0
13252,10,40000
13253,10,10000
13254,10,0
13255,10,5000
13256,10,0
13257,10,40000
13258,10,50000
13259,10,40000
13260,10,5000
13261,10,30000
13262,10,0
13263,10,10000
13264,10,20000
13265,10,20000
13266,10,50000
13267,10,5000
13268,10,0
13269,10,30000
13270,10,5000
13271,10,20000
13272,10,20000
13273,10,0
13274,10,30000
13275,10,20000
13276,10,50000
13277,10,10000
13278,10,0
13279,10,0
13280,10,0
13281,10,0
13282,10,0
13283,10,0
13284,10,0
13285,10,0
13286,10,0
13287,10,20000
13288,10,20000
13289,10,40000
13290,10,30000
13291,10,40000
13292,10,10000
13293,10,30000
13294,10,30000
13295,10,0
13296,10,10000
13297,10,30000
13298,10,0
13299,10,20000
13300,10,0
13301,10,30000
13302,10,50000
13303,10,0
13304,10,30000
13305,10,5000
13306,10,5000
13307,10,40000
13308,10,20000
13309,10,0
13310,10,10000
13311,10,30000
13312,10,20000
13313,10,40000
13314,10,30000
13315,10,5000
13316,10,40000
13317,10,0
13318,10,10000
13319,10,5000
13320,10,30000
13321,10,0
13322,10,5000
13323,10,40000
13324,10,0
13325,10,50000
13326,10,0
13327,10,0
13328,10,50000
13329,10,30000
13330,10,0
13331,10,20000
13332,10,50000
13333,10,30000
13334,10,0
13335,10,0
13336,10,0
13337,10,5000
13338,10,0
13339,10,0
13340,10,40000
13341,10,0
13342,10,10000
13343,10,0
13344,10,0
13345,10,20000
13346,10,20000
13347,10,0
13348,10,50000
13349,10,5000
13350,10,0
13351,10,0
13352,10,20000
13353,10,40000
13354,10,30000
13355,10,5000
13356,10,50000
13357,10,20000
13358,10,20000
13359,10,0
13360,10,5000
13361,10,0
13362,10,40000
13363,10,10000
13364,10,0
13365,10,0
13366,10,40000
13367,10,20000
13368,10,0
13369,10,50000
13370,10,10000
13371,10,20000
13372,10,0
13373,10,0
13374,10,0
13375,10,0
13376,10,0
13377,10,50000
13378,10,0
13379,10,0
13380,10,0
13381,10,0
13382,10,0
13383,10,20000
13384,10,30000
13385,10,0
13386,10,10000
13387,10,40000
13388,10,50000
13389,10,50000
13390,10,0
13391,10,20000
13392,10,30000
13393,10,30000
13394,10,10000
13395,10,10000
13396,10,20000
13397,10,40000
13398,10,50000
13399,10,5000
13400,10,20000
13401,10,5000
13402,10,10000
13403,10,20000
13404,10,50000
13405,10,0
13406,10,5000
13407,10,30000
13408,10,10000
13409,10,20000
13410,10,50000
13411,10,50000
13412,10,30000
13413,10,40000
13414,10,0
13415,10,0
13416,10,10000
13417,10,0
13418,10,20000
13419,10,0
13420,10,20000
13421,10,5000
13422,10,20000
13423,10,5000
13424,10,5000
13425,10,0
13426,10,0
13427,10,20000
13428,10,40000
13429,10,50000
13430,10,40000
13431,10,5000
13432,10,0
13433,10,20000
13434,10,50000
13435,10,0
13436,10,20000
13437,10,50000
13438,10,5000
13439,10,20000
13440,10,40000
13441,10,5000
13442,10,0
13443,10,50000
13444,10,20000
13445,10,40000
13446,10,30000
13447,10,50000
13448,10,20000
13449,10,40000
13450,10,50000
13451,10,0
13452,10,0
13453,10,30000
13454,10,30000
13455,10,50000
13456,10,50000
13457,10,30000
13458,10,5000
13459,10,0
13460,10,0
13461,10,0
13462,10,5000
13463,10,20000
13464,10,10000
13465,10,40000
13466,10,5000
13467,10,10000
13468,10,0
13469,10,0
13470,10,30000
13471,10,20000
13472,10,50000
13473,10,50000
13474,10,0
13475,10,40000
13476,10,20000
13477,10,5000
13478,10,50000
13479,10,10000
13480,10,30000
13481,10,10000
13482,10,0
13483,10,50000
13484,10,40000
13485,10,20000
13486,10,40000
13487,10,5000
13488,10,20000
13489,10,0
13490,10,10000
13491,10,40000
13492,10,0
13493,10,40000
13494,10,0
13495,10,0
13496,10,20000
13497,10,20000
13498,10,20000
13499,10,40000
13500,10,20000
13501,10,0
13502,10,30000
13503,10,50000
13504,10,50000
13505,10,40000
13506,10,30000
13507,10,40000
13508,10,20000
13509,10,0
13510,10,10000
13511,10,50000
13512,10,0
13513,10,10000
13514,10,20000
13515,10,0
13516,10,0
13517,10,30000
13518,10,10000
13519,10,5000
13520,10,40000
13521,10,0
13522,10,0
13523,10,40000
13524,10,50000
13525,10,10000
13526,10,50000
13527,10,0
13528,10,5000
13529,10,20000
13530,10,10000
13531,10,30000
13532,10,5000
13533,10,0
13534,10,5000
13535,10,40000
13536,10,20000
13537,10,0
13538,10,0
13539,10,50000
13540,10,0
13541,10,40000
13542,10,0
13543,10,10000
13544,10,50000
13545,10,50000
13546,10,0
13547,10,50000
13548,10,10000
13549,10,0
13550,10,40000
13551,10,5000
13552,10,5000
13553,10,10000
13554,10,40000
13555,10,30000
13556,10,20000
13557,10,0
13558,10,50000
13559,10,0
13560,10,40000
13561,10,20000
13562,10,40000
13563,10,50000
13564,10,0
13565,10,20000
13566,10,10000
13567,10,40000
13568,10,40000
13569,10,30000
13570,10,40000
13571,10,0
13572,10,0
13573,10,0
13574,10,30000
13575,10,10000
13576,10,20000
13577,10,10000
13578,10,30000
13579,10,30000
13580,10,30000
13581,10,20000
13582,10,40000
13583,10,40000
13584,10,10
13585,10,50000
13586,10,20000
13587,10,0
13588,10,5000
13589,10,0
13590,10,0
13591,10,20000
13592,10,0
13593,10,0
13594,10,10000
13595,10,20000
13596,10,20000
13597,10,50000
13598,10,20000
13599,10,40000
13600,10,5000
13601,10,30000
13602,10,50000
13603,10,30000
13604,10,0
13605,10,40000
13606,10,20000
13607,10,50000
13608,10,30000
13609,10,20000
13610,10,5000
13611,10,0
13612,10,0
13613,10,20000
13614,10,20000
13615,10,20000
13616,10,30000
13617,10,20000
13618,10,50000
13619,10,20000
13620,10,50000
13621,10,20000
13622,10,50000
13623,10,5000
13624,10,5000
13625,10,0
13626,10,0
13627,10,30000
13628,10,50000
13629,10,40000
13630,10,5000
13631,10,50000
13632,10,20000
13633,10,0
13634,10,10000
13635,10,30000
13636,10,0
13637,10,50000
13638,10,30000
13639,10,0
13640,10,0
13641,10,20000
13642,10,20000
13643,10,30000
13644,10,30000
13645,10,0
13646,10,40000
13647,10,30000
13648,10,0
13649,10,0
13650,10,50000
13651,10,0
13652,10,50000
13653,10,0
13654,10,20000
13655,10,10000
13656,10,10000
13657,10,0
13658,10,50000
13659,10,50000
13660,10,40000
13661,10,10000
13662,10,10000
13663,10,5000
13664,10,50000
13665,10,10000
13666,10,20000
13667,10,0
13668,10,0
13669,10,5000
13670,10,5000
13671,10,20000
13672,10,0
13673,10,40000
13674,10,40000
13675,10,20000
13676,10,0
13677,10,10
13678,10,10000
13679,10,50000
13680,10,5000
13681,10,0
13682,10,50000
13683,10,30000
13684,10,30000
13685,10,0
13686,10,5000
13687,10,20000
13688,10,50000
13689,10,30000
13690,10,20000
13691,10,0
13692,10,5000
13693,10,0
13694,10,50000
13695,10,50000
13696,10,30000
13697,10,0
13698,10,0
13699,10,20000
13700,10,30000
13701,10,10000
13702,10,50000
13703,10,5000
13704,10,20000
13705,10,0
13706,10,20000
13707,10,50000
13708,10,30000
13709,10,0
13710,10,20000
13711,10,40000
13712,10,20000
13713,10,30000
13714,10,40000
13715,10,50000
13716,10,30000
13717,10,40000
13718,10,0
13719,10,20000
13720,10,30000
13721,10,40000
13722,10,10000
13723,10,0
13724,10,50000
13725,10,10000
13726,10,40000
13727,10,20000
13728,10,5000
13729,10,50000
13730,10,50000
13731,10,10000
13732,10,20000
13733,10,50000
13734,10,5000
13735,10,20000
13736,10,10000
13737,10,20000
13738,10,20000
13739,10,40000
13740,10,20000
13741,10,10000
13742,10,30000
13743,10,20000
13744,10,10000
13745,10,50000
13746,10,30000
13747,10,0
13748,10,5000
13749,10,10000
13750,10,0
13751,10,50000
13752,10,30000
13753,10,0
13754,10,50000
13755,10,20000
13756,10,30000
13757,10,0
13758,10,20000
13759,10,30000
13760,10,20000
13761,10,40000
13762,10,20000
13763,10,30000
13764,10,5000
13765,10,5000
13766,10,10000
13767,10,10000
13768,10,20000
13769,10,50000
13770,10,20000
13771,10,50000
13772,10,0
13773,10,30000
13774,10,10000
13775,10,20000
13776,10,20000
13777,10,50000
13778,10,10000
13779,10,10000
13780,10,0
13781,10,40000
13782,10,0
13783,10,40000
13784,10,0
13785,10,0
13786,10,30000
13787,10,0
13788,10,0
13789,10,30000
13790,10,40000
13791,10,0
13792,10,10000
13793,10,30000
13794,10,50000
13795,10,30000
13796,10,50000
13797,10,20000
13798,10,50000
13799,10,40000
13800,10,20000
13801,10,0
13802,10,30000
13803,10,30000
13804,10,0
13805,10,30000
13806,10,0
13807,10,10000
13808,10,0
13809,10,0
13810,10,30000
13811,10,0
13812,10,0
13813,10,0
13814,10,40000
13815,10,20000
13816,10,50000
13817,10,30000
13818,10,20000
13819,10,5000
13820,10,0
13821,10,0
13822,10,50000
13823,10,30000
13824,10,30000
13825,10,50000
13826,10,10000
13827,10,30000
13828,10,40000
13829,10,20000
13830,10,10000
13831,10,20000
13832,10,40000
13833,10,10000
13834,10,0
13835,10,50000
13836,10,30000
13837,10,30000
13838,10,5000
13839,10,40000
13840,10,40000
13841,10,20000
13842,10,50000
13843,10,0
13844,10,0
13845,10,5000
13846,10,50000
13847,10,0
13848,10,40000
13849,10,10000
13850,10,10000
13851,10,0
13852,10,0
13853,10,30000
13854,10,50000
13855,10,50000
13856,10,30000
13857,10,5000
13858,10,30000
13859,10,50000
13860,10,40000
13861,10,30000
13862,10,20000
13863,10,0
13864,10,50000
13865,10,20000
13866,10,10000
13867,10,30000
13868,10,5000
13869,10,20000
13870,10,0
13871,10,40000
13872,10,40000
13873,10,10000
13874,10,30000
13875,10,0
13876,10,5000
13877,10,5000
13878,10,40000
13879,10,0
13880,10,30000
13881,10,0
13882,10,30000
13883,10,40000
13884,10,40000
13885,10,0
13886,10,0
13887,10,20000
13888,10,50000
13889,10,30000
13890,10,5000
13891,10,10000
13892,10,10000
13893,10,10000
13894,10,0
13895,10,0
13896,10,30000
13897,10,30000
13898,10,50000
13899,10,0
13900,10,0
13901,10,0
13902,10,20000
13903,10,50000
13904,10,50000
13905,10,20000
13906,10,0
13907,10,20000
13908,10,20000
13909,10,40000
13910,10,20000
13911,10,0
13912,10,20000
13913,10,50000
13914,10,40000
13915,10,30000
13916,10,40000
13917,10,10000
13918,10,10000
13919,10,40000
13920,10,40000
13921,10,0
13922,10,50000
13923,10,40000
13924,10,20000
13925,10,20000
13926,10,0
13927,10,30000
13928,10,0
13929,10,0
13930,10,0
13931,10,0
13932,10,30000
13933,10,5000
13934,10,5000
13935,10,30000
13936,10,30000
13937,10,30000
13938,10,0
13939,10,5000
13940,10,10000
13941,10,30000
13942,10,0
13943,10,50000
13944,10,30000
13945,10,0
13946,10,5000
13947,10,0
13948,10,0
13949,10,0
13950,10,30000
13951,10,5000
13952,10,10000
13953,10,30000
13954,10,10000
13955,10,50000
13956,10,0
13957,10,0
13958,10,20000
13959,10,0
13960,10,20000
13961,10,30000
13962,10,0
13963,10,5000
13964,10,10000
13965,10,20000
13966,10,10000
13967,10,0
13968,10,50000
13969,10,30000
13970,10,40000
13971,10,10000
13972,10,5000
13973,10,0
13974,10,0
13975,10,10000
13976,10,40000
13977,10,10000
13978,10,40000
13979,10,0
13980,10,50000
13981,10,10000
13982,10,20000
13983,10,10000
13984,10,0
13985,10,0
13986,10,40000
13987,10,0
13988,10,10000
13989,10,5000
13990,10,0
13991,10,40000
13992,10,30000
13993,10,20000
13994,10,30000
13995,10,50000
13996,10,20000
13997,10,0
13998,10,50000
13999,10,0
14000,10,0
14001,10,0
14002,10,30000
14003,10,10000
14004,10,50000
14005,10,30000
14006,10,5000
14007,10,20000
14008,10,30000
14009,10,40000
14010,10,30000
14011,10,50000
14012,10,30000
14013,10,0
14014,10,0
14015,10,30000
14016,10,0
14017,10,0
14018,10,50000
14019,10,10000
14020,10,20000
14021,10,5000
14022,10,10000
14023,10,0
14024,10,0
14025,10,20000
14026,10,40000
14027,10,5000
14028,10,50000
14029,10,40000
14030,10,0
14031,10,5000
14032,10,0
14033,10,5000
14034,10,30000
14035,10,5000
14036,10,30000
14037,10,40000
14038,10,0
14039,10,50000
14040,10,20000
14041,10,10000
14042,10,20000
14043,10,50000
14044,10,0
14045,10,20000
14046,10,0
14047,10,0
14048,10,50000
14049,10,20000
14050,10,20000
14051,10,5000
14052,10,40000
14053,10,0
14054,10,0
14055,10,0
14056,10,0
14057,10,20000
14058,10,30000
14059,10,50000
14060,10,20000
14061,10,30000
14062,10,0
14063,10,40000
14064,10,0
14065,10,50000
14066,10,0
14067,10,30000
14068,10,20000
14069,10,0
14070,10,5000
14071,10,0
14072,10,20000
14073,10,10000
14074,10,0
14075,10,5000
14076,10,30000
14077,10,10000
14078,10,30000
14079,10,0
14080,10,50000
14081,10,20000
14082,10,20000
14083,10,5000
14084,10,10000
14085,10,0
14086,10,30000
14087,10,0
14088,10,10000
14089,10,30000
14090,10,0
14091,10,20000
14092,10,30000
14093,10,0
14094,10,30000
14095,10,50000
14096,10,40000
14097,10,20000
14098,10,50000
14099,10,30000
14100,10,30000
14101,10,40000
14102,10,0
14103,10,30000
14104,10,30000
14105,10,5000
14106,10,5000
14107,10,40000
14108,10,0
14109,10,10000
14110,10,50000
14111,10,10000
14112,10,30000
14113,10,50000
14114,10,5000
14115,10,40000
14116,10,10000
14117,10,10000
14118,10,10
14119,10,30000
14120,10,20000
14121,10,0
14122,10,10000
14123,10,30000
14124,10,0
14125,10,0
14126,10,20000
14127,10,10000
14128,10,0
14129,10,0
14130,10,40000
14131,10,40000
14132,10,5000
14133,10,50000
14134,10,20000
14135,10,40000
14136,10,20000
14137,10,0
14138,10,40000
14139,10,5000
14140,10,0
14141,10,20000
14142,10,10000
14143,10,20000
14144,10,0
14145,10,0
14146,10,40000
14147,10,10000
14148,10,50000
14149,10,0
14150,10,10
14151,10,40000
14152,10,20000
14153,10,50000
14154,10,50000
14155,10,0
14156,10,20000
14157,10,40000
14158,10,30000
14159,10,0
14160,10,30000
14161,10,20000
14162,10,10000
14163,10,50000
14164,10,0
14165,10,0
14166,10,0
14167,10,30000
14168,10,5000
14169,10,20000
14170,10,0
14171,10,10
14172,10,10000
14173,10,50000
14174,10,40000
14175,10,5000
14176,10,40000
14177,10,0
14178,10,20000
14179,10,0
14180,10,0
14181,10,20000
14182,10,5000
14183,10,10000
14184,10,0
14185,10,20000
14186,10,20000
14187,10,30000
14188,10,40000
14189,10,10000
14190,10,30000
14191,10,5000
14192,10,0
14193,10,20000
14194,10,40000
14195,10,40000
14196,10,0
14197,10,40000
14198,10,5000
14199,10,5000
14200,10,30000
14201,10,50000
14202,10,10000
14203,10,5000
14204,10,30000
14205,10,0
14206,10,20000
14207,10,30000
14208,10,5000
14209,10,10000
14210,10,20000
14211,10,0
14212,10,20000
14213,10,40000
14214,10,20000
14215,10,5000
14216,10,30000
14217,10,0
14218,10,20000
14219,10,0
14220,10,0
14221,10,20000
14222,10,50000
14223,10,5000
14224,10,40000
14225,10,50000
14226,10,40000
14227,10,30000
14228,10,10000
14229,10,10000
14230,10,50000
14231,10,0
14232,10,5000
14233,10,20000
14234,10,5000
14235,10,0
14236,10,0
14237,10,30000
14238,10,20000
14239,10,30000
14240,10,5000
14241,10,10000
14242,10,5000
14243,10,0
14244,10,10
14245,10,50000
14246,10,5000
14247,10,10000
14248,10,0
14249,10,5000
14250,10,40000
14251,10,40000
14252,10,30000
14253,10,30000
14254,10,20000
14255,10,50000
14256,10,20000
14257,10,0
14258,10,0
14259,10,0
14260,10,50000
14261,10,50000
14262,10,20000
14263,10,0
14264,10,0
14265,10,40000
14266,10,0
14267,10,50000
14268,10,0
14269,10,20000
14270,10,10000
14271,10,0
14272,10,20000
14273,10,50000
14274,10,5000
14275,10,40000
14276,10,50000
14277,10,30000
14278,10,40000
14279,10,5000
14280,10,20000
14281,10,40000
14282,10,0
14283,10,20000
14284,10,20000
14285,10,50000
14286,10,0
14287,10,0
14288,10,30000
14289,10,5000
14290,10,0
14291,10,50000
14292,10,30000
14293,10,20000
14294,10,50000
14295,10,20000
14296,10,0
14297,10,0
14298,10,5000
14299,10,10000
14300,10,40000
14301,10,0
14302,10,0
14303,10,20000
14304,10,30000
14305,10,10000
14306,10,30000
14307,10,40000
14308,10,0
14309,10,30000
14310,10,30000
14311,10,50000
14312,10,50000
14313,10,40000
14314,10,50000
14315,10,5000
14316,10,50000
14317,10,5000
14318,10,0
14319,10,0
14320,10,0
14321,10,30000
14322,10,30000
14323,10,20000
14324,10,0
14325,10,50000
14326,10,5000
14327,10,40000
14328,10,0
14329,10,10000
14330,10,5000
14331,10,20000
14332,10,40000
14333,10,0
14334,10,20000
14335,10,30000
14336,10,0
14337,10,0
14338,10,0
14339,10,20000
14340,10,50000
14341,10,5000
14342,10,20000
14343,10,50000
14344,10,30000
14345,10,0
14346,10,50000
14347,10,30000
14348,10,30000
14349,10,0
14350,10,0
14351,10,30000
14352,10,30000
14353,10,5000
14354,10,0
14355,10,40000
14356,10,20000
14357,10,40000
14358,10,40000
14359,10,50000
14360,10,40000
14361,10,50000
14362,10,20000
14363,10,5000
14364,10,40000
14365,10,0
14366,10,40000
14367,10,40000
14368,10,5000
14369,10,0
14370,10,20000
14371,10,10000
14372,10,0
14373,10,40000
14374,10,30000
14375,10,20000
14376,10,20000
14377,10,0
14378,10,50000
14379,10,20000
14380,10,30000
14381,10,0
14382,10,40000
14383,10,20000
14384,10,20000
14385,10,20000
14386,10,40000
14387,10,20000
14388,10,40000
14389,10,0
14390,10,50000
14391,10,30000
14392,10,0
14393,10,0
14394,10,40000
14395,10,5000
14396,10,50000
14397,10,5000
14398,10,20000
14399,10,5000
14400,10,10000
14401,10,5000
14402,10,0
14403,10,20000
14404,10,40000
14405,10,40000
14406,10,0
14407,10,30000
14408,10,10000
14409,10,50000
14410,10,30000
14411,10,40000
14412,10,20000
14413,10,0
14414,10,30000
14415,10,50000
14416,10,20000
14417,10,0
14418,10,5000
14419,10,30000
14420,10,0
14421,10,0
14422,10,30000
14423,10,0
14424,10,30000
14425,10,40000
14426,10,0
14427,10,10000
14428,10,10000
14429,10,50000
14430,10,5000
14431,10,50000
14432,10,10000
14433,10,20000
14434,10,50000
14435,10,5000
14436,10,5000
14437,10,20000
14438,10,30000
14439,10,0
14440,10,50000
14441,10,20000
14442,10,10000
14443,10,5000
14444,10,50000
14445,10,5000
14446,10,0
14447,10,0
14448,10,0
14449,10,0
14450,10,50000
14451,10,50000
14452,10,40000
14453,10,0
14454,10,20000
14455,10,0
14456,10,40000
14457,10,0
14458,10,0
14459,10,30000
14460,10,20000
14461,10,40000
14462,10,40000
14463,10,50000
14464,10,20000
14465,10,20000
14466,10,5000
14467,10,0
14468,10,5000
14469,10,20000
14470,10,0
14471,10,5000
14472,10,20000
14473,10,40000
14474,10,20000
14475,10,30000
14476,10,30000
14477,10,0
14478,10,30000
14479,10,10000
14480,10,30000
14481,10,0
14482,10,20000
14483,10,10000
14484,10,0
14485,10,10000
14486,10,40000
14487,10,20000
14488,10,0
14489,10,0
14490,10,5000
14491,10,0
14492,10,30000
14493,10,20000
14494,10,5000
14495,10,0
14496,10,50000
14497,10,50000
14498,10,0
14499,10,40000
14500,10,40000
14501,10,40000
14502,10,30000
14503,10,0
14504,10,0
14505,10,20000
14506,10,0
14507,10,30000
14508,10,0
14509,10,40000
14510,10,0
14511,10,50000
14512,10,50000
14513,10,30000
14514,10,20000
14515,10,5000
14516,10,40000
14517,10,10000
14518,10,20000
14519,10,10000
14520,10,50000
14521,10,50000
14522,10,5000
14523,10,5000
14524,10,10000
14525,10,20000
14526,10,50000
14527,10,50000
14528,10,40000
14529,10,30000
14530,10,50000
14531,10,50000
14532,10,30000
14533,10,0
14534,10,10000
14535,10,0
14536,10,0
14537,10,50000
14538,10,20000
14539,10,30000
14540,10,30000
14541,10,0
14542,10,50000
14543,10,5000
14544,10,0
14545,10,5000
14546,10,50000
14547,10,0
14548,10,30000
14549,10,10000
14550,10,0
14551,10,30000
14552,10,30000
14553,10,40000
14554,10,5000
14555,10,0
14556,10,20000
14557,10,5000
14558,10,30000
14559,10,30000
14560,10,0
14561,10,40000
14562,10,0
14563,10,5000
14564,10,20000
14565,10,0
14566,10,0
14567,10,30000
14568,10,0
14569,10,5000
14570,10,0
14571,10,20000
14572,10,20000
14573,10,0
14574,10,20000
14575,10,0
14576,10,50000
14577,10,5000
14578,10,10000
14579,10,30000
14580,10,0
14581,10,30000
14582,10,10000
14583,10,10000
14584,10,40000
14585,10,40000
14586,10,50000
14587,10,50000
14588,10,5000
14589,10,50000
14590,10,30000
14591,10,5000
14592,10,20000
14593,10,50000
14594,10,5000
14595,10,50000
14596,10,30000
14597,10,0
14598,10,20000
14599,10,30000
14600,10,0
14601,10,30000
14602,10,5000
14603,10,0
14604,10,30000
14605,10,50000
14606,10,0
14607,10,0
14608,10,50000
14609,10,20000
14610,10,30000
14611,10,20000
14612,10,50000
14613,10,5000
14614,10,0
14615,10,0
14616,10,10000
14617,10,5000
14618,10,0
14619,10,20000
14620,10,40000
14621,10,0
14622,10,0
14623,10,0
14624,10,5000
14625,10,50000
14626,10,10000
14627,10,20000
14628,10,20000
14629,10,5000
14630,10,50000
14631,10,5000
14632,10,0
14633,10,10000
14634,10,20000
14635,10,0
14636,10,0
14637,10,0
14638,10,0
14639,10,20000
14640,10,5000
14641,10,0
14642,10,0
14643,10,10000
14644,10,40000
14645,10,0
14646,10,50000
14647,10,0
14648,10,30000
14649,10,0
14650,10,50000
14651,10,20000
14652,10,20000
14653,10,50000
14654,10,40000
14655,10,20000
14656,10,10000
14657,10,10000
14658,10,0
14659,10,50000
14660,10,0
14661,10,30000
14662,10,0
14663,10,5000
14664,10,10000
14665,10,30000
14666,10,0
14667,10,5000
14668,10,40000
14669,10,30000
14670,10,30000
14671,10,10000
14672,10,0
14673,10,10000
14674,10,30000
14675,10,20000
14676,10,30000
14677,10,30000
14678,10,40000
14679,10,0
14680,10,5000
14681,10,10000
14682,10,30000
14683,10,40000
14684,10,0
14685,10,5000
14686,10,5000
14687,10,5000
14688,10,50000
14689,10,30000
14690,10,20000
14691,10,30000
14692,10,50000
14693,10,50000
14694,10,0
14695,10,40000
14696,10,0
14697,10,40000
14698,10,0
14699,10,40000
14700,10,0
14701,10,30000
14702,10,0
14703,10,0
14704,10,30000
14705,10,20000
14706,10,20000
14707,10,40000
14708,10,0
14709,10,10000
14710,10,10000
14711,10,0
14712,10,10000
14713,10,30000
14714,10,30000
14715,10,10000
14716,10,30000
14717,10,50000
14718,10,0
14719,10,20000
14720,10,20000
14721,10,10000
14722,10,30000
14723,10,30000
14724,10,30000
14725,10,20000
14726,10,30000
14727,10,0
14728,10,50000
14729,10,40000
14730,10,30000
14731,10,0
14732,10,20000
14733,10,10000
14734,10,10000
14735,10,50000
14736,10,30000
14737,10,5000
14738,10,30000
14739,10,5000
14740,10,20000
14741,10,10000
14742,10,20000
14743,10,0
14744,10,5000
14745,10,5000
14746,10,40000
14747,10,40000
14748,10,20000
14749,10,30000
14750,10,5000
14751,10,30000
14752,10,0
14753,10,40000
14754,10,50000
14755,10,10000
14756,10,10000
14757,10,30000
14758,10,5000
14759,10,5000
14760,10,10000
14761,10,20000
14762,10,5000
14763,10,50000
14764,10,50000
14765,10,50000
14766,10,5000
14767,10,20000
14768,10,50000
14769,10,20000
14770,10,30000
14771,10,30000
14772,10,50000
14773,10,10000
14774,10,50000
14775,10,10000
14776,10,30000
14777,10,50000
14778,10,0
14779,10,30000
14780,10,30000
14781,10,30000
14782,10,50000
14783,10,10000
14784,10,40000
14785,10,0
14786,10,0
14787,10,5000
14788,10,50000
14789,10,50000
14790,10,0
14791,10,0
14792,10,20000
14793,10,30000
14794,10,30000
14795,10,20000
14796,10,30000
14797,10,0
14798,10,5000
14799,10,0
14800,10,5000
14801,10,20000
14802,10,30000
14803,10,0
14804,10,0
14805,10,10000
14806,10,0
14807,10,30000
14808,10,10000
14809,10,50000
14810,10,40000
14811,10,50000
14812,10,50000
14813,10,5000
14814,10,0
14815,10,0
14816,10,0
14817,10,20000
14818,10,50000
14819,10,20000
14820,10,0
14821,10,0
14822,10,0
14823,10,0
14824,10,5000
14825,10,50000
14826,10,20000
14827,10,20000
14828,10,0
14829,10,50000
14830,10,0
14831,10,5000
14832,10,20000
14833,10,20000
14834,10,0
14835,10,0
14836,10,40000
14837,10,5000
14838,10,30000
14839,10,0
14840,10,0
14841,10,5000
14842,10,50000
14843,10,50000
14844,10,20000
14845,10,20000
14846,10,30000
14847,10,30000
14848,10,50000
14849,10,5000
14850,10,20000
14851,10,0
14852,10,0
14853,10,20000
14854,10,0
14855,10,40000
14856,10,30000
14857,10,0
14858,10,0
14859,10,10000
14860,10,20000
14861,10,5000
14862,10,10000
14863,10,40000
14864,10,30000
14865,10,5000
14866,10,30000
14867,10,50000
14868,10,50000
14869,10,40000
14870,10,0
14871,10,50000
14872,10,0
14873,10,5000
14874,10,10000
14875,10,10000
14876,10,0
14877,10,5000
14878,10,0
14879,10,5000
14880,10,30000
14881,10,50000
14882,10,40000
14883,10,10000
14884,10,0
14885,10,20000
14886,10,50000
14887,10,0
14888,10,10000
14889,10,10000
14890,10,40000
14891,10,0
14892,10,10000
14893,10,0
14894,10,40000
14895,10,40000
14896,10,30000
14897,10,0
14898,10,20000
14899,10,20000
14900,10,50000
14901,10,0
14902,10,10000
14903,10,0
14904,10,0
14905,10,10000
14906,10,30000
14907,10,0
14908,10,30000
14909,10,50000
14910,10,20000
14911,10,30000
14912,10,20000
14913,10,0
14914,10,0
14915,10,5000
14916,10,40000
14917,10,20000
14918,10,0
14919,10,30000
14920,10,20000
14921,10,10000
14922,10,20000
14923,10,10000
14924,10,20000
14925,10,20000
14926,10,20000
14927,10,5000
14928,10,40000
14929,10,10000
14930,10,0
14931,10,0
14932,10,10000
14933,10,0
14934,10,10000
14935,10,10000
14936,10,50000
14937,10,10000
14938,10,30000
14939,10,5000
14940,10,0
14941,10,10000
14942,10,0
14943,10,0
14944,10,30000
14945,10,0
14946,10,20000
14947,10,10000
14948,10,20000
14949,10,10000
14950,10,10000
14951,10,30000
14952,10,50000
14953,10,5000
14954,10,0
14955,10,30000
14956,10,20000
14957,10,30000
14958,10,30000
14959,10,20000
14960,10,0
14961,10,40000
14962,10,0
14963,10,30000
14964,10,0
14965,10,30000
14966,10,0
14967,10,0
14968,10,50000
14969,10,0
14970,10,5000
14971,10,20000
14972,10,0
14973,10,5000
14974,10,0
14975,10,5000
14976,10,40000
14977,10,40000
14978,10,20000
14979,10,5000
14980,10,5000
14981,10,10000
14982,10,40000
14983,10,30000
14984,10,20000
14985,10,40000
14986,10,0
14987,10,5000
14988,10,40000
14989,10,0
14990,10,40000
14991,10,5000
14992,10,20000
14993,10,50000
14994,10,20000
14995,10,50000
14996,10,40000
14997,10,0
14998,10,20000
14999,10,40000
15000,10,50000
15001,10,0
15002,10,20000
15003,10,40000
15004,10,40000
15005,10,50000
15006,10,10000
15007,10,40000
15008,10,0
15009,10,50000
15010,10,0
15011,10,50000
15012,10,10
15013,10,10000
15014,10,0
15015,10,20000
15016,10,5000
15017,10,20000
15018,10,0
15019,10,20000
15020,10,20000
15021,10,10000
15022,10,0
15023,10,5000
15024,10,0
15025,10,40000
15026,10,30000
15027,10,30000
15028,10,10000
15029,10,20000
15030,10,0
15031,10,0
15032,10,40000
15033,10,5000
15034,10,10000
15035,10,50000
15036,10,50000
15037,10,0
15038,10,40000
15039,10,0
15040,10,5000
15041,10,20000
15042,10,20000
15043,10,30000
15044,10,50000
15045,10,0
15046,10,20000
15047,10,10000
15048,10,50000
15049,10,20000
15050,10,0
15051,10,0
15052,10,0
15053,10,20000
15054,10,0
15055,10,30000
15056,10,40000
15057,10,50000
15058,10,5000
15059,10,30000
15060,10,5000
15061,10,20000
15062,10,40000
15063,10,20000
15064,10,0
15065,10,40000
15066,10,10000
15067,10,0
15068,10,5000
15069,10,50000
15070,10,30000
15071,10,10000
15072,10,0
15073,10,50000
15074,10,0
15075,10,5000
15076,10,50000
15077,10,10000
15078,10,5000
15079,10,5000
15080,10,20000
15081,10,5000
15082,10,10000
15083,10,30000
15084,10,0
15085,10,0
15086,10,5000
15087,10,10000
15088,10,5000
15089,10,20000
15090,10,40000
15091,10,10000
15092,10,40000
15093,10,10000
15094,10,30000
15095,10,50000
15096,10,10000
15097,10,5000
15098,10,30000
15099,10,5000
15100,10,0
15101,10,0
15102,10,0
15103,10,30000
15104,10,30000
15105,10,40000
15106,10,5000
15107,10,40000
15108,10,10000
15109,10,10000
15110,10,50000
15111,10,0
15112,10,0
15113,10,20000
15114,10,30000
15115,10,0
15116,10,20000
15117,10,0
15118,10,20000
15119,10,40000
15120,10,0
15121,10,0
15122,10,0
15123,10,50000
15124,10,0
15125,10,30000
15126,10,40000
15127,10,30000
15128,10,20000
15129,10,0
15130,10,30000
15131,10,50000
15132,10,40000
15133,10,40000
15134,10,20000
15135,10,40000
15136,10,30000
15137,10,0
15138,10,0
15139,10,50000
15140,10,50000
15141,10,20000
15142,10,0
15143,10,10000
15144,10,0
15145,10,50000
15146,10,10000
15147,10,5000
15148,10,50000
15149,10,0
15150,10,5000
15151,10,30000
15152,10,0
15153,10,40000
15154,10,50000
15155,10,50000
15156,10,0
15157,10,0
15158,10,50000
15159,10,30000
15160,10,30000
15161,10,40000
15162,10,0
15163,10,0
15164,10,40000
15165,10,0
15166,10,50000
15167,10,30000
15168,10,50000
15169,10,0
15170,10,0
15171,10,20000
15172,10,5000
15173,10,5000
15174,10,0
15175,10,50000
15176,10,0
15177,10,0
15178,10,0
15179,10,0
15180,10,30000
15181,10,0
15182,10,30000
15183,10,0
15184,10,0
15185,10,5000
15186,10,20000
15187,10,5000
15188,10,10000
15189,10,40000
15190,10,40000
15191,10,0
15192,10,5000
15193,10,0
15194,10,20000
15195,10,30000
15196,10,20000
15197,10,40000
15198,10,40000
15199,10,0
15200,10,30000
15201,10,50000
15202,10,10000
15203,10,0
15204,10,10000
15205,10,40000
15206,10,40000
15207,10,30000
15208,10,30000
15209,10,50000
15210,10,0
15211,10,0
15212,10,30000
15213,10,50000
15214,10,5000
15215,10,40000
15216,10,30000
15217,10,30000
15218,10,30000
15219,10,40000
15220,10,30000
15221,10,0
15222,10,50000
15223,10,20000
15224,10,10000
15225,10,0
15226,10,20000
15227,10,5000
15228,10,5000
15229,10,30000
15230,10,20000
15231,10,30000
15232,10,20000
15233,10,0
15234,10,20000
15235,10,0
15236,10,5000
15237,10,0
15238,10,30000
15239,10,0
15240,10,50000
15241,10,20000
15242,10,10000
15243,10,20000
15244,10,10000
15245,10,20000
15246,10,30000
15247,10,30000
15248,10,10000
15249,10,20000
15250,10,50000
15251,10,0
15252,10,0
15253,10,0
15254,10,0
15255,10,30000
15256,10,10000
15257,10,5000
15258,10,20000
15259,10,20000
15260,10,0
15261,10,5000
15262,10,30000
15263,10,0
15264,10,10000
15265,10,0
15266,10,50000
15267,10,0
15268,10,40000
15269,10,30000
15270,10,0
15271,10,20000
15272,10,0
15273,10,0
15274,10,50000
15275,10,0
15276,10,20000
15277,10,30000
15278,10,20000
15279,10,40000
15280,10,50000
15281,10,20000
15282,10,10000
15283,10,20000
15284,10,40000
15285,10,20000
15286,10,50000
15287,10,40000
15288,10,20000
15289,10,30000
15290,10,20000
15291,10,10000
15292,10,40000
15293,10,0
15294,10,30000
15295,10,5000
15296,10,50000
15297,10,50000
15298,10,0
15299,10,10000
15300,10,20000
15301,10,50000
15302,10,50000
15303,10,0
15304,10,10000
15305,10,5000
15306,10,40000
15307,10,5000
15308,10,20000
15309,10,10000
15310,10,20000
15311,10,50000
15312,10,0
15313,10,10000
15314,10,5000
15315,10,0
15316,10,0
15317,10,0
15318,10,20000
15319,10,30000
15320,10,20000
15321,10,30000
15322,10,20000
15323,10,5000
15324,10,5000
15325,10,30000
15326,10,50000
15327,10,10000
15328,10,30000
15329,10,20000
15330,10,20000
15331,10,30000
15332,10,30000
15333,10,30000
15334,10,0
15335,10,0
15336,10,40000
15337,10,30000
15338,10,30000
15339,10,30000
15340,10,0
15341,10,5000
15342,10,20000
15343,10,0
15344,10,30000
15345,10,10000
15346,10,40000
15347,10,0
15348,10,5000
15349,10,50000
15350,10,20000
15351,10,0
15352,10,0
15353,10,0
15354,10,40000
15355,10,50000
15356,10,40000
15357,10,10000
15358,10,0
15359,10,0
15360,10,30000
15361,10,50000
15362,10,0
15363,10,10000
15364,10,50000
15365,10,40000
15366,10,20000
15367,10,5000
15368,10,0
15369,10,40000
15370,10,5000
15371,10,30000
15372,10,0
15373,10,20000
15374,10,50000
15375,10,50000
15376,10,50000
15377,10,10000
15378,10,10000
15379,10,30000
15380,10,0
15381,10,10000
15382,10,0
15383,10,30000
15384,10,50000
15385,10,50000
15386,10,20000
15387,10,30000
15388,10,0
15389,10,0
15390,10,30000
15391,10,5000
15392,10,30000
15393,10,0
15394,10,10000
15395,10,0
15396,10,10000
15397,10,5000
15398,10,0
15399,10,5000
15400,10,20000
15401,10,20000
15402,10,30000
15403,10,10000
15404,10,10000
15405,10,30000
15406,10,0
15407,10,40000
15408,10,0
15409,10,5000
15410,10,0
15411,10,30000
15412,10,5000
15413,10,40000
15414,10,20000
15415,10,0
15416,10,10000
15417,10,0
15418,10,20000
15419,10,30000
15420,10,0
15421,10,10000
15422,10,40000
15423,10,20000
15424,10,0
15425,10,0
15426,10,0
15427,10,10000
15428,10,30000
15429,10,20000
15430,10,0
15431,10,50000
15432,10,50000
15433,10,10000
15434,10,20000
15435,10,0
15436,10,5000
15437,10,40000
15438,10,0
15439,10,30000
15440,10,0
15441,10,50000
15442,10,30000
15443,10,0
15444,10,40000
15445,10,20000
15446,10,20000
15447,10,10
15448,10,0
15449,10,50000
15450,10,50000
15451,10,0
15452,10,0
15453,10,20000
15454,10,20000
15455,10,40000
15456,10,20000
15457,10,10
15458,10,0
15459,10,30000
15460,10,50000
15461,10,20000
15462,10,10000
15463,10,20000
15464,10,5000
15465,10,20000
15466,10,20000
15467,10,0
15468,10,0
15469,10,20000
15470,10,20000
15471,10,20000
15472,10,0
15473,10,50000
15474,10,0
15475,10,0
15476,10,0
15477,10,50000
15478,10,5000
15479,10,50000
15480,10,10000
15481,10,5000
15482,10,5000
15483,10,0
15484,10,0
15485,10,30000
15486,10,0
15487,10,40000
15488,10,0
15489,10,0
15490,10,10000
15491,10,20000
15492,10,10000
15493,10,30000
15494,10,50000
15495,10,30000
15496,10,30000
15497,10,0
15498,10,30000
15499,10,0
15500,10,0
15501,10,0
15502,10,0
15503,10,5000
15504,10,10000
15505,10,0
15506,10,20000
15507,10,5000
15508,10,0
15509,10,30000
15510,10,20000
15511,10,40000
15512,10,10000
15513,10,20000
15514,10,20000
15515,10,0
15516,10,20000
15517,10,40000
15518,10,50000
15519,10,20000
15520,10,40000
15521,10,40000
15522,10,5000
15523,10,50000
15524,10,5000
15525,10,0
15526,10,5000
15527,10,20000
15528,10,30000
15529,10,10000
15530,10,10000
15531,10,40000
15532,10,30000
15533,10,50000
15534,10,0
15535,10,30000
15536,10,50000
15537,10,0
15538,10,10000
15539,10,5000
15540,10,20000
15541,10,0
15542,10,50000
15543,10,20000
15544,10,30000
15545,10,0
15546,10,0
15547,10,0
15548,10,5000
15549,10,30000
15550,10,0
15551,10,0
15552,10,5000
15553,10,30000
15554,10,0
15555,10,10000
15556,10,0
15557,10,10000
15558,10,30000
15559,10,50000
15560,10,0
15561,10,50000
15562,10,0
15563,10,50000
15564,10,40000
15565,10,5000
15566,10,0
15567,10,5000
15568,10,0
15569,10,5000
15570,10,5000
15571,10,50000
15572,10,5000
15573,10,0
15574,10,10000
15575,10,30000
15576,10,40000
15577,10,30000
15578,10,5000
15579,10,50000
15580,10,30000
15581,10,30000
15582,10,50000
15583,10,10000
15584,10,30000
15585,10,40000
15586,10,10000
15587,10,20000
15588,10,50000
15589,10,0
15590,10,30000
15591,10,5000
15592,10,50000
15593,10,0
15594,10,5000
15595,10,50000
15596,10,20000
15597,10,0
15598,10,0
15599,10,30000
15600,10,5000
15601,10,10000
15602,10,0
15603,10,30000
15604,10,0
15605,10,0
15606,10,50000
15607,10,10000
15608,10,0
15609,10,10000
15610,10,5000
15611,10,30000
15612,10,30000
15613,10,20000
15614,10,5000
15615,10,20000
15616,10,20000
15617,10,40000
15618,10,30000
15619,10,0
15620,10,20000
15621,10,30000
15622,10,50000
15623,10,0
15624,10,30000
15625,10,10000
15626,10,5000
15627,10,20000
15628,10,30000
15629,10,0
15630,10,20000
15631,10,10000
15632,10,5000
15633,10,50000
15634,10,10
15635,10,50000
15636,10,10000
15637,10,0
15638,10,30000
15639,10,50000
15640,10,5000
15641,10,20000
15642,10,30000
15643,10,30000
15644,10,20000
15645,10,40000
15646,10,20000
15647,10,10000
15648,10,30000
15649,10,10000
15650,10,0
15651,10,0
15652,10,10000
15653,10,20000
15654,10,50000
15655,10,10
15656,10,40000
15657,10,50000
15658,10,50000
15659,10,30000
15660,10,0
15661,10,30000
15662,10,10000
15663,10,20000
15664,10,20000
15665,10,30000
15666,10,50000
15667,10,20000
15668,10,20000
15669,10,30000
15670,10,50000
15671,10,0
15672,10,20000
15673,10,50000
15674,10,0
15675,10,40000
15676,10,5000
15677,10,5000
15678,10,5000
15679,10,20000
15680,10,50000
15681,10,0
15682,10,20000
15683,10,10000
15684,10,20000
15685,10,5000
15686,10,10000
15687,10,10000
15688,10,40000
15689,10,40000
15690,10,0
15691,10,50000
15692,10,40000
15693,10,30000
15694,10,5000
15695,10,5000
15696,10,20000
15697,10,0
15698,10,50000
15699,10,50000
15700,10,20000
15701,10,50000
15702,10,20000
15703,10,30000
15704,10,0
15705,10,0
15706,10,40000
15707,10,50000
15708,10,0
15709,10,5000
15710,10,10000
15711,10,40000
15712,10,40000
15713,10,50000
15714,10,20000
15715,10,0
15716,10,30000
15717,10,20000
15718,10,0
15719,10,5000
15720,10,40000
15721,10,50000
15722,10,10000
15723,10,40000
15724,10,20000
15725,10,30000
15726,10,0
15727,10,0
15728,10,10000
15729,10,20000
15730,10,20000
15731,10,30000
15732,10,0
15733,10,50000
15734,10,0
15735,10,20000
15736,10,0
15737,10,10000
15738,10,40000
15739,10,20000
15740,10,10000
15741,10,20000
15742,10,0
15743,10,0
15744,10,10000
15745,10,50000
15746,10,50000
15747,10,10000
15748,10,20000
15749,10,40000
15750,10,0
15751,10,5000
15752,10,40000
15753,10,40000
15754,10,50000
15755,10,5000
15756,10,5000
15757,10,50000
15758,10,0
15759,10,0
15760,10,10000
15761,10,20000
15762,10,0
15763,10,10000
15764,10,0
15765,10,10000
15766,10,0
15767,10,5000
15768,10,0
15769,10,30000
15770,10,50000
15771,10,30000
15772,10,0
15773,10,50000
15774,10,0
15775,10,0
15776,10,0
15777,10,40000
15778,10,40000
15779,10,30000
15780,10,20000
15781,10,0
15782,10,0
15783,10,10000
15784,10,30000
15785,10,40000
15786,10,50000
15787,10,30000
15788,10,20000
15789,10,30000
15790,10,50000
15791,10,30000
15792,10,0
15793,10,20000
15794,10,30000
15795,10,50000
15796,10,0
15797,10,0
15798,10,0
15799,10,0
15800,10,50000
15801,10,20000
15802,10,0
15803,10,20000
15804,10,50000
15805,10,20000
15806,10,0
15807,10,0
15808,10,0
15809,10,20000
15810,10,0
15811,10,50000
15812,10,0
15813,10,0
15814,10,50000
15815,10,30000
15816,10,0
15817,10,5000
15818,10,50000
15819,10,10
15820,10,20000
15821,10,0
15822,10,50000
15823,10,20000
15824,10,20000
15825,10,0
15826,10,30000
15827,10,10000
15828,10,10000
15829,10,0
15830,10,50000
15831,10,40000
15832,10,5000
15833,10,10000
15834,10,40000
15835,10,30000
15836,10,0
15837,10,0
15838,10,10000
15839,10,20000
15840,10,0
15841,10,0
15842,10,40000
15843,10,50000
15844,10,50000
15845,10,30000
15846,10,50000
15847,10,30000
15848,10,0
15849,10,5000
15850,10,30000
15851,10,50000
15852,10,20000
15853,10,20000
15854,10,30000
15855,10,30000
15856,10,20000
15857,10,50000
15858,10,20000
15859,10,50000
15860,10,20000
15861,10,0
15862,10,30000
15863,10,40000
15864,10,30000
15865,10,0
15866,10,30000
15867,10,40000
15868,10,30000
15869,10,30000
15870,10,20000
15871,10,0
15872,10,0
15873,10,5000
15874,10,40000
15875,10,0
15876,10,50000
15877,10,20000
15878,10,0
15879,10,0
15880,10,10000
15881,10,40000
15882,10,40000
15883,10,20000
15884,10,40000
15885,10,0
15886,10,40000
15887,10,0
15888,10,30000
15889,10,10000
15890,10,5000
15891,10,5000
15892,10,20000
15893,10,50000
15894,10,0
15895,10,0
15896,10,40000
15897,10,0
15898,10,10000
15899,10,50000
15900,10,10000
15901,10,0
15902,10,0
15903,10,10000
15904,10,0
15905,10,10000
15906,10,40000
15907,10,30000
15908,10,0
15909,10,20000
15910,10,5000
15911,10,50000
15912,10,20000
15913,10,20000
15914,10,10000
15915,10,0
15916,10,50000
15917,10,0
15918,10,20000
15919,10,30000
15920,10,30000
15921,10,5000
15922,10,20000
15923,10,50000
15924,10,0
15925,10,10000
15926,10,0
15927,10,40000
15928,10,10000
15929,10,0
15930,10,30000
15931,10,30000
15932,10,30000
15933,10,10000
15934,10,10000
15935,10,30000
15936,10,0
15937,10,20000
15938,10,0
15939,10,0
15940,10,0
15941,10,20000
15942,10,30000
15943,10,0
15944,10,30000
15945,10,20000
15946,10,30000
15947,10,0
15948,10,10000
15949,10,10000
15950,10,30000
15951,10,30000
15952,10,40000
15953,10,40000
15954,10,0
15955,10,40000
15956,10,20000
15957,10,0
15958,10,40000
15959,10,50000
15960,10,30000
15961,10,0
15962,10,0
15963,10,0
15964,10,50000
15965,10,0
15966,10,40000
15967,10,10000
15968,10,0
15969,10,0
15970,10,10000
15971,10,0
15972,10,0
15973,10,50000
15974,10,40000
15975,10,0
15976,10,0
15977,10,50000
15978,10,30000
15979,10,40000
15980,10,0
15981,10,0
15982,10,5000
15983,10,0
15984,10,20000
15985,10,50000
15986,10,30000
15987,10,20000
15988,10,40000
15989,10,0
15990,10,50000
15991,10,30000
15992,10,50000
15993,10,30000
15994,10,20000
15995,10,0
15996,10,50000
15997,10,5000
15998,10,10000
15999,10,0
16000,10,30000
16001,10,50000
16002,10,0
16003,10,0
16004,10,20000
16005,10,10000
16006,10,50000
16007,10,0
16008,10,20000
16009,10,10000
16010,10,40000
16011,10,0
16012,10,5000
16013,10,0
16014,10,0
16015,10,40000
16016,10,20000
16017,10,20000
16018,10,0
16019,10,50000
16020,10,5000
16021,10,20000
16022,10,20000
16023,10,0
16024,10,0
16025,10,0
16026,10,50000
16027,10,20000
16028,10,0
16029,10,40000
16030,10,30000
16031,10,0
16032,10,30000
16033,10,0
16034,10,5000
16035,10,0
16036,10,0
16037,10,50000
16038,10,0
16039,10,0
16040,10,10000
16041,10,20000
16042,10,20000
16043,10,5000
16044,10,5000
16045,10,30000
16046,10,30000
16047,10,0
16048,10,50000
16049,10,30000
16050,10,0
16051,10,0
16052,10,20000
16053,10,10000
16054,10,5000
16055,10,20000
16056,10,40000
16057,10,20000
16058,10,5000
16059,10,40000
16060,10,40000
16061,10,0
16062,10,50000
16063,10,5000
16064,10,30000
16065,10,50000
16066,10,5000
16067,10,50000
16068,10,10000
16069,10,5000
16070,10,40000
16071,10,20000
16072,10,30000
16073,10,0
16074,10,50000
16075,10,0
16076,10,20000
16077,10,20000
16078,10,50000
16079,10,20000
16080,10,30000
16081,10,20000
16082,10,40000
16083,10,20000
16084,10,40000
16085,10,50000
16086,10,30000
16087,10,10000
16088,10,50000
16089,10,5000
16090,10,5000
16091,10,20000
16092,10,30000
16093,10,30000
16094,10,0
16095,10,30000
16096,10,40000
16097,10,10000
16098,10,0
16099,10,20000
16100,10,5000
16101,10,5000
16102,10,40000
16103,10,20000
16104,10,40000
16105,10,10000
16106,10,30000
16107,10,40000
16108,10,10000
16109,10,50000
16110,10,20000
16111,10,20000
16112,10,40000
16113,10,0
16114,10,5000
16115,10,20000
16116,10,20000
16117,10,0
16118,10,10000
16119,10,20000
16120,10,10000
16121,10,30000
16122,10,30000
16123,10,50000
16124,10,0
16125,10,0
16126,10,50000
16127,10,40000
16128,10,30000
16129,10,30000
16130,10,20000
16131,10,20000
16132,10,0
16133,10,10000
16134,10,40000
16135,10,10000
16136,10,10000
16137,10,10000
16138,10,10000
16139,10,50000
16140,10,0
16141,10,20000
16142,10,0
16143,10,20000
16144,10,10
16145,10,30000
16146,10,20000
16147,10,40000
16148,10,0
16149,10,0
16150,10,30000
16151,10,10000
16152,10,5000
16153,10,0
16154,10,20000
16155,10,50000
16156,10,30000
16157,10,0
16158,10,0
16159,10,10000
16160,10,0
16161,10,10000
16162,10,0
16163,10,10000
16164,10,50000
16165,10,0
16166,10,5000
16167,10,30000
16168,10,40000
16169,10,50000
16170,10,50000
16171,10,0
16172,10,0
16173,10,0
16174,10,40000
16175,10,30000
16176,10,0
16177,10,20000
16178,10,10000
16179,10,40000
16180,10,20000
16181,10,10000
16182,10,40000
16183,10,0
16184,10,40000
16185,10,0
16186,10,50000
16187,10,20000
16188,10,30000
16189,10,0
16190,10,0
16191,10,0
16192,10,30000
16193,10,10000
16194,10,30000
16195,10,5000
16196,10,30000
16197,10,30000
16198,10,0
16199,10,0
16200,10,0
16201,10,20000
16202,10,0
16203,10,50000
16204,10,10000
16205,10,10000
16206,10,0
16207,10,10000
16208,10,20000
16209,10,5000
16210,10,0
16211,10,5000
16212,10,5000
16213,10,0
16214,10,40000
16215,10,50000
16216,10,20000
16217,10,40000
16218,10,50000
16219,10,0
16220,10,50000
16221,10,50000
16222,10,50000
16223,10,20000
16224,10,5000
16225,10,0
16226,10,10000
16227,10,50000
16228,10,10000
16229,10,0
16230,10,50000
16231,10,30000
16232,10,0
16233,10,30000
16234,10,0
16235,10,50000
16236,10,30000
16237,10,5000
16238,10,5000
16239,10,10000
16240,10,50000
16241,10,0
16242,10,30000
16243,10,40000
16244,10,5000
16245,10,30000
16246,10,5000
16247,10,50000
16248,10,0
16249,10,20000
16250,10,40000
16251,10,0
16252,10,30000
16253,10,20000
16254,10,5000
16255,10,20000
16256,10,10000
16257,10,30000
16258,10,0
16259,10,30000
16260,10,30000
16261,10,0
16262,10,5000
16263,10,0
16264,10,20000
16265,10,50000
16266,10,40000
16267,10,10000
16268,10,10000
16269,10,5000
16270,10,5000
16271,10,0
16272,11,40000
16273,10,40000
16274,10,20000
16275,10,10000
16276,10,40000
16277,10,30000
16278,10,20000
16279,10,0
16280,10,30000
16281,10,0
16282,10,0
16283,10,5000
16284,10,0
16285,10,40000
16286,10,0
16287,10,20000
16288,10,10000
16289,10,20000
16290,10,10000
16291,10,50000
16292,10,30000
16293,10,50000
16294,10,0
16295,10,20000
16296,10,20000
16297,10,10000
16298,10,0
16299,10,5000
16300,10,50000
16301,10,5000
16302,10,40000
16303,10,10000
16304,10,20000
16305,10,5000
16306,10,40000
16307,10,10000
16308,10,0
16309,10,0
16310,10,30000
16311,10,30000
16312,10,50000
16313,10,20000
16314,10,10000
16315,10,40000
16316,10,40000
16317,10,30000
16318,10,0
16319,10,20000
16320,10,0
16321,10,0
16322,10,0
16323,10,0
16324,10,30000
16325,10,30000
16326,10,0
16327,10,20000
16328,10,0
16329,10,30000
16330,10,0
16331,10,50000
16332,10,0
16333,10,30000
16334,10,40000
16335,10,30000
16336,10,20000
16337,10,20000
16338,10,30000
16339,10,20000
16340,10,5000
16341,10,20000
16342,10,30000
16343,10,20000
16344,10,10
16345,10,0
16346,10,0
16347,10,20000
16348,10,50000
16349,10,0
16350,10,40000
16351,10,20000
16352,10,40000
16353,10,20000
16354,10,20000
16355,10,10000
16356,10,20000
16357,10,0
16358,10,20000
16359,10,0
16360,10,5000
16361,10,0
16362,10,50000
16363,10,0
16364,10,30000
16365,10,0
16366,10,10000
16367,10,20000
16368,10,50000
16369,10,0
16370,10,0
16371,10,5000
16372,10,30000
16373,10,40000
16374,10,10000
16375,10,40000
16376,10,30000
16377,10,30000
16378,10,30000
16379,10,10000
16380,10,0
16381,10,0
16382,10,20000
16383,10,20000
16384,10,0
16385,10,0
16386,10,50000
16387,10,0
16388,10,30000
16389,10,10000
16390,10,0
16391,10,20000
16392,10,20000
16393,10,50000
16394,10,20000
16395,10,5000
16396,10,20000
16397,10,20000
16398,10,10000
16399,10,0
16400,10,50000
16401,10,0
16402,10,0
16403,10,5000
16404,10,20000
16405,10,5000
16406,10,0
16407,10,30000
16408,10,10000
16409,10,5000
16410,10,20000
16411,10,50000
16412,10,0
16413,10,0
16414,10,0
16415,10,0
16416,10,30000
16417,10,5000
16418,10,0
16419,10,20000
16420,10,10000
16421,10,0
16422,10,30000
16423,10,10000
16424,10,30000
16425,10,0
16426,10,30000
16427,10,5000
16428,10,50000
16429,10,10000
16430,10,0
16431,10,0
16432,10,0
16433,10,20000
16434,10,40000
16435,10,0
16436,10,20000
16437,10,30000
16438,10,40000
16439,10,50000
16440,10,50000
16441,10,0
16442,10,0
16443,10,5000
16444,10,10000
16445,10,20000
16446,10,20000
16447,10,30000
16448,10,0
16449,10,20000
16450,10,10000
16451,10,20000
16452,10,10000
16453,10,5000
16454,10,30000
16455,10,5000
16456,10,30000
16457,10,10000
16458,10,50000
16459,10,30000
16460,10,30000
16461,10,5000
16462,10,20000
16463,10,50000
16464,10,30000
16465,10,0
16466,10,20000
16467,10,0
16468,10,20000
16469,10,0
16470,10,30000
16471,10,40000
16472,10,50000
16473,10,0
16474,10,20000
16475,10,0
16476,10,5000
16477,10,50000
16478,10,5000
16479,10,5000
16480,10,5000
16481,10,10000
16482,10,5000
16483,10,30000
16484,10,20000
16485,10,10000
16486,10,20000
16487,10,0
16488,10,50000
16489,10,30000
16490,10,0
16491,10,5000
16492,10,0
16493,10,0
16494,10,10000
16495,10,30000
16496,10,30000
16497,10,20000
16498,10,20000
16499,10,10000
16500,10,20000
16501,10,50000
16502,10,50000
16503,10,0
16504,10,30000
16505,10,50000
16506,10,50000
16507,10,50000
16508,10,0
16509,10,0
16510,10,20000
16511,10,50000
16512,10,20000
16513,10,0
16514,10,20000
16515,10,30000
16516,10,50000
16517,10,20000
16518,10,30000
16519,10,20000
16520,10,20000
16521,10,40000
16522,10,0
16523,10,0
16524,10,40000
16525,10,40000
16526,10,0
16527,10,30000
16528,10,20000
16529,10,0
16530,10,0
16531,10,0
16532,10,0
16533,10,50000
16534,10,0
16535,10,20000
16536,10,30000
16537,10,0
16538,10,5000
16539,10,40000
16540,10,5000
16541,10,20000
16542,10,0
16543,10,50000
16544,10,50000
16545,10,50000
16546,10,10000
16547,10,0
16548,10,0
16549,10,10000
16550,10,30000
16551,10,50000
16552,10,50000
16553,10,50000
16554,10,40000
16555,10,20000
16556,10,40000
16557,10,30000
16558,10,30000
16559,10,20000
16560,10,10000
16561,10,50000
16562,10,5000
16563,10,40000
16564,10,50000
16565,10,0
16566,10,5000
16567,10,0
16568,10,30000
16569,10,30000
16570,10,50000
16571,10,30000
16572,10,10000
16573,10,20000
16574,10,0
16575,10,10000
16576,10,30000
16577,10,0
16578,10,0
16579,10,0
16580,10,5000
16581,10,5000
16582,10,40000
16583,10,40000
16584,10,10000
16585,10,20000
16586,10,50000
16587,10,50000
16588,10,50000
16589,10,0
16590,10,40000
16591,10,20000
16592,10,0
16593,10,0
16594,10,20000
16595,10,20000
16596,10,10000
16597,10,30000
16598,10,0
16599,10,0
16600,10,5000
16601,10,30000
16602,10,20000
16603,10,0
16604,10,30000
16605,10,5000
16606,10,0
16607,10,5000
16608,10,30000
16609,10,30000
16610,10,0
16611,10,0
16612,10,0
16613,10,0
16614,10,50000
16615,10,30000
16616,10,50000
16617,10,0
16618,10,10000
16619,10,40000
16620,10,0
16621,10,10000
16622,10,20000
16623,10,50000
16624,10,40000
16625,10,10000
16626,10,0
16627,10,40000
16628,10,50000
16629,10,20000
16630,10,0
16631,10,0
16632,10,40000
16633,10,5000
16634,10,30000
16635,10,0
16636,10,30000
16637,10,10000
16638,10,50000
16639,10,5000
16640,10,10000
16641,10,40000
16642,10,20000
16643,10,20000
16644,10,0
16645,10,0
16646,10,40000
16647,10,10000
16648,10,10000
16649,10,30000
16650,10,20000
16651,10,20000
16652,10,0
16653,10,30000
16654,10,0
16655,10,40000
16656,10,10000
16657,10,30000
16658,10,50000
16659,10,30000
16660,10,20000
16661,10,30000
16662,10,50000
16663,10,30000
16664,10,0
16665,10,40000
16666,10,0
16667,10,30000
16668,10,30000
16669,10,50000
16670,10,10000
16671,10,30000
16672,10,30000
16673,10,30000
16674,10,20000
16675,10,10000
16676,10,0
16677,10,0
16678,10,10000
16679,10,50000
16680,10,50000
16681,10,0
16682,10,0
16683,10,0
16684,10,5000
16685,10,20000
16686,10,0
16687,10,0
16688,10,30000
16689,10,30000
16690,10,20000
16691,10,50000
16692,10,5000
16693,10,0
16694,10,10000
16695,10,0
16696,10,30000
16697,10,50000
16698,10,30000
16699,10,40000
16700,10,30000
16701,10,40000
16702,10,10000
16703,10,0
16704,10,20000
16705,10,20000
16706,10,10000
16707,10,40000
16708,10,10000
16709,10,20000
16710,10,5000
16711,10,40000
16712,10,50000
16713,10,40000
16714,10,20000
16715,10,30000
16716,10,0
16717,10,40000
16718,10,20000
16719,10,50000
16720,10,0
16721,10,10000
16722,10,30000
16723,10,0
16724,10,30000
16725,10,20000
16726,10,5000
16727,10,0
16728,10,30000
16729,10,50000
16730,10,0
16731,10,0
16732,10,20000
16733,10,50000
16734,10,10000
16735,10,0
16736,10,30000
16737,10,0
16738,10,40000
16739,10,30000
16740,10,20000
16741,10,5000
16742,10,50000
16743,10,20000
16744,10,40000
16745,10,30000
16746,10,5000
16747,10,30000
16748,10,20000
16749,10,30000
16750,10,50000
16751,10,10000
16752,10,50000
16753,10,0
16754,10,20000
16755,10,20000
16756,10,40000
16757,10,20000
16758,10,30000
16759,10,50000
16760,10,30000
16761,10,20000
16762,10,30000
16763,10,50000
16764,10,20000
16765,10,5000
16766,10,30000
16767,10,10000
16768,10,5000
16769,10,0
16770,10,20000
16771,10,5000
16772,10,0
16773,10,50000
16774,10,5000
16775,10,5000
16776,10,10000
16777,10,50000
16778,10,10000
16779,10,50000
16780,10,30000
16781,10,0
16782,10,10000
16783,10,10000
16784,10,0
16785,10,0
16786,10,30000
16787,10,5000
16788,10,40000
16789,10,30000
16790,10,0
16791,10,50000
16792,10,5000
16793,10,0
16794,10,0
16795,10,10000
16796,10,20000
16797,10,20000
16798,10,30000
16799,10,0
16800,10,0
16801,10,50000
16802,10,40000
16803,10,10000
16804,10,0
16805,10,0
16806,10,0
16807,10,5000
16808,10,50000
16809,10,10000
16810,10,5000
16811,10,50000
16812,10,50000
16813,10,0
16814,10,10000
16815,10,20000
16816,10,30000
16817,10,5000
16818,10,10000
16819,10,0
16820,10,0
16821,10,20000
16822,10,0
16823,10,20000
16824,10,10000
16825,10,20000
16826,10,50000
16827,10,0
16828,10,40000
16829,10,0
16830,10,20000
16831,10,0
16832,10,20000
16833,10,0
16834,10,5000
16835,10,20000
16836,10,30000
16837,10,10000
16838,10,40000
16839,10,0
16840,10,40000
16841,10,0
16842,10,40000
16843,10,40000
16844,10,20000
16845,10,30000
16846,10,50000
16847,10,5000
16848,10,50000
16849,10,30000
16850,10,0
16851,10,50000
16852,10,40000
16853,10,0
16854,10,30000
16855,10,0
16856,10,5000
16857,10,0
16858,10,50000
16859,10,10000
16860,10,40000
16861,10,20000
16862,10,30000
16863,10,20000
16864,10,10000
16865,10,20000
16866,10,30000
16867,10,5000
16868,10,50000
16869,10,40000
16870,10,5000
16871,10,20000
16872,10,10000
16873,10,5000
16874,10,50000
16875,10,0
16876,10,5000
16877,10,0
16878,10,50000
16879,10,40000
16880,10,10000
16881,10,0
16882,10,30000
16883,10,50000
16884,10,0
16885,10,50000
16886,10,0
16887,10,30000
16888,10,0
16889,10,0
16890,10,30000
16891,10,30000
16892,10,50000
16893,10,10000
16894,10,10000
16895,10,50000
16896,10,20000
16897,10,20000
16898,10,0
16899,10,20000
16900,10,0
16901,10,0
16902,10,40000
16903,10,30000
16904,10,30000
16905,10,0
16906,10,0
16907,10,0
16908,10,40000
16909,10,5000
16910,10,20000
16911,10,5000
16912,10,0
16913,10,30000
16914,10,30000
16915,10,20000
16916,10,0
16917,10,50000
16918,10,0
16919,10,50000
16920,10,30000
16921,10,30000
16922,10,40000
16923,10,30000
16924,10,10000
16925,10,0
16926,10,0
16927,10,0
16928,10,40000
16929,10,5000
16930,10,20000
16931,10,40000
16932,10,20000
16933,10,20000
16934,10,30000
16935,10,0
16936,10,5000
16937,10,50000
16938,10,0
16939,10,30000
16940,10,10000
16941,10,40000
16942,10,0
16943,10,50000
16944,10,10000
16945,10,50000
16946,10,50000
16947,10,0
16948,10,30000
16949,10,0
16950,10,0
16951,10,30000
16952,10,20000
16953,10,20000
16954,10,5000
16955,10,30000
16956,10,5000
16957,10,50000
16958,10,0
16959,10,40000
16960,10,5000
16961,10,20000
16962,10,0
16963,10,50000
16964,10,0
16965,10,0
16966,10,0
16967,10,30000
16968,10,50000
16969,10,50000
16970,10,50000
16971,10,20000
16972,10,40000
16973,10,30000
16974,10,10
16975,10,30000
16976,10,40000
16977,10,0
16978,10,10000
16979,10,40000
16980,10,30000
16981,10,30000
16982,10,40000
16983,10,10000
16984,10,0
16985,10,20000
16986,10,0
16987,10,0
16988,10,30000
16989,10,0
16990,10,40000
16991,10,0
16992,10,20000
16993,10,0
16994,10,40000
16995,10,0
16996,10,0
16997,10,20000
16998,10,5000
16999,10,5000
17000,10,30000
17001,10,30000
17002,10,40000
17003,10,10000
17004,10,30000
17005,10,40000
17006,10,20000
17007,10,5000
17008,10,0
17009,10,0
17010,10,50000
17011,10,20000
17012,10,50000
17013,10,50000
17014,10,0
17015,10,5000
17016,10,50000
17017,10,0
17018,10,30000
17019,10,0
17020,10,30000
17021,10,20000
17022,10,20000
17023,10,20000
17024,10,30000
17025,10,20000
17026,10,0
17027,10,0
17028,10,30000
17029,10,5000
17030,10,10000
17031,10,5000
17032,10,20000
17033,10,20000
17034,10,0
17035,10,0
17036,10,0
17037,10,30000
17038,10,0
17039,10,5000
17040,10,20000
17041,10,0
17042,10,30000
17043,10,0
17044,10,20000
17045,10,40000
17046,10,0
17047,10,5000
17048,10,30000
17049,10,20000
17050,10,50000
17051,10,50000
17052,10,20000
17053,10,50000
17054,10,50000
17055,10,20000
17056,10,10000
17057,10,0
17058,10,30000
17059,10,40000
17060,10,30000
17061,10,40000
17062,10,40000
17063,10,0
17064,10,30000
17065,10,0
17066,10,5000
17067,10,20000
17068,10,10000
17069,10,0
17070,10,0
17071,10,20000
17072,10,30000
17073,10,0
17074,10,30000
17075,10,0
17076,10,40000
17077,10,40000
17078,10,20000
17079,10,0
17080,10,0
17081,10,5000
17082,10,0
17083,10,50000
17084,10,50000
17085,10,0
17086,10,30000
17087,10,10000
17088,10,40000
17089,10,20000
17090,10,30000
17091,10,20000
17092,10,30000
17093,10,5000
17094,10,0
17095,10,20000
17096,10,40000
17097,10,0
17098,10,50000
17099,10,5000
17100,10,40000
17101,10,20000
17102,10,20000
17103,10,0
17104,10,40000
17105,10,10000
17106,10,0
17107,10,50000
17108,10,0
17109,10,40000
17110,10,20000
17111,10,40000
17112,10,0
17113,10,0
17114,10,0
17115,10,50000
17116,10,0
17117,10,50000
17118,10,10000
17119,10,20000
17120,10,20000
17121,10,5000
17122,10,5000
17123,10,0
17124,10,20000
17125,10,0
17126,10,10000
17127,10,40000
17128,10,40000
17129,10,40000
17130,10,30000
17131,10,30000
17132,10,0
17133,10,50000
17134,10,5000
17135,10,0
17136,10,20000
17137,10,0
17138,10,20000
17139,10,30000
17140,10,30000
17141,10,30000
17142,10,20000
17143,10,40000
17144,10,5000
17145,10,30000
17146,10,30000
17147,10,10000
17148,10,20000
17149,10,40000
17150,10,0
17151,10,0
17152,10,0
17153,10,50000
17154,10,10000
17155,10,30000
17156,10,30000
17157,10,50000
17158,10,20000
17159,10,20000
17160,10,5000
17161,10,50000
17162,10,0
17163,10,20000
17164,10,30000
17165,10,0
17166,10,20000
17167,10,30000
17168,10,50000
17169,10,0
17170,10,5000
17171,10,20000
17172,10,0
17173,10,50000
17174,10,10000
17175,10,30000
17176,10,0
17177,10,5000
17178,10,0
17179,10,0
17180,10,50000
17181,10,5000
17182,10,10000
17183,10,50000
17184,10,20000
17185,10,20000
17186,10,50000
17187,10,0
17188,10,40000
17189,10,0
17190,10,20000
17191,10,20000
17192,10,0
17193,10,40000
17194,10,50000
17195,10,20000
17196,10,0
17197,10,30000
17198,10,30000
17199,10,10000
17200,10,0
17201,10,50000
17202,10,40000
17203,10,20000
17204,10,30000
17205,10,20000
17206,10,0
17207,10,30000
17208,10,10000
17209,10,10000
17210,10,20000
17211,10,20000
17212,10,0
17213,10,50000
17214,10,0
17215,10,0
17216,10,50000
17217,10,30000
17218,10,10000
17219,10,50000
17220,10,0
17221,10,50000
17222,10,50000
17223,10,5000
17224,10,30000
17225,10,5000
17226,10,30000
17227,10,50000
17228,10,40000
17229,10,30000
17230,10,10000
17231,10,0
17232,10,0
17233,10,10000
17234,10,20000
17235,10,0
17236,10,0
17237,10,5000
17238,10,20000
17239,10,30000
17240,10,0
17241,10,30000
17242,10,30000
17243,10,10000
17244,10,20000
17245,10,5000
17246,10,50000
17247,10,50000
17248,10,20000
17249,10,0
17250,10,50000
17251,10,40000
17252,10,20000
17253,10,0
17254,10,0
17255,10,0
17256,10,30000
17257,10,0
17258,10,0
17259,10,0
17260,10,20000
17261,10,20000
17262,10,30000
17263,10,0
17264,10,10000
17265,10,0
17266,10,0
17267,10,40000
17268,10,0
17269,10,0
17270,10,30000
17271,10,10000
17272,10,0
17273,10,10000
17274,10,5000
17275,10,30000
17276,10,30000
17277,10,50000
17278,10,0
17279,10,20000
17280,10,0
17281,10,0
17282,10,40000
17283,10,20000
17284,10,5000
17285,10,10000
17286,10,30000
17287,10,10000
17288,10,20000
17289,10,10000
17290,10,50000
17291,10,0
17292,10,10000
17293,10,40000
17294,10,30000
17295,10,20000
17296,10,20000
17297,10,20000
17298,10,40000
17299,10,50000
17300,10,0
17301,10,0
17302,10,30000
17303,10,0
17304,10,10000
17305,10,20000
17306,10,0
17307,10,0
17308,10,10
17309,10,0
17310,10,0
17311,10,0
17312,10,40000
17313,10,0
17314,10,5000
17315,10,0
17316,10,40000
17317,10,50000
17318,10,5000
17319,10,50000
17320,10,50000
17321,10,0
17322,10,10000
17323,10,0
17324,10,5000
17325,10,20000
17326,10,10000
17327,10,0
17328,10,30000
17329,10,30000
17330,10,10000
17331,10,20000
17332,10,30000
17333,10,5000
17334,10,10000
17335,10,40000
17336,10,50000
17337,10,10000
17338,10,30000
17339,10,20000
17340,10,50000
17341,10,10000
17342,10,40000
17343,10,50000
17344,10,0
17345,10,40000
17346,10,40000
17347,10,0
17348,10,40000
17349,10,20000
17350,10,40000
17351,10,5000
17352,10,0
17353,10,20000
17354,10,40000
17355,10,20000
17356,10,30000
17357,10,0
17358,10,0
17359,10,20000
17360,10,30000
17361,10,50000
17362,10,20000
17363,10,30000
17364,10,0
17365,10,50000
17366,10,20000
17367,10,0
17368,10,40000
17369,10,20000
17370,10,5000
17371,10,20000
17372,10,30000
17373,10,0
17374,10,20000
17375,10,50000
17376,10,0
17377,10,0
17378,10,30000
17379,10,30000
17380,10,50000
17381,10,20000
17382,10,40000
17383,10,30000
17384,10,30000
17385,10,40000
17386,10,30000
17387,10,50000
17388,10,50000
17389,10,30000
17390,10,10000
17391,10,50000
17392,10,30000
17393,10,0
17394,10,40000
17395,10,0
17396,10,50000
17397,10,40000
17398,10,30000
17399,10,0
17400,10,5000
17401,10,0
17402,10,10000
17403,10,20000
17404,10,50000
17405,10,0
17406,10,0
17407,10,50000
17408,10,30000
17409,10,50000
17410,10,30000
17411,10,40000
17412,10,0
17413,10,0
17414,10,30000
17415,10,0
17416,10,10000
17417,10,20000
17418,10,0
17419,10,0
17420,10,20000
17421,10,30000
17422,10,0
17423,10,30000
17424,10,50000
17425,10,30000
17426,10,50000
17427,10,0
17428,10,30000
17429,10,40000
17430,10,40000
17431,10,0
17432,10,30000
17433,10,30000
17434,10,10000
17435,10,10000
17436,10,20000
17437,10,5000
17438,10,0
17439,10,0
17440,10,20000
17441,10,10000
17442,10,50000
17443,10,0
17444,10,0
17445,10,40000
17446,10,10000
17447,10,40000
17448,10,50000
17449,10,0
17450,10,40000
17451,10,40000
17452,10,0
17453,10,5000
17454,10,0
17455,10,0
17456,10,10000
17457,10,20000
17458,10,10000
17459,10,30000
17460,10,50000
17461,10,20000
17462,10,0
17463,10,20000
17464,10,30000
17465,10,40000
17466,10,50000
17467,10,20000
17468,10,50000
17469,10,0
17470,10,5000
17471,10,5000
17472,10,0
17473,10,30000
17474,10,20000
17475,10,30000
17476,10,40000
17477,10,0
17478,10,30000
17479,10,0
17480,10,0
17481,10,30000
17482,10,30000
17483,10,40000
17484,10,20000
17485,10,5000
17486,10,0
17487,10,10000
17488,10,10000
17489,10,40000
17490,10,10000
17491,10,20000
17492,10,0
17493,10,40000
17494,10,10000
17495,10,0
17496,10,10000
17497,10,50000
17498,10,30000
17499,10,10000
17500,10,0
17501,10,5000
17502,10,10000
17503,10,40000
17504,10,50000
17505,10,10000
17506,10,30000
17507,10,50000
17508,10,30000
17509,10,40000
17510,10,50000
17511,10,10000
17512,10,30000
17513,10,10000
17514,10,30000
17515,10,40000
17516,10,50000
17517,10,20000
17518,10,0
17519,10,40000
17520,10,20000
17521,10,0
17522,10,5000
17523,10,0
17524,10,30000
17525,10,0
17526,10,30000
17527,10,20000
17528,10,50000
17529,10,30000
17530,10,0
17531,10,10000
17532,10,0
17533,10,20000
17534,10,30000
17535,10,5000
17536,10,30000
17537,10,0
17538,10,30000
17539,10,20000
17540,10,10000
17541,10,40000
17542,10,0
17543,10,5000
17544,10,50000
17545,10,50000
17546,10,20000
17547,10,50000
17548,10,40000
17549,10,0
17550,10,20000
17551,10,20000
17552,10,30000
17553,10,5000
17554,10,0
17555,10,5000
17556,10,0
17557,10,10000
17558,10,10000
17559,10,40000
17560,10,30000
17561,10,0
17562,10,5000
17563,10,40000
17564,10,40000
17565,10,5000
17566,10,0
17567,10,5000
17568,10,10000
17569,10,5000
17570,10,20000
17571,10,30000
17572,10,5000
17573,10,5000
17574,10,0
17575,10,10000
17576,10,50000
17577,10,10000
17578,10,0
17579,10,5000
17580,10,0
17581,10,0
17582,10,20000
17583,10,5000
17584,10,30000
17585,10,40000
17586,10,30000
17587,10,30000
17588,10,20000
17589,10,0
17590,10,50000
17591,10,0
17592,10,30000
17593,10,40000
17594,10,0
17595,10,0
17596,10,0
17597,10,50000
17598,10,20000
17599,10,50000
17600,10,5000
17601,10,20000
17602,10,50000
17603,10,20000
17604,10,0
17605,10,0
17606,10,0
17607,10,20000
17608,10,30000
17609,10,40000
17610,10,5000
17611,10,0
17612,10,50000
17613,10,5000
17614,10,20000
17615,10,5000
17616,10,30000
17617,10,5000
17618,10,5000
17619,10,20000
17620,10,30000
17621,10,10000
17622,10,20000
17623,10,20000
17624,10,0
17625,10,5000
17626,10,0
17627,10,0
17628,10,30000
17629,10,50000
17630,10,20000
17631,10,5000
17632,10,0
17633,10,0
17634,10,0
17635,10,5000
17636,10,40000
17637,10,0
17638,10,0
17639,10,40000
17640,10,20000
17641,10,20000
17642,10,40000
17643,10,5000
17644,10,30000
17645,10,0
17646,10,0
17647,10,30000
17648,10,5000
17649,10,0
17650,10,30000
17651,10,0
17652,10,0
17653,10,5000
17654,10,5000
17655,10,20000
17656,10,40000
17657,10,50000
17658,10,0
17659,10,30000
17660,10,10000
17661,10,0
17662,10,5000
17663,10,50000
17664,10,0
17665,10,5000
17666,10,5000
17667,10,40000
17668,10,20000
17669,10,20000
17670,10,30000
17671,10,0
17672,10,50000
17673,10,30000
17674,10,10000
17675,10,10000
17676,10,20000
17677,10,40000
17678,10,0
17679,10,0
17680,10,30000
17681,10,0
17682,10,30000
17683,10,0
17684,10,50000
17685,10,0
17686,10,20000
17687,10,50000
17688,10,5000
17689,10,10
17690,10,20000
17691,10,0
17692,10,0
17693,10,0
17694,10,30000
17695,10,0
17696,10,0
17697,10,30000
17698,10,5000
17699,10,20000
17700,10,40000
17701,10,5000
17702,10,0
17703,10,5000
17704,10,0
17705,10,5000
17706,10,50000
17707,10,0
17708,10,0
17709,10,50000
17710,10,0
17711,10,0
17712,10,5000
17713,10,40000
17714,10,40000
17715,10,0
17716,10,20000
17717,10,0
17718,10,0
17719,10,30000
17720,10,10000
17721,10,30000
17722,10,20000
17723,10,50000
17724,10,5000
17725,10,50000
17726,10,0
17727,10,10000
17728,10,0
17729,10,20000
17730,10,5000
17731,10,20000
17732,10,30000
17733,10,0
17734,10,40000
17735,10,5000
17736,10,5000
17737,10,0
17738,10,20000
17739,10,30000
17740,10,20000
17741,10,50000
17742,10,20000
17743,10,30000
17744,10,50000
17745,10,50000
17746,10,0
17747,10,0
17748,10,50000
17749,10,20000
17750,10,40000
17751,10,30000
17752,10,50000
17753,10,10000
17754,10,50000
17755,10,5000
17756,10,40000
17757,10,40000
17758,10,0
17759,10,20000
17760,10,30000
17761,10,30000
17762,10,0
17763,10,50000
17764,10,30000
17765,10,0
17766,10,30000
17767,10,5000
17768,10,30000
17769,10,10000
17770,10,0
17771,10,0
17772,10,30000
17773,10,30000
17774,10,0
17775,10,20000
17776,10,0
17777,10,0
17778,10,30000
17779,10,20000
17780,10,20000
17781,10,0
17782,10,0
17783,10,0
17784,10,40000
17785,10,50000
17786,10,20000
17787,10,5000
17788,10,40000
17789,10,0
17790,10,0
17791,10,40000
17792,10,5000
17793,10,50000
17794,10,50000
17795,10,5000
17796,10,0
17797,10,10000
17798,10,0
17799,10,0
17800,10,30000
17801,10,0
17802,10,30000
17803,10,0
17804,10,40000
17805,10,20000
17806,10,30000
17807,10,10000
17808,10,20000
17809,10,5000
17810,10,30000
17811,10,20000
17812,10,20000
17813,10,5000
17814,10,10000
17815,10,50000
17816,10,30000
17817,10,0
17818,10,50000
17819,10,10000
17820,10,0
17821,10,0
17822,10,20000
17823,10,30000
17824,10,30000
17825,10,0
17826,10,10000
17827,10,20000
17828,10,0
17829,10,50000
17830,10,50000
17831,10,30000
17832,10,10000
17833,10,20000
17834,10,5000
17835,10,30000
17836,10,30000
17837,10,50000
17838,10,20000
17839,10,10000
17840,10,0
17841,10,40000
17842,10,0
17843,10,0
17844,10,50000
17845,10,10000
17846,10,10000
17847,10,20000
17848,10,40000
17849,10,5000
17850,10,40000
17851,10,0
17852,10,5000
17853,10,0
17854,10,20000
17855,10,40000
17856,10,50000
17857,10,10000
17858,10,50000
17859,10,40000
17860,10,0
17861,10,0
17862,10,0
17863,10,50000
17864,10,20000
17865,10,0
17866,10,20000
17867,10,0
17868,10,20000
17869,10,0
17870,10,20000
17871,10,10000
17872,10,0
17873,10,0
17874,10,40000
17875,10,5000
17876,10,5000
17877,10,10000
17878,10,0
17879,10,20000
17880,10,0
17881,10,0
17882,10,0
17883,10,20000
17884,10,30000
17885,10,20000
17886,10,5000
17887,10,0
17888,10,0
17889,10,0
17890,10,20000
17891,10,0
17892,10,0
17893,10,40000
17894,10,50000
17895,10,40000
17896,10,10000
17897,10,0
17898,10,40000
17899,10,20000
17900,10,20000
17901,10,50000
17902,10,0
17903,10,20000
17904,10,0
17905,10,50000
17906,10,10000
17907,10,0
17908,10,40000
17909,10,30000
17910,10,40000
17911,10,30000
17912,10,40000
17913,10,50000
17914,10,5000
17915,10,20000
17916,10,30000
17917,10,0
17918,10,20000
17919,10,30000
17920,10,50000
17921,10,40000
17922,10,5000
17923,10,30000
17924,10,50000
17925,10,5000
17926,10,0
17927,10,0
17928,10,10000
17929,10,0
17930,10,10000
17931,10,0
17932,10,40000
17933,10,40000
17934,10,40000
17935,10,30000
17936,10,50000
17937,10,30000
17938,10,20000
17939,10,50000
17940,10,30000
17941,10,20000
17942,10,0
17943,10,50000
17944,10,10000
17945,10,0
17946,10,40000
17947,10,20000
17948,10,10000
17949,10,40000
17950,10,30000
17951,10,0
17952,10,30000
17953,10,0
17954,10,0
17955,10,20000
17956,10,5000
17957,10,50000
17958,10,50000
17959,10,20000
17960,10,5000
17961,10,50000
17962,10,5000
17963,10,50000
17964,10,50000
17965,10,20000
17966,10,10000
17967,10,10000
17968,10,20000
17969,10,5000
17970,10,5000
17971,10,10000
17972,10,0
17973,10,30000
17974,10,0
17975,10,0
17976,10,0
17977,10,10000
17978,10,30000
17979,10,40000
17980,10,10000
17981,10,0
17982,10,5000
17983,10,0
17984,10,50000
17985,10,0
17986,10,0
17987,10,30000
17988,10,0
17989,10,10000
17990,10,30000
17991,10,40000
17992,10,20000
17993,10,10000
17994,10,20000
17995,10,50000
17996,10,40000
17997,10,0
17998,10,5000
17999,10,30000
18000,10,0
18001,10,0
18002,10,0
18003,10,30000
18004,10,0
18005,10,5000
18006,10,30000
18007,10,50000
18008,10,20000
18009,10,40000
18010,10,0
18011,10,0
18012,10,5000
18013,10,10000
18014,10,0
18015,10,30000
18016,10,5000
18017,10,50000
18018,10,40000
18019,10,30000
18020,10,5000
18021,10,5000
18022,10,30000
18023,10,50000
18024,10,0
18025,10,0
18026,10,30000
18027,10,30000
18028,10,50000
18029,10,30000
18030,10,50000
18031,10,10000
18032,10,30000
18033,10,10000
18034,10,0
18035,10,50000
18036,10,5000
18037,10,50000
18038,10,30000
18039,10,0
18040,10,5000
18041,10,0
18042,10,5000
18043,10,50000
18044,10,0
18045,10,30000
18046,10,10000
18047,10,30000
18048,10,0
18049,10,0
18050,10,5000
18051,10,40000
18052,10,40000
18053,10,10000
18054,10,20000
18055,10,20000
18056,10,50000
18057,10,5000
18058,10,30000
18059,10,0
18060,10,10000
18061,10,50000
18062,10,20000
18063,10,0
18064,10,5000
18065,10,5000
18066,10,0
18067,10,0
18068,10,10000
18069,10,10000
18070,10,40000
18071,10,5000
18072,10,20000
18073,10,0
18074,10,10000
18075,10,0
18076,10,5000
18077,10,20000
18078,10,30000
18079,10,0
18080,10,50000
18081,10,40000
18082,10,0
18083,10,0
18084,10,30000
18085,10,0
18086,10,30000
18087,10,10000
18088,10,20000
18089,10,20000
18090,10,50000
18091,10,20000
18092,10,5000
18093,10,40000
18094,10,0
18095,10,20000
18096,10,30000
18097,10,10000
18098,10,30000
18099,10,5000
18100,10,0
18101,10,40000
18102,10,40000
18103,10,0
18104,10,0
18105,10,0
18106,10,20000
18107,10,40000
18108,10,50000
18109,10,30000
18110,10,5000
18111,10,50000
18112,10,50000
18113,10,30000
18114,10,40000
18115,10,50000
18116,10,30000
18117,10,30000
18118,10,0
18119,10,30000
18120,10,0
18121,10,20000
18122,10,30000
18123,10,10000
18124,10,0
18125,10,0
18126,10,20000
18127,10,50000
18128,10,30000
18129,10,10000
18130,10,5000
18131,10,0
18132,10,20000
18133,10,0
18134,10,5000
18135,10,10000
18136,10,0
18137,10,30000
18138,10,5000
18139,10,0
18140,10,0
18141,10,0
18142,10,20000
18143,10,0
18144,10,0
18145,10,40000
18146,10,0
18147,10,50000
18148,10,40000
18149,10,30000
18150,10,0
18151,10,0
18152,10,5000
18153,10,20000
18154,10,5000
18155,10,0
18156,10,40000
18157,10,20000
18158,10,30000
18159,10,50000
18160,10,50000
18161,10,50000
18162,10,0
18163,10,0
18164,10,30000
18165,10,30000
18166,10,50000
18167,10,0
18168,10,20000
18169,10,0
18170,10,0
18171,10,40000
18172,10,0
18173,10,0
18174,10,50000
18175,10,5000
18176,10,0
18177,10,5000
18178,10,0
18179,10,50000
18180,10,0
18181,10,40000
18182,10,0
18183,10,10
18184,10,5000
18185,10,20000
18186,10,0
18187,10,30000
18188,10,30000
18189,10,0
18190,10,10000
18191,10,40000
18192,10,5000
18193,10,30000
18194,10,50000
18195,10,20000
18196,10,5000
18197,10,0
18198,10,5000
18199,10,0
18200,10,20000
18201,10,30000
18202,10,0
18203,10,20000
18204,10,10000
18205,10,40000
18206,10,0
18207,10,40000
18208,10,30000
18209,10,20000
18210,10,0
18211,10,0
18212,10,0
18213,10,20000
18214,10,0
18215,10,0
18216,10,0
18217,10,0
18218,10,20000
18219,10,5000
18220,10,50000
18221,10,20000
18222,10,50000
18223,10,50000
18224,10,50000
18225,10,10000
18226,10,10000
18227,10,0
18228,10,5000
18229,10,30000
18230,10,0
18231,10,50000
18232,10,30000
18233,10,0
18234,10,40000
18235,10,20000
18236,10,30000
18237,10,20000
18238,10,50000
18239,10,0
18240,10,30000
18241,10,50000
18242,10,0
18243,10,50000
18244,10,0
18245,10,0
18246,10,30000
18247,10,40000
18248,10,0
18249,10,20000
18250,10,5000
18251,10,50000
18252,10,50000
18253,10,20000
18254,10,10000
18255,10,30000
18256,10,0
18257,10,0
18258,10,40000
18259,10,0
18260,10,0
18261,10,20000
18262,10,40000
18263,10,10000
18264,10,20000
18265,10,30000
18266,10,0
18267,10,0
18268,10,30000
18269,10,10000
18270,10,0
18271,10,5000
18272,10,20000
18273,10,40000
18274,10,10000
18275,10,40000
18276,10,0
18277,10,10000
18278,10,30000
18279,10,0
18280,10,0
18281,10,20000
18282,10,30000
18283,10,0
18284,10,5000
18285,10,5000
18286,10,0
18287,10,0
18288,10,5000
18289,10,20000
18290,10,0
18291,10,30000
18292,10,5000
18293,10,5000
18294,10,0
18295,10,20000
18296,10,20000
18297,10,20000
18298,10,0
18299,10,50000
18300,10,5000
18301,10,50000
18302,10,0
18303,10,5000
18304,10,0
18305,10,5000
18306,10,50000
18307,10,20000
18308,10,40000
18309,10,0
18310,10,20000
18311,10,50000
18312,10,30000
18313,10,20000
18314,10,50000
18315,10,0
18316,10,0
18317,10,0
18318,10,0
18319,10,0
18320,10,0
18321,10,50000
18322,10,50000
18323,10,0
18324,10,0
18325,10,20000
18326,10,5000
18327,10,30000
18328,10,20000
18329,10,50000
18330,10,0
18331,10,0
18332,10,0
18333,10,10000
18334,10,5000
18335,10,40000
18336,10,0
18337,10,40000
18338,10,20000
18339,10,50000
18340,10,10000
18341,10,40000
18342,10,0
18343,10,0
18344,10,50000
18345,10,5000
18346,10,5000
18347,10,0
18348,10,40000
18349,10,5000
18350,10,10000
18351,10,5000
18352,10,0
18353,10,5000
18354,10,5000
18355,10,40000
18356,10,30000
18357,10,0
18358,10,0
18359,10,20000
18360,10,40000
18361,10,0
18362,10,20000
18363,10,20000
18364,10,30000
18365,10,40000
18366,10,10000
18367,10,40000
18368,10,0
18369,10,20000
18370,10,50000
18371,10,5000
18372,10,30000
18373,10,10000
18374,10,0
18375,10,0
18376,10,40000
18377,10,30000
18378,10,30000
18379,10,20000
18380,10,40000
18381,10,30000
18382,10,50000
18383,10,5000
18384,10,30000
18385,10,0
18386,10,40000
18387,10,0
18388,10,40000
18389,10,30000
18390,10,20000
18391,10,10000
18392,10,30000
18393,10,40000
18394,10,0
18395,10,20000
18396,10,30000
18397,10,20000
18398,10,30000
18399,10,30000
18400,10,50000
18401,10,30000
18402,10,30000
18403,10,10000
18404,10,40000
18405,10,40000
18406,10,20000
18407,10,40000
18408,10,10000
18409,10,50000
18410,10,10000
18411,10,0
18412,10,40000
18413,10,0
18414,10,5000
18415,10,40000
18416,10,30000
18417,10,0
18418,10,10000
18419,10,50000
18420,10,0
18421,10,50000
18422,10,5000
18423,10,0
18424,10,5000
18425,10,0
18426,10,5000
18427,10,40000
18428,10,0
18429,10,50000
18430,10,10000
18431,10,0
18432,10,0
18433,10,40000
18434,10,0
18435,10,50000
18436,10,10000
18437,10,40000
18438,10,20000
18439,10,10000
18440,10,0
18441,10,50000
18442,10,50000
18443,10,10000
18444,10,0
18445,10,0
18446,10,0
18447,10,30000
18448,10,5000
18449,10,0
18450,10,50000
18451,10,20000
18452,10,0
18453,10,10000
18454,10,40000
18455,10,10000
18456,10,5000
18457,10,40000
18458,10,0
18459,10,20000
18460,10,40000
18461,10,20000
18462,10,50000
18463,10,50000
18464,10,40000
18465,10,0
18466,10,0
18467,10,20000
18468,10,50000
18469,10,20000
18470,10,0
18471,10,0
18472,10,5000
18473,10,0
18474,10,5000
18475,10,0
18476,10,0
18477,10,40000
18478,10,30000
18479,10,20000
18480,10,30000
18481,10,30000
18482,10,20000
18483,10,50000
18484,10,0
18485,10,40000
18486,10,30000
18487,10,10000
18488,10,20000
18489,10,5000
18490,10,30000
18491,10,20000
18492,10,10000
18493,10,20000
18494,10,0
18495,10,40000
18496,10,10000
18497,10,20000
18498,10,40000
18499,10,40000
18500,10,50000
18501,10,0
18502,10,40000
18503,10,10000
18504,10,0
18505,10,5000
18506,10,30000
18507,10,10000
18508,10,0
18509,10,0
18510,10,40000
18511,10,10000
18512,10,10000
18513,10,30000
18514,10,20000
18515,10,20000
18516,10,40000
18517,10,10000
18518,10,30000
18519,10,20000
18520,10,0
18521,10,50000
18522,10,30000
18523,10,0
18524,10,0
18525,10,0
18526,10,30000
18527,10,20000
18528,10,50000
18529,10,0
18530,10,0
18531,10,20000
18532,10,10000
18533,10,50000
18534,10,0
18535,10,0
18536,10,0
18537,10,10000
18538,10,50000
18539,10,20000
18540,10,0
18541,10,50000
18542,10,5000
18543,10,20000
18544,10,20000
18545,10,10000
18546,10,40000
18547,10,0
18548,10,5000
18549,10,0
18550,10,30000
18551,10,40000
18552,10,30000
18553,10,40000
18554,10,40000
18555,10,50000
18556,10,50000
18557,10,0
18558,10,10000
18559,10,40000
18560,10,50000
18561,10,40000
18562,10,40000
18563,10,10000
18564,10,5000
18565,10,40000
18566,10,50000
18567,10,5000
18568,10,10000
18569,10,0
18570,10,5000
18571,10,10000
18572,10,40000
18573,10,50000
18574,10,50000
18575,10,50000
18576,10,50000
18577,10,5000
18578,10,0
18579,10,0
18580,10,0
18581,10,20000
18582,10,5000
18583,10,40000
18584,10,10000
18585,10,20000
18586,10,20000
18587,10,10000
18588,10,10000
18589,10,0
18590,10,5000
18591,10,50000
18592,10,40000
18593,10,5000
18594,10,30000
18595,10,0
18596,10,0
18597,10,10000
18598,10,20000
18599,10,5000
18600,10,50000
18601,10,0
18602,10,0
18603,10,50000
18604,10,0
18605,10,0
18606,10,20000
18607,10,30000
18608,10,30000
18609,10,50000
18610,10,0
18611,10,5000
18612,10,30000
18613,10,30000
18614,10,50000
18615,10,0
18616,10,0
18617,10,50000
18618,10,5000
18619,10,0
18620,10,30000
18621,10,20000
18622,10,5000
18623,10,20000
18624,10,0
18625,10,30000
18626,10,50000
18627,10,0
18628,10,5000
18629,10,50000
18630,10,30000
18631,10,30000
18632,10,20000
18633,10,0
18634,10,40000
18635,10,20000
18636,10,5000
18637,10,50000
18638,10,20000
18639,10,20000
18640,10,40000
18641,10,40000
18642,10,30000
18643,10,5000
18644,10,0
18645,10,5000
18646,10,20000
18647,10,40000
18648,10,50000
18649,10,10000
18650,10,40000
18651,10,50000
18652,10,0
18653,10,30000
18654,10,50000
18655,10,0
18656,10,10000
18657,10,40000
18658,10,5000
18659,10,40000
18660,10,30000
18661,10,5000
18662,10,5000
18663,10,0
18664,10,0
18665,10,10000
18666,10,30000
18667,10,20000
18668,10,10000
18669,10,10000
18670,10,20000
18671,10,0
18672,10,50000
18673,10,0
18674,10,20000
18675,10,50000
18676,10,5000
18677,10,0
18678,10,20000
18679,10,0
18680,10,40000
18681,10,10
18682,10,50000
18683,10,50000
18684,10,40000
18685,10,0
18686,10,30000
18687,10,0
18688,10,20000
18689,10,0
18690,10,50000
18691,10,20000
18692,10,0
18693,10,30000
18694,10,0
18695,10,30000
18696,10,0
18697,10,50000
18698,10,50000
18699,10,50000
18700,10,50000
18701,10,0
18702,10,0
18703,10,10000
18704,10,10000
18705,10,30000
18706,10,10000
18707,10,50000
18708,10,50000
18709,10,0
18710,10,0
18711,10,5000
18712,10,0
18713,10,0
18714,10,40000
18715,10,0
18716,10,20000
18717,10,40000
18718,10,50000
18719,10,5000
18720,10,0
18721,10,50000
18722,10,50000
18723,10,0
18724,10,0
18725,10,0
18726,10,0
18727,10,50000
18728,10,5000
18729,10,0
18730,10,50000
18731,10,5000
18732,10,30000
18733,10,0
18734,10,20000
18735,10,30000
18736,10,0
18737,10,20000
18738,10,0
18739,10,50000
18740,10,20000
18741,10,30000
18742,10,30000
18743,10,20000
18744,10,50000
18745,10,0
18746,10,40000
18747,10,30000
18748,10,0
18749,10,5000
18750,10,50000
18751,10,0
18752,10,0
18753,10,0
18754,10,0
18755,10,50000
18756,10,10000
18757,10,5000
18758,10,0
18759,10,30000
18760,10,0
18761,10,5000
18762,10,5000
18763,10,0
18764,10,50000
18765,10,0
18766,10,0
18767,10,10000
18768,10,0
18769,10,50000
18770,10,30000
18771,10,5000
18772,10,20000
18773,10,10000
18774,10,20000
18775,10,0
18776,10,20000
18777,10,5000
18778,10,30000
18779,10,0
18780,10,30000
18781,10,50000
18782,10,0
18783,10,30000
18784,10,30000
18785,10,0
18786,10,30000
18787,10,0
18788,10,0
18789,10,10000
18790,10,20000
18791,10,0
18792,10,30000
18793,10,0
18794,10,30000
18795,10,20000
18796,10,20000
18797,10,30000
18798,10,30000
18799,10,30000
18800,10,20000
18801,10,0
18802,10,5000
18803,10,40000
18804,10,20000
18805,10,40000
18806,10,0
18807,10,40000
18808,10,20000
18809,10,30000
18810,10,0
18811,10,10000
18812,10,0
18813,10,30000
18814,10,5000
18815,10,10000
18816,10,0
18817,10,50000
18818,10,20000
18819,10,40000
18820,10,50000
18821,10,0
18822,10,0
18823,10,0
18824,10,30000
18825,10,10000
18826,10,20000
18827,10,30000
18828,10,50000
18829,10,50000
18830,10,30000
18831,10,10000
18832,10,5000
18833,10,0
18834,10,50000
18835,10,20000
18836,10,0
18837,10,5000
18838,10,30000
18839,10,0
18840,10,20000
18841,10,30000
18842,10,10000
18843,10,20000
18844,10,30000
18845,10,20000
18846,10,20000
18847,10,10000
18848,10,30000
18849,10,5000
18850,10,10000
18851,10,10000
18852,10,0
18853,10,30000
18854,10,30000
18855,10,0
18856,10,0
18857,10,0
18858,10,5000
18859,10,40000
18860,10,20000
18861,10,5000
18862,10,0
18863,10,0
18864,10,20000
18865,10,50000
18866,10,50000
18867,10,5000
18868,10,5000
18869,10,40000
18870,10,30000
18871,10,20000
18872,10,0
18873,10,0
18874,10,10000
18875,10,40000
18876,10,0
18877,10,0
18878,10,20000
18879,10,0
18880,10,20000
18881,10,20000
18882,10,0
18883,10,0
18884,10,50000
18885,10,0
18886,10,20000
18887,10,5000
18888,10,10000
18889,10,0
18890,10,40000
18891,10,10000
18892,10,0
18893,10,0
18894,10,50000
18895,10,50000
18896,10,40000
18897,10,50000
18898,10,30000
18899,10,40000
18900,10,30000
18901,10,50000
18902,10,30000
18903,10,20000
18904,10,10000
18905,10,50000
18906,10,30000
18907,10,40000
18908,10,40000
18909,10,0
18910,10,10000
18911,10,10000
18912,10,50000
18913,10,30000
18914,10,50000
18915,10,20000
18916,10,30000
18917,10,50000
18918,10,20000
18919,10,50000
18920,10,40000
18921,10,40000
18922,10,20000
18923,10,20000
18924,10,30000
18925,10,50000
18926,10,10000
18927,10,20000
18928,10,30000
18929,10,20000
18930,10,50000
18931,10,0
18932,10,20000
18933,10,5000
18934,10,40000
18935,10,40000
18936,10,0
18937,10,10000
18938,10,20000
18939,10,10000
18940,10,20000
18941,10,50000
18942,10,40000
18943,10,5000
18944,10,50000
18945,10,5000
18946,10,0
18947,10,0
18948,10,5000
18949,10,20000
18950,10,0
18951,10,50000
18952,10,0
18953,10,40000
18954,10,10000
18955,10,30000
18956,10,30000
18957,10,40000
18958,10,50000
18959,10,30000
18960,10,0
18961,10,5000
18962,10,50000
18963,10,0
18964,10,20000
18965,10,20000
18966,10,50000
18967,10,50000
18968,10,20000
18969,10,0
18970,10,50000
18971,10,0
18972,10,0
18973,10,30000
18974,10,10000
18975,10,20000
18976,10,0
18977,10,30000
18978,10,0
18979,10,10000
18980,10,30000
18981,10,50000
18982,10,30000
18983,10,0
18984,10,5000
18985,10,5000
18986,10,10000
18987,10,40000
18988,10,0
18989,10,10000
18990,10,30000
18991,10,30000
18992,10,30000
18993,10,30000
18994,10,30000
18995,10,30000
18996,10,0
18997,10,0
18998,10,5000
18999,10,0
19000,10,50000
19001,10,20000
19002,10,10000
19003,10,30000
19004,10,30000
19005,10,30000
19006,10,5000
19007,10,20000
19008,10,20000
19009,10,50000
19010,10,10000
19011,10,50000
19012,10,40000
19013,10,5000
19014,10,20000
19015,10,0
19016,10,0
19017,10,30000
19018,10,0
19019,10,50000
19020,10,30000
19021,10,40000
19022,10,0
19023,10,10000
19024,10,0
19025,10,20000
19026,10,20000
19027,10,0
19028,10,40000
19029,10,0
19030,10,0
19031,10,30000
19032,10,0
19033,10,40000
19034,10,0
19035,10,30000
19036,10,0
19037,10,5000
19038,10,0
19039,10,50000
19040,10,50000
19041,10,0
19042,10,0
19043,10,10000
19044,10,20000
19045,10,30000
19046,10,10000
19047,10,0
19048,10,10000
19049,10,0
19050,10,30000
19051,10,40000
19052,10,0
19053,10,30000
19054,10,10000
19055,10,20000
19056,10,40000
19057,10,40000
19058,10,0
19059,10,0
19060,10,40000
19061,10,0
19062,10,40000
19063,10,10000
19064,10,20000
19065,10,20000
19066,10,0
19067,10,40000
19068,10,5000
19069,10,30000
19070,10,10000
19071,10,50000
19072,10,0
19073,10,10000
19074,10,50000
19075,10,50000
19076,10,0
19077,10,50000
19078,10,0
19079,10,50000
19080,10,10000
19081,10,0
19082,10,20000
19083,10,0
19084,10,10000
19085,10,30000
19086,10,30000
19087,10,30000
19088,10,30000
19089,10,20000
19090,10,40000
19091,10,10000
19092,10,0
19093,10,5000
19094,10,30000
19095,10,0
19096,10,0
19097,10,0
19098,10,0
19099,10,30000
19100,10,50000
19101,10,20000
19102,10,10000
19103,10,50000
19104,10,10
19105,10,50000
19106,10,10000
19107,10,10000
19108,10,30000
19109,10,0
19110,10,20000
19111,10,20000
19112,10,0
19113,10,10000
19114,10,0
19115,10,0
19116,10,10
19117,10,40000
19118,10,0
19119,10,0
19120,10,50000
19121,10,40000
19122,10,40000
19123,10,5000
19124,10,30000
19125,10,0
19126,10,5000
19127,10,50000
19128,10,5000
19129,10,40000
19130,10,50000
19131,10,30000
19132,10,0
19133,10,20000
19134,10,30000
19135,10,0
19136,10,5000
19137,10,30000
19138,10,5000
19139,10,50000
19140,10,0
19141,10,0
19142,10,0
19143,10,30000
19144,10,30000
19145,10,40000
19146,10,30000
19147,10,30000
19148,10,50000
19149,10,20000
19150,10,10
19151,10,0
19152,10,0
19153,10,20000
19154,10,30000
19155,10,0
19156,10,50000
19157,10,5000
19158,10,0
19159,10,0
19160,10,20000
19161,10,0
19162,10,0
19163,10,0
19164,10,5000
19165,10,0
19166,10,50000
19167,10,20000
19168,10,30000
19169,10,40000
19170,10,10000
19171,10,20000
19172,10,0
19173,10,20000
19174,10,5000
19175,10,0
19176,10,30000
19177,10,50000
19178,10,0
19179,10,5000
19180,10,10000
19181,10,20000
19182,10,5000
19183,10,0
19184,10,30000
19185,10,50000
19186,10,20000
19187,10,0
19188,10,30000
19189,10,0
19190,10,5000
19191,10,20000
19192,10,0
19193,10,30000
19194,10,30000
19195,10,40000
19196,10,20000
19197,10,30000
19198,10,0
19199,10,50000
19200,10,20000
19201,10,10000
19202,10,0
19203,10,20000
19204,10,0
19205,10,30000
19206,10,0
19207,10,40000
19208,10,30000
19209,10,5000
19210,10,50000
19211,10,40000
19212,10,30000
19213,10,0
19214,10,40000
19215,10,20000
19216,10,40000
19217,10,0
19218,10,10000
19219,10,10000
19220,10,5000
19221,10,30000
19222,10,20000
19223,10,20000
19224,10,10000
19225,10,50000
19226,10,50000
19227,10,20000
19228,10,5000
19229,10,20000
19230,10,20000
19231,10,40000
19232,10,20000
19233,10,10000
19234,10,0
19235,10,50000
19236,10,20000
19237,10,50000
19238,10,30000
19239,10,5000
19240,10,0
19241,10,0
19242,10,5000
19243,10,50000
19244,10,30000
19245,10,10000
19246,10,40000
19247,10,0
19248,10,30000
19249,10,40000
19250,10,20000
19251,10,10000
19252,10,40000
19253,10,30000
19254,10,30000
19255,10,30000
19256,10,20000
19257,10,0
19258,10,10000
19259,10,0
19260,10,0
19261,10,20000
19262,10,30000
19263,10,0
19264,10,30000
19265,10,40000
19266,10,20000
19267,10,20000
19268,10,10000
19269,10,30000
19270,10,10000
19271,10,20000
19272,10,10000
19273,10,0
19274,10,5000
19275,10,5000
19276,10,0
19277,10,20000
19278,10,10000
19279,10,50000
19280,10,30000
19281,10,40000
19282,10,20000
19283,10,40000
19284,10,30000
19285,10,50000
19286,10,30000
19287,10,30000
19288,10,0
19289,10,40000
19290,10,40000
19291,10,30000
19292,10,0
19293,10,20000
19294,10,30000
19295,10,0
19296,10,5000
19297,10,30000
19298,10,40000
19299,10,0
19300,10,0
19301,10,0
19302,10,50000
19303,10,20000
19304,10,50000
19305,10,20000
19306,10,0
19307,10,0
19308,10,0
19309,10,20000
19310,10,0
19311,10,5000
19312,10,50000
19313,10,20000
19314,10,20000
19315,10,40000
19316,10,40000
19317,10,0
19318,10,30000
19319,10,20000
19320,10,0
19321,10,0
19322,10,50000
19323,10,10000
19324,10,10000
19325,10,0
19326,10,20000
19327,10,30000
19328,10,0
19329,10,30000
19330,10,50000
19331,10,20000
19332,10,50000
19333,10,40000
19334,10,0
19335,10,5000
19336,10,0
19337,10,40000
19338,10,0
19339,10,0
19340,10,20000
19341,10,20000
19342,10,30000
19343,10,0
19344,10,5000
19345,10,40000
19346,10,10000
19347,10,5000
19348,10,20000
19349,10,0
19350,10,5000
19351,10,5000
19352,10,10000
19353,10,5000
19354,10,5000
19355,10,0
19356,10,30000
19357,10,0
19358,10,0
19359,10,40000
19360,10,30000
19361,10,0
19362,10,30000
19363,10,0
19364,10,5000
19365,10,30000
19366,10,20000
19367,10,40000
19368,10,10000
19369,10,0
19370,10,0
19371,10,20000
19372,10,0
19373,10,5000
19374,10,20000
19375,10,0
19376,10,40000
19377,10,5000
19378,10,0
19379,10,40000
19380,10,40000
19381,10,10000
19382,10,30000
19383,10,50000
19384,10,5000
19385,10,40000
19386,10,0
19387,10,10000
19388,10,20000
19389,10,40000
19390,10,50000
19391,10,5000
19392,10,30000
19393,10,40000
19394,10,20000
19395,10,40000
19396,10,20000
19397,10,0
19398,10,0
19399,10,0
19400,10,0
19401,10,40000
19402,10,0
19403,10,0
19404,10,20000
19405,10,20000
19406,10,10000
19407,10,10000
19408,10,20000
19409,10,0
19410,10,30000
19411,10,50000
19412,10,50000
19413,10,50000
19414,10,0
19415,10,0
19416,10,5000
19417,10,30000
19418,10,0
19419,10,0
19420,10,0
19421,10,5000
19422,10,5000
19423,10,40000
19424,10,10000
19425,10,0
19426,10,0
19427,10,20000
19428,10,20000
19429,10,5000
19430,10,10000
19431,10,0
19432,10,50000
19433,10,40000
19434,10,30000
19435,10,5000
19436,10,40000
19437,10,5000
19438,10,0
19439,10,0
19440,10,20000
19441,10,10000
19442,10,40000
19443,10,5000
19444,10,0
19445,10,0
19446,10,30000
19447,10,5000
19448,10,10000
19449,10,50000
19450,10,0
19451,10,50000
19452,10,20000
19453,10,20000
19454,10,5000
19455,10,50000
19456,10,5000
19457,10,40000
19458,10,40000
19459,10,0
19460,10,5000
19461,10,30000
19462,10,0
19463,10,0
19464,10,0
19465,10,10000
19466,10,0
19467,10,0
19468,10,5000
19469,10,10000
19470,10,30000
19471,10,5000
19472,10,30000
19473,10,10000
19474,10,30000
19475,10,50000
19476,10,5000
19477,10,0
19478,10,30000
19479,10,0
19480,10,20000
19481,10,20000
19482,10,20000
19483,10,40000
19484,10,5000
19485,10,30000
19486,10,30000
19487,10,10000
19488,10,30000
19489,10,50000
19490,10,0
19491,10,20000
19492,10,30000
19493,10,0
19494,10,10000
19495,10,10000
19496,10,50000
19497,10,20000
19498,10,10000
19499,10,50000
19500,10,30000
19501,10,20000
19502,10,40000
19503,10,40000
19504,10,30000
19505,10,20000
19506,10,50000
19507,10,30000
19508,10,30000
19509,10,0
19510,10,10000
19511,10,0
19512,10,0
19513,10,40000
19514,10,30000
19515,10,0
19516,10,0
19517,10,5000
19518,10,50000
19519,10,50000
19520,10,0
19521,10,0
19522,10,40000
19523,10,20000
19524,10,5000
19525,10,40000
19526,10,40000
19527,10,0
19528,10,0
19529,10,50000
19530,10,0
19531,10,30000
19532,10,50000
19533,10,30000
19534,10,20000
19535,10,20000
19536,10,0
19537,10,10000
19538,10,30000
19539,10,10000
19540,10,30000
19541,10,30000
19542,10,0
19543,10,30000
19544,10,0
19545,10,40000
19546,10,50000
19547,10,30000
19548,10,0
19549,10,20000
19550,10,0
19551,10,30000
19552,10,10
19553,10,0
19554,10,5000
19555,10,50000
19556,10,0
19557,10,0
19558,10,10000
19559,10,10000
19560,10,10000
19561,10,20000
19562,10,10000
19563,10,20000
19564,10,0
19565,10,0
19566,10,30000
19567,10,0
19568,10,20000
19569,10,0
19570,10,30000
19571,10,5000
19572,10,0
19573,10,0
19574,10,40000
19575,10,40000
19576,10,0
19577,10,40000
19578,10,0
19579,10,20000
19580,10,40000
19581,10,50000
19582,10,0
19583,10,0
19584,10,5000
19585,10,40000
19586,10,5000
19587,10,0
19588,10,0
19589,10,0
19590,10,20000
19591,10,0
19592,10,20000
19593,10,10000
19594,10,0
19595,10,10000
19596,10,40000
19597,10,0
19598,10,5000
19599,10,40000
19600,10,5000
19601,10,0
19602,10,0
19603,10,5000
19604,10,5000
19605,10,0
19606,10,0
19607,10,30000
19608,10,0
19609,10,40000
19610,10,20000
19611,10,40000
19612,10,30000
19613,10,5000
19614,10,5000
19615,10,50000
19616,10,0
19617,10,40000
19618,10,30000
19619,10,50000
19620,10,40000
19621,10,30000
19622,10,50000
19623,10,0
19624,10,50000
19625,10,20000
19626,10,0
19627,10,0
19628,10,10000
19629,10,0
19630,10,50000
19631,10,0
19632,10,40000
19633,10,50000
19634,10,0
19635,10,50000
19636,10,5000
19637,10,50000
19638,10,20000
19639,10,40000
19640,10,40000
19641,10,50000
19642,10,30000
19643,10,50000
19644,10,30000
19645,10,20000
19646,10,0
19647,10,10000
19648,10,30000
19649,10,5000
19650,10,50000
19651,10,0
19652,10,10000
19653,10,50000
19654,10,40000
19655,10,50000
19656,10,0
19657,10,0
19658,10,10000
19659,10,40000
19660,10,5000
19661,10,0
19662,10,30000
19663,10,20000
19664,10,40000
19665,10,5000
19666,10,0
19667,10,20000
19668,10,0
19669,10,50000
19670,10,0
19671,10,20000
19672,10,20000
19673,10,5000
19674,10,40000
19675,10,50000
19676,10,0
19677,10,0
19678,10,50000
19679,10,20000
19680,10,50000
19681,10,20000
19682,10,50000
19683,10,0
19684,10,0
19685,10,0
19686,10,20000
19687,10,30000
19688,10,0
19689,10,5000
19690,10,0
19691,10,0
19692,10,0
19693,10,20000
19694,10,20000
19695,10,20000
19696,10,0
19697,10,5000
19698,10,30000
19699,10,5000
19700,10,0
19701,10,30000
19702,10,30000
19703,10,40000
19704,10,5000
19705,10,0
19706,10,30000
19707,10,0
19708,10,20000
19709,10,5000
19710,10,0
19711,10,0
19712,10,0
19713,10,30000
19714,10,20000
19715,10,50000
19716,10,10000
19717,10,50000
19718,10,0
19719,10,0
19720,10,10000
19721,10,0
19722,10,0
19723,10,20000
19724,10,10000
19725,10,30000
19726,10,50000
19727,10,10000
19728,10,0
19729,10,20000
19730,10,0
19731,10,30000
19732,10,0
19733,10,0
19734,10,20000
19735,10,40000
19736,10,30000
19737,10,5000
19738,10,30000
19739,10,0
19740,10,5000
19741,10,40000
19742,10,0
19743,10,10000
19744,10,0
19745,10,10000
19746,10,50000
19747,10,50000
19748,10,0
19749,10,40000
19750,10,30000
19751,10,20000
19752,10,40000
19753,10,30000
19754,10,50000
19755,10,50000
19756,10,20000
19757,10,5000
19758,10,0
19759,10,0
19760,10,0
19761,10,30000
19762,10,0
19763,10,0
19764,10,30000
19765,10,30000
19766,10,0
19767,10,40000
19768,10,0
19769,10,50000
19770,10,30000
19771,10,0
19772,10,20000
19773,10,30000
19774,10,30000
19775,10,50000
19776,10,20000
19777,10,0
19778,10,10000
19779,10,0
19780,10,0
19781,10,10000
19782,10,0
19783,10,10000
19784,10,30000
19785,10,20000
19786,10,50000
19787,10,5000
19788,10,0
19789,10,20000
19790,10,20000
19791,10,0
19792,10,0
19793,10,10000
19794,10,20000
19795,10,0
19796,10,0
19797,10,10000
19798,10,50000
19799,10,10000
19800,10,50000
19801,10,0
19802,10,10000
19803,10,0
19804,10,30000
19805,10,10000
19806,10,5000
19807,10,0
19808,10,0
19809,10,30000
19810,10,10000
19811,10,20000
19812,10,0
19813,10,50000
19814,10,5000
19815,10,5000
19816,10,50000
19817,10,20000
19818,10,30000
19819,10,40000
19820,10,0
19821,10,0
19822,10,10000
19823,10,10000
19824,10,40000
19825,10,0
19826,10,30000
19827,10,30000
19828,10,5000
19829,10,50000
19830,10,0
19831,10,30000
19832,10,20000
19833,10,30000
19834,10,40000
19835,10,0
19836,10,0
19837,10,0
19838,10,50000
19839,10,0
19840,10,10000
19841,10,0
19842,10,50000
19843,10,50000
19844,10,10000
19845,10,0
19846,10,50000
19847,10,40000
19848,10,0
19849,10,0
19850,10,50000
19851,10,40000
19852,10,0
19853,10,0
19854,10,5000
19855,10,50000
19856,10,50000
19857,10,30000
19858,10,20000
19859,10,0
19860,10,20000
19861,10,50000
19862,10,50000
19863,10,50000
19864,10,30000
19865,10,40000
19866,10,10000
19867,10,20000
19868,10,0
19869,10,0
19870,10,20000
19871,10,10000
19872,10,20000
19873,10,0
19874,10,0
19875,10,10000
19876,10,5000
19877,10,20000
19878,10,0
19879,10,50000
19880,10,0
19881,10,50000
19882,10,0
19883,10,20000
19884,10,0
19885,10,0
19886,10,40000
19887,10,50000
19888,10,30000
19889,10,5000
19890,10,10000
19891,10,50000
19892,10,0
19893,10,30000
19894,10,0
19895,10,50000
19896,10,30000
19897,10,10000
19898,10,0
19899,10,50000
19900,10,10000
19901,10,5000
19902,10,30000
19903,10,40000
19904,10,30000
19905,10,30000
19906,10,10000
19907,10,10000
19908,10,30000
19909,10,10000
19910,10,20000
19911,10,40000
19912,10,20000
19913,10,0
19914,10,20000
19915,10,0
19916,10,50000
19917,10,0
19918,10,0
19919,10,40000
19920,10,10000
19921,10,30000
19922,10,5000
19923,10,20000
19924,10,0
19925,10,0
19926,10,5000
19927,10,30000
19928,10,40000
19929,10,5000
19930,10,40000
19931,10,20000
19932,10,50000
19933,10,20000
19934,10,5000
19935,10,0
19936,10,20000
19937,10,30000
19938,10,0
19939,10,20000
19940,10,10000
19941,10,0
19942,10,20000
19943,10,30000
19944,10,20000
19945,10,40000
19946,10,0
19947,10,50000
19948,10,30000
19949,10,10000
19950,10,20000
19951,10,20000
19952,10,30000
19953,10,10000
19954,10,0
19955,10,0
19956,10,5000
19957,10,0
19958,10,20000
19959,10,0
19960,10,0
19961,10,50000
19962,10,50000
19963,10,10000
19964,10,0
19965,10,0
19966,10,20000
19967,10,5000
19968,10,30000
19969,10,0
19970,10,30000
19971,10,50000
19972,10,10000
19973,10,5000
19974,10,20000
19975,10,10000
19976,10,40000
19977,10,40000
19978,10,40000
19979,10,10000
19980,10,50000
19981,10,0
19982,10,0
19983,10,10000
19984,10,50000
19985,10,30000
19986,10,0
19987,10,30000
19988,10,50000
19989,10,20000
19990,10,5000
19991,10,40000
19992,10,0
19993,10,50000
19994,10,40000
19995,10,0
19996,10,40000
19997,10,20000
19998,10,0
19999,10,40000
20000,10,0
20001,10,50000
20002,10,0
20003,10,10000
20004,10,40000
20005,10,20000
20006,10,0
20007,10,10
20008,10,50000
20009,10,50000
20010,10,20000
20011,10,0
20012,10,30000
20013,10,20000
20014,10,0
20015,10,0
20016,10,20000
20017,10,10000
20018,10,0
20019,10,50000
20020,10,5000
20021,10,0
20022,10,20000
20023,10,10000
20024,10,0
20025,10,0
20026,10,50000
20027,10,0
20028,10,20000
20029,10,0
20030,10,20000
20031,10,10000
20032,10,0
20033,10,0
20034,10,5000
20035,10,50000
20036,10,5000
20037,10,20000
20038,10,40000
20039,10,30000
20040,10,30000
20041,10,30000
20042,10,30000
20043,10,10000
20044,10,5000
20045,10,5000
20046,10,0
20047,10,20000
20048,10,50000
20049,10,0
20050,10,30000
20051,10,0
20052,10,0
20053,10,10000
20054,10,20000
20055,10,0
20056,10,30000
20057,10,5000
20058,10,5000
20059,10,50000
20060,10,20000
20061,10,50000
20062,10,20000
20063,10,30000
20064,10,30000
20065,10,40000
20066,10,10000
20067,10,20000
20068,10,20000
20069,10,5000
20070,10,30000
20071,10,20000
20072,10,30000
20073,10,0
20074,10,50000
20075,10,40000
20076,10,0
20077,10,5000
20078,10,0
20079,10,30000
20080,10,20000
20081,10,30000
20082,10,0
20083,10,30000
20084,10,0
20085,10,0
20086,10,0
20087,10,50000
20088,10,50000
20089,10,0
20090,10,50000
20091,10,30000
20092,10,40000
20093,10,0
20094,10,5000
20095,10,10000
20096,10,5000
20097,10,0
20098,10,0
20099,10,20000
20100,10,30000
20101,10,5000
20102,10,30000
20103,10,20000
20104,10,30000
20105,10,30000
20106,10,5000
20107,10,0
20108,10,20000
20109,10,5000
20110,10,10000
20111,10,30000
20112,10,0
20113,10,0
20114,10,30000
20115,10,40000
20116,10,50000
20117,10,0
20118,10,30000
20119,10,20000
20120,10,0
20121,10,0
20122,10,20000
20123,10,10000
20124,10,30000
20125,10,30000
20126,10,50000
20127,10,50000
20128,10,20000
20129,10,5000
20130,10,40000
20131,10,20000
20132,10,5000
20133,10,40000
20134,10,40000
20135,10,0
20136,10,20000
20137,10,30000
20138,10,0
20139,10,5000
20140,10,0
20141,10,10000
20142,10,20000
20143,10,30000
20144,10,40000
20145,10,0
20146,10,10000
20147,10,40000
20148,10,0
20149,10,10000
20150,10,40000
20151,10,40000
20152,10,20000
20153,10,0
20154,10,0
20155,10,40000
20156,10,10000
20157,10,10000
20158,10,0
20159,10,0
20160,10,50000
20161,10,5000
20162,10,0
20163,10,30000
20164,10,10000
20165,10,30000
20166,10,20000
20167,10,0
20168,10,50000
20169,10,30000
20170,10,20000
20171,10,0
20172,10,50000
20173,10,30000
20174,10,0
20175,10,5000
20176,10,50000
20177,10,20000
20178,10,0
20179,10,0
20180,10,0
20181,10,20000
20182,10,0
20183,10,20000
20184,10,30000
20185,10,0
20186,10,30000
20187,10,0
20188,10,50000
20189,10,40000
20190,10,50000
20191,10,0
20192,10,30000
20193,10,10000
20194,10,5000
20195,10,0
20196,10,5000
20197,10,20000
20198,10,20000
20199,10,5000
20200,10,30000
20201,10,0
20202,10,30000
20203,10,5000
20204,10,30000
20205,10,5000
20206,10,0
20207,10,20000
20208,10,20000
20209,10,5000
20210,10,40000
20211,10,30000
20212,10,20000
20213,10,20000
20214,10,5000
20215,10,30000
20216,10,20000
20217,10,5000
20218,10,5000
20219,10,20000
20220,10,0
20221,10,20000
20222,10,0
20223,10,40000
20224,10,30000
20225,10,30000
20226,10,30000
20227,10,30000
20228,10,20000
20229,10,20000
20230,10,20000
20231,10,10000
20232,10,50000
20233,10,40000
20234,10,30000
20235,10,5000
20236,10,50000
20237,10,30000
20238,10,50000
20239,10,5000
20240,10,20000
20241,10,30000
20242,10,40000
20243,10,30000
20244,10,50000
20245,10,5000
20246,10,5000
20247,10,30000
20248,10,0
20249,10,10000
20250,10,20000
20251,10,0
20252,10,0
20253,10,40000
20254,10,20000
20255,10,50000
20256,10,20000
20257,10,5000
20258,10,30000
20259,10,5000
20260,10,10000
20261,10,0
20262,10,50000
20263,10,20000
20264,10,0
20265,10,10000
20266,10,30000
20267,10,10000
20268,10,50000
20269,10,40000
20270,10,5000
20271,10,0
20272,10,0
20273,10,20000
20274,10,0
20275,10,40000
20276,10,40000
20277,10,0
20278,10,20000
20279,10,10000
20280,10,40000
20281,10,10000
20282,10,5000
20283,10,0
20284,10,0
20285,10,0
20286,10,0
20287,10,50000
20288,10,0
20289,10,5000
20290,10,20000
20291,10,30000
20292,10,10000
20293,10,5000
20294,10,20000
20295,10,5000
20296,10,30000
20297,10,5000
20298,10,10000
20299,10,0
20300,10,10000
20301,10,0
20302,10,20000
20303,10,5000
20304,10,0
20305,10,0
20306,10,50000
20307,10,0
20308,10,50000
20309,10,40000
20310,10,0
20311,10,0
20312,10,5000
20313,10,30000
20314,10,0
20315,10,10000
20316,10,30000
20317,10,50000
20318,10,0
20319,10,30000
20320,10,20000
20321,10,30000
20322,10,5000
20323,10,0
20324,10,0
20325,10,0
20326,10,10000
20327,10,40000
20328,10,5000
20329,10,40000
20330,10,50000
20331,10,50000
20332,10,40000
20333,10,0
20334,10,30000
20335,10,0
20336,10,10000
20337,10,0
20338,10,5000
20339,10,50000
20340,10,5000
20341,10,30000
20342,10,5000
20343,10,20000
20344,10,50000
20345,10,10000
20346,10,10000
20347,10,10000
20348,10,0
20349,10,20000
20350,10,20000
20351,10,20000
20352,10,0
20353,10,0
20354,10,10000
20355,10,10000
20356,10,10000
20357,10,40000
20358,10,0
20359,10,40000
20360,10,20000
20361,10,20000
20362,10,0
20363,10,5000
20364,10,50000
20365,10,30000
20366,10,0
20367,10,10000
20368,10,10000
20369,10,20000
20370,10,50000
20371,10,40000
20372,10,10000
20373,10,0
20374,10,5000
20375,10,0
20376,10,5000
20377,10,0
20378,10,50000
20379,10,5000
20380,10,0
20381,10,50000
20382,10,0
20383,10,0
20384,10,5000
20385,10,20000
20386,10,30000
20387,10,30000
20388,10,40000
20389,10,0
20390,10,0
20391,10,10000
20392,10,10000
20393,10,20000
20394,10,40000
20395,10,0
20396,10,20000
20397,10,30000
20398,10,5000
20399,10,20000
20400,10,30000
20401,10,0
20402,10,30000
20403,10,40000
20404,10,0
20405,10,20000
20406,10,0
20407,10,0
20408,10,50000
20409,10,40000
20410,10,30000
20411,10,10000
20412,10,0
20413,10,0
20414,10,0
20415,10,50000
20416,10,30000
20417,10,5000
20418,10,0
20419,10,0
20420,10,0
20421,10,20000
20422,10,50000
20423,10,5000
20424,10,20000
20425,10,20000
20426,10,20000
20427,10,50000
20428,10,30000
20429,10,20000
20430,10,50000
20431,10,20000
20432,10,20000
20433,10,30000
20434,10,0
20435,10,40000
20436,10,30000
20437,10,40000
20438,10,40000
20439,10,50000
20440,10,30000
20441,10,0
20442,10,20000
20443,10,10000
20444,10,20000
20445,10,10000
20446,10,30000
20447,10,0
20448,10,5000
20449,10,0
20450,10,20000
20451,10,30000
20452,10,10000
20453,10,50000
20454,10,0
20455,10,30000
20456,10,5000
20457,10,5000
20458,10,5000
20459,10,30000
20460,10,50000
20461,10,5000
20462,10,30000
20463,10,30000
20464,10,30000
20465,10,0
20466,10,10000
20467,10,10000
20468,10,20000
20469,10,40000
20470,10,20000
20471,10,10000
20472,10,0
20473,10,50000
20474,10,20000
20475,10,50000
20476,10,40000
20477,10,10000
20478,10,20000
20479,10,20000
20480,10,20000
20481,10,50000
20482,10,50000
20483,10,50000
20484,10,40000
20485,10,40000
20486,10,30000
20487,10,0
20488,10,5000
20489,10,40000
20490,10,0
20491,10,30000
20492,10,30000
20493,10,0
20494,10,50000
20495,10,0
20496,10,30000
20497,10,0
20498,10,5000
20499,10,20000
20500,10,50000
20501,10,0
20502,10,0
20503,10,20000
20504,10,40000
20505,10,30000
20506,10,0
20507,10,30000
20508,10,10
20509,10,5000
20510,10,50000
20511,10,5000
20512,10,50000
20513,10,10000
20514,10,0
20515,10,0
20516,10,50000
20517,10,30000
20518,10,0
20519,10,30000
20520,10,5000
20521,10,30000
20522,10,40000
20523,10,20000
20524,10,50000
20525,10,0
20526,10,50000
20527,10,5000
20528,10,10000
20529,10,0
20530,10,5000
20531,10,40000
20532,10,10000
20533,10,20000
20534,10,50000
20535,10,0
20536,10,5000
20537,10,40000
20538,10,10000
20539,10,10000
20540,10,20000
20541,10,20000
20542,10,5000
20543,10,5000
20544,10,20000
20545,10,30000
20546,10,10000
20547,10,5000
20548,10,0
20549,10,0
20550,10,30000
20551,10,30000
20552,10,5000
20553,10,30000
20554,10,0
20555,10,5000
20556,10,10000
20557,10,0
20558,10,50000
20559,10,0
20560,10,40000
20561,10,0
20562,10,0
20563,10,5000
20564,10,40000
20565,10,0
20566,10,0
20567,10,30000
20568,10,50000
20569,10,0
20570,10,10000
20571,10,20000
20572,10,5000
20573,10,5000
20574,10,0
20575,10,0
20576,10,5000
20577,10,0
20578,10,20000
20579,10,30000
20580,10,0
20581,10,10000
20582,10,40000
20583,10,0
20584,10,20000
20585,10,20000
20586,10,0
20587,10,20000
20588,10,40000
20589,10,50000
20590,10,0
20591,10,0
20592,10,50000
20593,10,40000
20594,10,30000
20595,10,20000
20596,10,50000
20597,10,0
20598,10,0
20599,10,50000
20600,10,0
20601,10,50000
20602,10,20000
20603,10,50000
20604,10,40000
20605,10,50000
20606,10,0
20607,10,0
20608,10,50000
20609,10,20000
20610,10,5000
20611,10,30000
20612,10,50000
20613,10,40000
20614,10,0
20615,10,30000
20616,10,50000
20617,10,0
20618,10,0
20619,10,30000
20620,10,20000
20621,10,0
20622,10,30000
20623,10,5000
20624,10,0
20625,10,30000
20626,10,30000
20627,10,30000
20628,10,20000
20629,10,30000
20630,10,0
20631,10,0
20632,10,0
20633,10,0
20634,10,0
20635,10,10000
20636,10,5000
20637,10,40000
20638,10,40000
20639,10,50000
20640,10,10000
20641,10,0
20642,10,10000
20643,10,10
20644,10,5000
20645,10,40000
20646,10,30000
20647,10,40000
20648,10,50000
20649,10,10000
20650,10,30000
20651,10,20000
20652,10,30000
20653,10,50000
20654,10,5000
20655,10,0
20656,10,30000
20657,10,0
20658,10,50000
20659,10,0
20660,10,50000
20661,10,0
20662,10,10000
20663,10,0
20664,10,30000
20665,10,20000
20666,10,0
20667,10,5000
20668,10,20000
20669,10,20000
20670,10,30000
20671,10,0
20672,10,5000
20673,10,40000
20674,10,0
20675,10,50000
20676,10,30000
20677,10,40000
20678,10,0
20679,10,0
20680,10,0
20681,10,50000
20682,10,50000
20683,10,5000
20684,10,10000
20685,10,50000
20686,10,10000
20687,10,50000
20688,10,5000
20689,10,20000
20690,10,20000
20691,10,50000
20692,10,20000
20693,10,10000
20694,10,0
20695,10,50000
20696,10,30000
20697,10,50000
20698,10,20000
20699,10,30000
20700,10,30000
20701,10,30000
20702,10,50000
20703,10,0
20704,10,5000
20705,10,20000
20706,10,0
20707,10,30000
20708,10,30000
20709,10,10000
20710,10,50000
20711,10,0
20712,10,40000
20713,10,0
20714,10,40000
20715,10,5000
20716,10,5000
20717,10,20000
20718,10,0
20719,10,30000
20720,10,0
20721,10,5000
20722,10,0
20723,10,50000
20724,10,40000
20725,10,5000
20726,10,10000
20727,10,0
20728,10,0
20729,10,40000
20730,10,50000
20731,10,20000
20732,10,0
20733,10,30000
20734,10,40000
20735,10,50000
20736,10,20000
20737,10,30000
20738,10,0
20739,10,50000
20740,10,0
20741,10,10000
20742,10,10000
20743,10,10000
20744,10,30000
20745,10,10000
20746,10,0
20747,10,30000
20748,10,5000
20749,10,40000
20750,10,30000
20751,10,50000
20752,10,30000
20753,10,40000
20754,10,20000
20755,10,0
20756,10,30000
20757,10,50000
20758,10,20000
20759,10,50000
20760,10,5000
20761,10,0
20762,10,5000
20763,10,0
20764,10,0
20765,10,0
20766,10,10000
20767,10,30000
20768,10,20000
20769,10,0
20770,10,10000
20771,10,5000
20772,10,50000
20773,10,20000
20774,10,0
20775,10,20000
20776,10,10000
20777,10,30000
20778,10,0
20779,10,40000
20780,10,5000
20781,10,0
20782,10,30000
20783,10,30000
20784,10,10000
20785,10,5000
20786,10,50000
20787,10,30000
20788,10,10000
20789,10,20000
20790,10,30000
20791,10,50000
20792,10,50000
20793,10,50000
20794,10,10000
20795,10,40000
20796,10,40000
20797,10,0
20798,10,0
20799,10,0
20800,10,0
20801,10,0
20802,10,40000
20803,10,0
20804,10,50000
20805,10,10000
20806,10,0
20807,10,20000
20808,10,30000
20809,10,5000
20810,10,50000
20811,10,40000
20812,10,0
20813,10,50000
20814,10,5000
20815,10,0
20816,10,30000
20817,10,50000
20818,10,40000
20819,10,0
20820,10,50000
20821,10,5000
20822,10,10
20823,10,5000
20824,10,5000
20825,10,5000
20826,10,0
20827,10,30000
20828,10,0
20829,10,0
20830,10,0
20831,10,50000
20832,10,10000
20833,10,0
20834,10,0
20835,10,0
20836,10,50000
20837,10,5000
20838,10,30000
20839,10,40000
20840,10,0
20841,10,0
20842,10,20000
20843,10,5000
20844,10,40000
20845,10,30000
20846,10,10000
20847,10,0
20848,10,0
20849,10,10000
20850,10,40000
20851,10,50000
20852,10,50000
20853,10,0
20854,10,10000
20855,10,20000
20856,10,50000
20857,10,20000
20858,10,30000
20859,10,20000
20860,10,0
20861,10,40000
20862,10,10000
20863,10,10000
20864,10,20000
20865,10,30000
20866,10,10000
20867,10,0
20868,10,0
20869,10,40000
20870,10,10000
20871,10,10000
20872,10,30000
20873,10,50000
20874,10,0
20875,10,0
20876,10,30000
20877,10,30000
20878,10,0
20879,10,0
20880,10,0
20881,10,30000
20882,10,0
20883,10,20000
20884,10,0
20885,10,10000
20886,10,5000
20887,10,0
20888,10,0
20889,10,0
20890,10,0
20891,10,40000
20892,10,0
20893,10,40000
20894,10,0
20895,10,30000
20896,10,50000
20897,10,10000
20898,10,30000
20899,10,30000
20900,10,5000
20901,10,50000
20902,10,50000
20903,10,5000
20904,10,40000
20905,10,0
20906,10,40000
20907,10,40000
20908,10,10000
20909,10,40000
20910,10,0
20911,10,10000
20912,10,30000
20913,10,0
20914,10,30000
20915,10,40000
20916,10,0
20917,10,30000
20918,10,0
20919,10,50000
20920,10,10000
20921,10,10000
20922,10,5000
20923,10,40000
20924,10,10000
20925,10,30000
20926,10,20000
20927,10,50000
20928,10,10000
20929,10,10000
20930,10,0
20931,10,40000
20932,10,0
20933,10,20000
20934,10,50000
20935,10,30000
20936,10,40000
20937,10,5000
20938,10,0
20939,10,50000
20940,10,30000
20941,10,0
20942,10,40000
20943,10,0
20944,10,30000
20945,10,5000
20946,10,30000
20947,10,40000
20948,10,10000
20949,10,10000
20950,10,0
20951,10,0
20952,10,20000
20953,10,5000
20954,10,0
20955,10,50000
20956,10,0
20957,10,5000
20958,10,30000
20959,10,40000
20960,10,10000
20961,10,0
20962,10,10000
20963,10,0
20964,10,10000
20965,10,40000
20966,10,10000
20967,10,10000
20968,10,30000
20969,10,10000
20970,10,0
20971,10,0
20972,10,0
20973,10,5000
20974,10,5000
20975,10,50000
20976,10,40000
20977,10,5000
20978,10,20000
20979,10,30000
20980,10,30000
20981,10,40000
20982,10,20000
20983,10,5000
20984,10,10000
20985,10,0
20986,10,0
20987,10,0
20988,10,0
20989,10,0
20990,10,0
20991,10,30000
20992,10,20000
20993,10,10000
20994,10,10000
20995,10,30000
20996,10,10000
20997,10,10000
20998,10,10000
20999,10,30000
21000,10,50000
21001,10,20000
21002,10,20000
21003,10,30000
21004,10,40000
21005,10,0
21006,10,30000
21007,10,5000
21008,10,50000
21009,10,30000
21010,10,0
21011,10,20000
21012,10,10000
21013,10,50000
21014,10,20000
21015,10,0
21016,10,0
21017,10,10000
21018,10,40000
21019,10,0
21020,10,10000
21021,10,0
21022,10,0
21023,10,20000
21024,10,0
21025,10,0
21026,10,30000
21027,10,0
21028,10,0
21029,10,30000
21030,10,0
21031,10,5000
21032,10,40000
21033,10,10000
21034,10,50000
21035,10,0
21036,10,0
21037,10,30000
21038,10,20000
21039,10,5000
21040,10,5000
21041,10,30000
21042,10,10
21043,10,30000
21044,10,30000
21045,10,5000
21046,10,0
21047,10,30000
21048,10,10000
21049,10,10000
21050,10,5000
21051,10,0
21052,10,0
21053,10,40000
21054,10,30000
21055,10,0
21056,10,0
21057,10,30000
21058,10,30000
21059,10,20000
21060,10,0
21061,10,0
21062,10,0
21063,10,20000
21064,10,50000
21065,10,0
21066,10,50000
21067,10,30000
21068,10,30000
21069,10,10
21070,10,5000
21071,10,30000
21072,10,30000
21073,10,30000
21074,10,5000
21075,10,10000
21076,10,30000
21077,10,40000
21078,10,0
21079,10,40000
21080,10,0
21081,10,10000
21082,10,20000
21083,10,50000
21084,10,20000
21085,10,50000
21086,10,50000
21087,10,20000
21088,10,20000
21089,10,20000
21090,10,20000
21091,10,5000
21092,10,0
21093,10,50000
21094,10,50000
21095,10,50000
21096,10,20000
21097,10,10000
21098,10,20000
21099,10,0
21100,10,10000
21101,10,50000
21102,10,30000
21103,10,20000
21104,10,50000
21105,10,5000
21106,10,0
21107,10,40000
21108,10,30000
21109,10,0
21110,10,20000
21111,10,0
21112,10,0
21113,10,20000
21114,10,50000
21115,10,40000
21116,10,0
21117,10,0
21118,10,50000
21119,10,0
21120,10,0
21121,10,40000
21122,10,50000
21123,10,20000
21124,10,50000
21125,10,5000
21126,10,30000
21127,10,5000
21128,10,0
21129,10,30000
21130,10,40000
21131,10,0
21132,10,0
21133,10,50000
21134,10,50000
21135,10,40000
21136,10,20000
21137,10,50000
21138,10,0
21139,10,20000
21140,10,0
21141,10,30000
21142,10,30000
21143,10,0
21144,10,5000
21145,10,10000
21146,10,5000
21147,10,30000
21148,10,0
21149,10,20000
21150,10,20000
21151,10,20000
21152,10,50000
21153,10,20000
21154,10,20000
21155,10,50000
21156,10,20000
21157,10,0
21158,10,5000
21159,10,0
21160,10,0
21161,10,5000
21162,10,20000
21163,10,5000
21164,10,50000
21165,10,5000
21166,10,50000
21167,10,5000
21168,10,20000
21169,10,10000
21170,10,50000
21171,10,0
21172,10,0
21173,10,30000
21174,10,20000
21175,10,10000
21176,10,10000
21177,10,40000
21178,10,0
21179,10,0
21180,10,0
21181,10,40000
21182,10,50000
21183,10,5000
21184,10,0
21185,10,40000
21186,10,10000
21187,10,40000
21188,10,10000
21189,10,50000
21190,10,20000
21191,10,0
21192,10,30000
21193,10,50000
21194,10,40000
21195,10,40000
21196,10,50000
21197,10,10000
21198,10,10000
21199,10,50000
21200,10,40000
21201,10,20000
21202,10,5000
21203,10,0
21204,10,50000
21205,10,20000
21206,10,5000
21207,10,30000
21208,10,30000
21209,10,0
21210,10,10000
21211,10,0
21212,10,30000
21213,10,20000
21214,10,0
21215,10,20000
21216,10,40000
21217,10,0
21218,10,0
21219,10,0
21220,10,0
21221,10,10000
21222,10,0
21223,10,30000
21224,10,30000
21225,10,20000
21226,10,0
21227,10,40000
21228,10,20000
21229,10,40000
21230,10,20000
21231,10,0
21232,10,30000
21233,10,40000
21234,10,0
21235,10,10000
21236,10,40000
21237,10,0
21238,10,0
21239,10,20000
21240,10,20000
21241,10,5000
21242,10,20000
21243,10,20000
21244,10,50000
21245,10,10000
21246,10,0
21247,10,5000
21248,10,10000
21249,10,0
21250,10,20000
21251,10,20000
21252,10,40000
21253,10,40000
21254,10,20000
21255,10,10
21256,10,0
21257,10,20000
21258,10,20000
21259,10,50000
21260,10,0
21261,10,5000
21262,10,0
21263,10,50000
21264,10,0
21265,10,20000
21266,10,20000
21267,10,5000
21268,10,0
21269,10,40000
21270,10,20000
21271,10,30000
21272,10,50000
21273,10,40000
21274,10,20000
21275,10,40000
21276,10,20000
21277,10,0
21278,10,30000
21279,10,5000
21280,10,0
21281,10,20000
21282,10,20000
21283,10,30000
21284,10,0
21285,10,5000
21286,10,40000
21287,10,20000
21288,10,40000
21289,10,40000
21290,10,0
21291,10,20000
21292,10,30000
21293,10,50000
21294,10,0
21295,10,10000
21296,10,30000
21297,10,20000
21298,10,30000
21299,10,20000
21300,10,30000
21301,10,40000
21302,10,10000
21303,10,0
21304,10,30000
21305,10,40000
21306,10,0
21307,10,30000
21308,10,40000
21309,10,50000
21310,10,5000
21311,10,0
21312,10,10000
21313,10,5000
21314,10,50000
21315,10,20000
21316,10,0
21317,10,5000
21318,10,0
21319,10,0
21320,10,0
21321,10,0
21322,10,0
21323,10,10000
21324,10,10000
21325,10,0
21326,10,5000
21327,10,50000
21328,10,50000
21329,10,0
21330,10,30000
21331,10,20000
21332,10,0
21333,10,30000
21334,10,30000
21335,10,50000
21336,10,0
21337,10,10000
21338,10,0
21339,10,5000
21340,10,5000
21341,10,50000
21342,10,5000
21343,10,20000
21344,10,20000
21345,10,50000
21346,10,5000
21347,10,20000
21348,10,40000
21349,10,0
21350,10,0
21351,10,40000
21352,10,5000
21353,10,40000
21354,10,20000
21355,10,20000
21356,10,30000
21357,10,5000
21358,10,10000
21359,10,5000
21360,10,20000
21361,10,50000
21362,10,10000
21363,10,10000
21364,10,20000
21365,10,0
21366,10,0
21367,10,5000
21368,10,40000
21369,10,40000
21370,10,10000
21371,10,50000
21372,10,50000
21373,10,20000
21374,10,5000
21375,10,40000
21376,10,10000
21377,10,50000
21378,10,20000
21379,10,40000
21380,10,0
21381,10,50000
21382,10,20000
21383,10,5000
21384,10,0
21385,10,20000
21386,10,20000
21387,10,5000
21388,10,50000
21389,10,20000
21390,10,50000
21391,10,5000
21392,10,0
21393,10,5000
21394,10,40000
21395,10,50000
21396,10,0
21397,10,20000
21398,10,40000
21399,10,20000
21400,10,0
21401,10,20000
21402,10,50000
21403,10,30000
21404,10,30000
21405,10,20000
21406,10,20000
21407,10,0
21408,10,50000
21409,10,50000
21410,10,30000
21411,10,10000
21412,10,5000
21413,10,40000
21414,10,50000
21415,10,0
21416,10,50000
21417,10,20000
21418,10,30000
21419,10,0
21420,10,40000
21421,10,0
21422,10,40000
21423,10,5000
21424,10,20000
21425,10,10000
21426,10,50000
21427,10,10000
21428,10,40000
21429,10,0
21430,10,50000
21431,10,0
21432,10,50000
21433,10,30000
21434,10,50000
21435,10,20000
21436,10,5000
21437,10,40000
21438,10,30000
21439,10,0
21440,10,20000
21441,10,10000
21442,10,30000
21443,10,0
21444,10,50000
21445,10,0
21446,10,0
21447,10,30000
21448,10,10000
21449,10,40000
21450,10,0
21451,10,10000
21452,10,20000
21453,10,20000
21454,10,0
21455,10,50000
21456,10,40000
21457,10,50000
21458,10,30000
21459,10,0
21460,10,0
21461,10,50000
21462,10,40000
21463,10,0
21464,10,10000
21465,10,30000
21466,10,0
21467,10,30000
21468,10,20000
21469,10,0
21470,10,50000
21471,10,30000
21472,10,40000
21473,10,40000
21474,10,30000
21475,10,5000
21476,10,20000
21477,10,30000
21478,10,0
21479,10,5000
21480,10,40000
21481,10,10000
21482,10,40000
21483,10,30000
21484,10,5000
21485,10,0
21486,10,0
21487,10,20000
21488,10,30000
21489,10,50000
21490,10,0
21491,10,0
21492,10,30000
21493,10,20000
21494,10,30000
21495,10,0
21496,10,50000
21497,10,0
21498,10,20000
21499,10,30000
21500,10,20000
21501,10,5000
21502,10,0
21503,10,0
21504,10,20000
21505,10,40000
21506,10,20000
21507,10,30000
21508,10,50000
21509,10,5000
21510,10,5000
21511,10,50000
21512,10,0
21513,10,20000
21514,10,5000
21515,10,50000
21516,10,20000
21517,10,50000
21518,10,10000
21519,10,50000
21520,10,20000
21521,10,30000
21522,10,5000
21523,10,0
21524,10,50000
21525,10,20000
21526,10,10000
21527,10,10000
21528,10,50000
21529,10,50000
21530,10,5000
21531,10,30000
21532,10,0
21533,10,30000
21534,10,5000
21535,10,5000
21536,10,10000
21537,10,0
21538,10,10000
21539,10,0
21540,10,0
21541,10,10000
21542,10,0
21543,10,20000
21544,10,20000
21545,10,50000
21546,10,10000
21547,10,50000
21548,10,30000
21549,10,0
21550,10,0
21551,10,5000
21552,10,10000
21553,10,30000
21554,10,0
21555,10,0
21556,10,30000
21557,10,0
21558,10,40000
21559,10,40000
21560,10,10000
21561,10,30000
21562,10,50000
21563,10,50000
21564,10,5000
21565,10,20000
21566,10,20000
21567,10,20000
21568,10,0
21569,10,30000
21570,10,30000
21571,10,30000
21572,10,0
21573,10,20000
21574,10,0
21575,10,0
21576,10,0
21577,10,40000
21578,10,30000
21579,10,5000
21580,10,0
21581,10,0
21582,10,30000
21583,10,50000
21584,10,40000
21585,10,30000
21586,10,40000
21587,10,0
21588,10,30000
21589,10,0
21590,10,10000
21591,10,0
21592,10,50000
21593,10,5000
21594,10,0
21595,10,30000
21596,10,40000
21597,10,40000
21598,10,10000
21599,10,50000
21600,10,20000
21601,10,20000
21602,10,50000
21603,10,0
21604,10,30000
21605,10,0
21606,10,30000
21607,10,40000
21608,10,10000
21609,10,0
21610,10,40000
21611,10,0
21612,10,0
21613,10,0
21614,10,5000
21615,10,50000
21616,10,5000
21617,10,50000
21618,10,20000
21619,10,40000
21620,10,0
21621,10,5000
21622,10,30000
21623,10,0
21624,10,30000
21625,10,30000
21626,10,20000
21627,10,40000
21628,10,20000
21629,10,0
21630,10,20000
21631,10,0
21632,10,40000
21633,10,30000
21634,10,40000
21635,10,50000
21636,10,0
21637,10,0
21638,10,0
21639,10,0
21640,10,40000
21641,10,40000
21642,10,30000
21643,10,50000
21644,10,10000
21645,10,20000
21646,10,30000
21647,10,40000
21648,10,0
21649,10,40000
21650,10,0
21651,10,0
21652,10,20000
21653,10,20000
21654,10,5000
21655,10,20000
21656,10,0
21657,10,0
21658,10,20000
21659,10,20000
21660,10,20000
21661,10,10
21662,10,5000
21663,10,10000
21664,10,30000
21665,10,10000
21666,10,10000
21667,10,0
21668,10,10000
21669,10,0
21670,10,5000
21671,10,50000
21672,10,0
21673,10,10000
21674,10,50000
21675,10,5000
21676,10,0
21677,10,5000
21678,10,10000
21679,10,0
21680,10,40000
21681,10,0
21682,10,30000
21683,10,5000
21684,10,0
21685,10,20000
21686,10,0
21687,10,10000
21688,10,0
21689,10,50000
21690,10,20000
21691,10,30000
21692,10,50000
21693,10,20000
21694,10,20000
21695,10,0
21696,10,30000
21697,10,20000
21698,10,0
21699,10,0
21700,10,30000
21701,10,0
21702,10,0
21703,10,5000
21704,10,30000
21705,10,10000
21706,10,10000
21707,10,0
21708,10,20000
21709,10,30000
21710,10,50000
21711,10,0
21712,10,50000
21713,10,0
21714,10,0
21715,10,0
21716,10,30000
21717,10,40000
21718,10,0
21719,10,40000
21720,10,30000
21721,10,20000
21722,10,50000
21723,10,10000
21724,10,0
21725,10,0
21726,10,0
21727,10,40000
21728,10,40000
21729,10,30000
21730,10,0
21731,10,5000
21732,10,0
21733,10,20000
21734,10,10
21735,10,10000
21736,10,50000
21737,10,0
21738,10,40000
21739,10,30000
21740,10,20000
21741,10,0
21742,10,30000
21743,10,20000
21744,10,20000
21745,10,0
21746,10,20000
21747,10,40000
21748,10,30000
21749,10,40000
21750,10,50000
21751,10,50000
21752,10,10000
21753,10,50000
21754,10,0
21755,10,10000
21756,10,10000
21757,10,20000
21758,10,30000
21759,10,5000
21760,10,5000
21761,10,0
21762,10,0
21763,10,5000
21764,10,20000
21765,10,20000
21766,10,0
21767,10,10000
21768,10,30000
21769,10,0
21770,10,30000
21771,10,10000
21772,10,40000
21773,10,10000
21774,10,0
21775,10,0
21776,10,10000
21777,10,5000
21778,10,0
21779,10,10000
21780,10,0
21781,10,40000
21782,10,20000
21783,10,10000
21784,10,50000
21785,10,10000
21786,10,5000
21787,10,40000
21788,10,0
21789,10,20000
21790,10,20000
21791,10,0
21792,10,20000
21793,10,0
21794,10,50000
21795,10,50000
21796,10,20000
21797,10,10000
21798,10,5000
21799,10,50000
21800,10,0
21801,10,30000
21802,10,5000
21803,10,30000
21804,10,50000
21805,10,50000
21806,10,50000
21807,10,0
21808,10,30000
21809,10,10000
21810,10,10000
21811,10,0
21812,10,30000
21813,10,50000
21814,10,20000
21815,10,10000
21816,10,0
21817,10,0
21818,10,20000
21819,10,50000
21820,10,30000
21821,10,30000
21822,10,40000
21823,10,50000
21824,10,5000
21825,10,10000
21826,10,50000
21827,10,40000
21828,10,0
21829,10,50000
21830,10,50000
21831,10,5000
21832,10,30000
21833,10,20000
21834,10,30000
21835,10,5000
21836,10,0
21837,10,0
21838,10,50000
21839,10,20000
21840,10,5000
21841,10,0
21842,10,30000
21843,10,5000
21844,10,0
21845,10,50000
21846,10,50000
21847,10,0
21848,10,10000
21849,10,0
21850,10,30000
21851,10,0
21852,10,5000
21853,10,0
21854,10,40000
21855,10,50000
21856,10,10000
21857,10,10000
21858,10,0
21859,10,30000
21860,10,50000
21861,10,30000
21862,10,20000
21863,10,50000
21864,10,20000
21865,10,10000
21866,10,30000
21867,10,5000
21868,10,5000
21869,10,40000
21870,10,20000
21871,10,20000
21872,10,0
21873,10,0
21874,10,5000
21875,10,0
21876,10,20000
21877,10,0
21878,10,0
21879,10,50000
21880,10,0
21881,10,20000
21882,10,0
21883,10,5000
21884,10,40000
21885,10,30000
21886,10,20000
21887,10,50000
21888,10,0
21889,10,50000
21890,10,5000
21891,10,0
21892,10,20000
21893,10,20000
21894,10,5000
21895,10,50000
21896,10,5000
21897,10,0
21898,10,10000
21899,10,0
21900,10,0
21901,10,20000
21902,10,0
21903,10,0
21904,10,0
21905,10,40000
21906,10,40000
21907,10,10000
21908,10,20000
21909,10,0
21910,10,30000
21911,10,0
21912,10,20000
21913,10,0
21914,10,40000
21915,10,20000
21916,10,30000
21917,10,20000
21918,10,30000
21919,10,0
21920,10,10000
21921,10,5000
21922,10,40000
21923,10,50000
21924,10,5000
21925,10,30000
21926,10,10000
21927,10,10000
21928,10,40000
21929,10,30000
21930,10,5000
21931,10,0
21932,10,0
21933,10,30000
21934,10,50000
21935,10,50000
21936,10,5000
21937,10,5000
21938,10,10000
21939,10,20000
21940,10,10000
21941,10,30000
21942,10,30000
21943,10,0
21944,10,0
21945,10,5000
21946,10,0
21947,10,30000
21948,10,40000
21949,10,10000
21950,10,5000
21951,10,20000
21952,10,5000
21953,10,5000
21954,10,10000
21955,10,0
21956,10,50000
21957,10,0
21958,10,0
21959,10,50000
21960,10,20000
21961,10,20000
21962,10,0
21963,10,50000
21964,10,5000
21965,10,0
21966,10,20000
21967,10,50000
21968,10,5000
21969,10,5000
21970,10,40000
21971,10,10000
21972,10,0
21973,10,20000
21974,10,30000
21975,10,0
21976,10,5000
21977,10,0
21978,10,10000
21979,10,50000
21980,10,5000
21981,10,30000
21982,10,20000
21983,10,5000
21984,10,10000
21985,10,0
21986,10,50000
21987,10,10000
21988,10,10000
21989,10,0
21990,10,0
21991,10,10000
21992,10,20000
21993,10,30000
21994,10,5000
21995,10,0
21996,10,20000
21997,10,0
21998,10,0
21999,10,50000
22000,10,40000
22001,10,0
22002,10,10000
22003,10,50000
22004,10,10000
22005,10,0
22006,10,30000
22007,10,20000
22008,10,30000
22009,10,0
22010,10,50000
22011,10,30000
22012,10,40000
22013,10,10000
22014,10,0
22015,10,10000
22016,10,40000
22017,10,5000
22018,10,10000
22019,10,0
22020,10,0
22021,10,10000
22022,10,0
22023,10,5000
22024,10,0
22025,10,30000
22026,10,5000
22027,10,40000
22028,10,0
22029,10,0
22030,10,30000
22031,10,0
22032,10,0
22033,10,10000
22034,10,10000
22035,10,20000
22036,10,30000
22037,10,0
22038,10,20000
22039,10,0
22040,10,20000
22041,10,50000
22042,10,0
22043,10,0
22044,10,30000
22045,10,40000
22046,10,30000
22047,10,30000
22048,10,0
22049,10,50000
22050,10,0
22051,10,20000
22052,10,20000
22053,10,50000
22054,10,50000
22055,10,20000
22056,10,0
22057,10,10000
22058,10,30000
22059,10,10
22060,10,50000
22061,10,0
22062,10,5000
22063,10,40000
22064,10,30000
22065,10,10000
22066,10,50000
22067,10,30000
22068,10,5000
22069,10,40000
22070,10,10000
22071,10,0
22072,10,0
22073,10,5000
22074,10,0
22075,10,5000
22076,10,5000
22077,10,20000
22078,10,30000
22079,10,20000
22080,10,10000
22081,10,40000
22082,10,30000
22083,10,0
22084,10,10000
22085,10,30000
22086,10,40000
22087,10,5000
22088,10,30000
22089,10,5000
22090,10,10000
22091,10,30000
22092,10,20000
22093,10,50000
22094,10,0
22095,10,10000
22096,10,0
22097,10,10000
22098,10,30000
22099,10,0
22100,10,0
22101,10,20000
22102,10,20000
22103,10,20000
22104,10,20000
22105,10,30000
22106,10,40000
22107,10,40000
22108,10,5000
22109,10,30000
22110,10,30000
22111,10,30000
22112,10,50000
22113,10,50000
22114,10,10000
22115,10,50000
22116,10,50000
22117,10,5000
22118,10,40000
22119,10,40000
22120,10,5000
22121,10,30000
22122,10,10000
22123,10,5000
22124,10,40000
22125,10,20000
22126,10,0
22127,10,5000
22128,10,50000
22129,10,20000
22130,10,20000
22131,10,0
22132,10,20000
22133,10,10000
22134,10,20000
22135,10,5000
22136,10,0
22137,10,40000
22138,10,30000
22139,10,5000
22140,10,50000
22141,10,0
22142,10,20000
22143,10,20000
22144,10,30000
22145,10,50000
22146,10,20000
22147,10,50000
22148,10,50000
22149,10,20000
22150,10,30000
22151,10,10000
22152,10,0
22153,10,50000
22154,10,30000
22155,10,40000
22156,10,0
22157,10,30000
22158,10,10000
22159,10,20000
22160,10,0
22161,10,10000
22162,10,5000
22163,10,40000
22164,10,30000
22165,10,0
22166,10,50000
22167,10,40000
22168,10,20000
22169,10,10000
22170,10,0
22171,10,0
22172,10,40000
22173,10,5000
22174,10,40000
22175,10,10000
22176,10,50000
22177,10,10000
22178,10,50000
22179,10,10000
22180,10,30000
22181,10,20000
22182,10,30000
22183,10,30000
22184,10,0
22185,10,50000
22186,10,20000
22187,10,5000
22188,10,0
22189,10,5000
22190,10,10000
22191,10,30000
22192,10,0
22193,10,30000
22194,10,10000
22195,10,20000
22196,10,20000
22197,10,40000
22198,10,20000
22199,10,40000
22200,10,20000
22201,10,20000
22202,10,5000
22203,10,50000
22204,10,30000
22205,10,0
22206,10,0
22207,10,50000
22208,10,30000
22209,10,20000
22210,10,20000
22211,10,10000
22212,10,20000
22213,10,50000
22214,10,0
22215,10,0
22216,10,40000
22217,10,30000
22218,10,30000
22219,10,5000
22220,10,0
22221,10,0
22222,10,30000
22223,10,20000
22224,10,0
22225,10,0
22226,10,5000
22227,10,50000
22228,10,40000
22229,10,0
22230,10,0
22231,10,20000
22232,10,30000
22233,10,30000
22234,10,10000
22235,10,5000
22236,10,5000
22237,10,30000
22238,10,40000
22239,10,40000
22240,10,5000
22241,10,30000
22242,10,0
22243,10,50000
22244,10,0
22245,10,30000
22246,10,0
22247,10,30000
22248,10,0
22249,10,30000
22250,10,40000
22251,10,30000
22252,10,10000
22253,10,0
22254,10,0
22255,10,20000
22256,10,40000
22257,10,0
22258,10,30000
22259,10,0
22260,10,0
22261,10,0
22262,10,30000
22263,10,20000
22264,10,40000
22265,10,30000
22266,10,40000
22267,10,20000
22268,10,50000
22269,10,0
22270,10,20000
22271,10,30000
22272,10,5000
22273,10,30000
22274,10,50000
22275,10,0
22276,10,40000
22277,10,0
22278,10,30000
22279,10,0
22280,10,0
22281,10,40000
22282,10,0
22283,10,30000
22284,10,30000
22285,10,30000
22286,10,0
22287,10,0
22288,10,5000
22289,10,40000
22290,10,50000
22291,10,30000
22292,10,50000
22293,10,10000
22294,10,30000
22295,10,5000
22296,10,0
22297,10,0
22298,10,40000
22299,10,30000
22300,10,40000
22301,10,20000
22302,10,5000
22303,10,5000
22304,10,50000
22305,10,10000
22306,10,0
22307,10,0
22308,10,10000
22309,10,0
22310,10,40000
22311,10,30000
22312,10,10000
22313,10,5000
22314,10,50000
22315,10,0
22316,10,10000
22317,10,20000
22318,10,0
22319,10,0
22320,10,5000
22321,10,20000
22322,10,5000
22323,10,5000
22324,10,20000
22325,10,0
22326,10,20000
22327,10,20000
22328,10,10000
22329,10,0
22330,10,5000
22331,10,40000
22332,10,20000
22333,10,30000
22334,10,50000
22335,10,10000
22336,10,40000
22337,10,20000
22338,10,30000
22339,10,0
22340,10,10000
22341,10,0
22342,10,0
22343,10,0
22344,10,50000
22345,10,50000
22346,10,50000
22347,10,50000
22348,10,30000
22349,10,50000
22350,10,5000
22351,10,50000
22352,10,0
22353,10,50000
22354,10,50000
22355,10,10000
22356,10,0
22357,10,5000
22358,10,10000
22359,10,20000
22360,10,0
22361,10,5000
22362,10,0
22363,10,0
22364,10,5000
22365,10,10000
22366,10,30000
22367,10,30000
22368,10,0
22369,10,20000
22370,10,0
22371,10,5000
22372,10,30000
22373,10,0
22374,10,0
22375,10,0
22376,10,30000
22377,10,20000
22378,10,20000
22379,10,5000
22380,10,50000
22381,10,10000
22382,10,0
22383,10,30000
22384,10,5000
22385,10,5000
22386,10,0
22387,10,10000
22388,10,0
22389,10,5000
22390,10,30000
22391,10,50000
22392,10,50000
22393,10,10000
22394,10,5000
22395,10,5000
22396,10,10000
22397,10,0
22398,10,50000
22399,10,30000
22400,10,20000
22401,10,30000
22402,10,50000
22403,10,10000
22404,10,50000
22405,10,40000
22406,10,10000
22407,10,0
22408,10,40000
22409,10,20000
22410,10,20000
22411,10,10000
22412,10,50000
22413,10,30000
22414,10,50000
22415,10,0
22416,10,5000
22417,10,10000
22418,10,50000
22419,10,50000
22420,10,10000
22421,10,20000
22422,10,0
22423,10,50000
22424,10,50000
22425,10,50000
22426,10,20000
22427,10,20000
22428,10,0
22429,10,10000
22430,10,50000
22431,10,10000
22432,10,0
22433,10,5000
22434,10,40000
22435,10,50000
22436,10,30000
22437,10,0
22438,10,50000
22439,10,0
22440,10,30000
22441,10,30000
22442,10,0
22443,10,50000
22444,10,20000
22445,10,20000
22446,10,0
22447,10,50000
22448,10,50000
22449,10,30000
22450,10,20000
22451,10,20000
22452,10,50000
22453,10,50000
22454,10,50000
22455,10,0
22456,10,0
22457,10,20000
22458,10,40000
22459,10,0
22460,10,5000
22461,10,40000
22462,10,0
22463,10,40000
22464,10,30000
22465,10,0
22466,10,5000
22467,10,40000
22468,10,20000
22469,10,10000
22470,10,20000
22471,10,0
22472,10,40000
22473,10,5000
22474,10,10000
22475,10,0
22476,10,30000
22477,10,40000
22478,10,0
22479,10,20000
22480,10,0
22481,10,50000
22482,10,30000
22483,10,30000
22484,10,5000
22485,10,50000
22486,10,0
22487,10,40000
22488,10,10
22489,10,30000
22490,10,50000
22491,10,50000
22492,10,0
22493,10,0
22494,10,40000
22495,10,5000
22496,10,50000
22497,10,0
22498,10,0
22499,10,20000
22500,10,10000
22501,10,10000
22502,10,20000
22503,10,40000
22504,10,30000
22505,10,20000
22506,10,10
22507,10,20000
22508,10,40000
22509,10,0
22510,10,40000
22511,10,30000
22512,10,5000
22513,10,40000
22514,10,0
22515,10,0
22516,10,30000
22517,10,50000
22518,10,0
22519,10,0
22520,10,5000
22521,10,5000
22522,10,30000
22523,10,30000
22524,10,40000
22525,10,10000
22526,10,0
22527,10,5000
22528,10,50000
22529,10,10000
22530,10,20000
22531,10,0
22532,10,50000
22533,10,40000
22534,10,0
22535,10,20000
22536,10,0
22537,10,30000
22538,10,40000
22539,10,0
22540,10,0
22541,10,20000
22542,10,0
22543,10,20000
22544,10,10000
22545,10,0
22546,10,50000
22547,10,0
22548,10,5000
22549,10,0
22550,10,20000
22551,10,30000
22552,10,0
22553,10,30000
22554,10,20000
22555,10,30000
22556,10,20000
22557,10,30000
22558,10,0
22559,10,50000
22560,10,0
22561,10,10000
22562,10,20000
22563,10,20000
22564,10,20000
22565,10,30000
22566,10,10000
22567,10,0
22568,10,0
22569,10,5000
22570,10,20000
22571,10,0
22572,10,30000
22573,10,10000
22574,10,20000
22575,10,0
22576,10,0
22577,10,0
22578,10,30000
22579,10,10000
22580,10,20000
22581,10,30000
22582,10,20000
22583,10,5000
22584,10,10000
22585,10,0
22586,10,0
22587,10,10000
22588,10,0
22589,10,30000
22590,10,30000
22591,10,5000
22592,10,30000
22593,10,10000
22594,10,10000
22595,10,50000
22596,10,50000
22597,10,40000
22598,10,5000
22599,10,10000
22600,10,5000
22601,10,0
22602,10,30000
22603,10,0
22604,10,20000
22605,10,5000
22606,10,0
22607,10,0
22608,10,20000
22609,10,20000
22610,10,20000
22611,10,20000
22612,10,5000
22613,10,40000
22614,10,20000
22615,10,20000
22616,10,30000
22617,10,0
22618,10,20000
22619,10,40000
22620,10,40000
22621,10,0
22622,10,10000
22623,10,0
22624,10,10000
22625,10,10000
22626,10,5000
22627,10,0
22628,10,10000
22629,10,50000
22630,10,5000
22631,10,5000
22632,10,20000
22633,10,20000
22634,10,40000
22635,10,5000
22636,10,0
22637,10,50000
22638,10,50000
22639,10,10000
22640,10,50000
22641,10,0
22642,10,50000
22643,10,30000
22644,10,30000
22645,10,5000
22646,10,30000
22647,10,30000
22648,10,20000
22649,10,20000
22650,10,0
22651,10,0
22652,10,0
22653,10,10000
22654,10,10
22655,10,10000
22656,10,10000
22657,10,5000
22658,10,0
22659,10,5000
22660,10,40000
22661,10,0
22662,10,30000
22663,10,20000
22664,10,0
22665,10,50000
22666,10,20000
22667,10,40000
22668,10,30000
22669,10,20000
22670,10,30000
22671,10,0
22672,10,40000
22673,10,40000
22674,10,0
22675,10,10000
22676,10,30000
22677,10,0
22678,10,20000
22679,10,50000
22680,10,0
22681,10,50000
22682,10,0
22683,10,40000
22684,10,30000
22685,10,40000
22686,10,0
22687,10,10000
22688,10,20000
22689,10,10000
22690,10,40000
22691,10,5000
22692,10,30000
22693,10,0
22694,10,5000
22695,10,0
22696,10,0
22697,10,20000
22698,10,40000
22699,10,10000
22700,10,20000
22701,10,0
22702,10,5000
22703,10,20000
22704,10,0
22705,10,5000
22706,10,40000
22707,10,30000
22708,10,30000
22709,10,0
22710,10,40000
22711,10,30000
22712,10,20000
22713,10,30000
22714,10,0
22715,10,5000
22716,10,0
22717,10,20000
22718,10,30000
22719,10,0
22720,10,10000
22721,10,50000
22722,10,10000
22723,10,40000
22724,10,40000
22725,10,50000
22726,10,40000
22727,10,0
22728,10,20000
22729,10,40000
22730,10,0
22731,10,40000
22732,10,10000
22733,10,50000
22734,10,50000
22735,10,5000
22736,10,20000
22737,10,20000
22738,10,0
22739,10,30000
22740,10,30000
22741,10,20000
22742,10,0
22743,10,5000
22744,10,10000
22745,10,40000
22746,10,50000
22747,10,20000
22748,10,0
22749,10,40000
22750,10,10000
22751,10,30000
22752,10,10000
22753,10,30000
22754,10,0
22755,10,0
22756,10,30000
22757,10,20000
22758,10,0
22759,10,40000
22760,10,0
22761,10,10000
22762,10,0
22763,10,20000
22764,10,0
22765,10,40000
22766,10,30000
22767,10,10000
22768,10,20000
22769,10,5000
22770,10,5000
22771,10,0
22772,10,0
22773,10,5000
22774,10,30000
22775,10,50000
22776,10,0
22777,10,10000
22778,10,0
22779,10,0
22780,10,30000
22781,10,50000
22782,10,20000
22783,10,20000
22784,10,20000
22785,10,0
22786,10,5000
22787,10,10000
22788,10,30000
22789,10,30000
22790,10,0
22791,10,30000
22792,10,0
22793,10,0
22794,10,30000
22795,10,50000
22796,10,20000
22797,10,20000
22798,10,0
22799,10,20000
22800,10,20000
22801,10,30000
22802,10,40000
22803,10,40000
22804,10,20000
22805,10,20000
22806,10,0
22807,10,0
22808,10,50000
22809,10,0
22810,10,30000
22811,10,5000
22812,10,50000
22813,10,30000
22814,10,10000
22815,10,30000
22816,10,0
22817,10,50000
22818,10,20000
22819,10,20000
22820,10,30000
22821,10,20000
22822,10,0
22823,10,10000
22824,10,5000
22825,10,10000
22826,10,40000
22827,10,40000
22828,10,0
22829,10,30000
22830,10,10000
22831,10,50000
22832,10,30000
22833,10,30000
22834,10,0
22835,10,40000
22836,10,20000
22837,10,0
22838,10,30000
22839,10,20000
22840,10,20000
22841,10,40000
22842,10,10000
22843,10,30000
22844,10,20000
22845,10,50000
22846,10,40000
22847,10,10000
22848,10,0
22849,10,50000
22850,10,30000
22851,10,0
22852,10,5000
22853,10,30000
22854,10,5000
22855,10,30000
22856,10,0
22857,10,10000
22858,10,50000
22859,10,50000
22860,10,30000
22861,10,5000
22862,10,5000
22863,10,10000
22864,10,40000
22865,10,0
22866,10,20000
22867,10,0
22868,10,30000
22869,10,10000
22870,10,20000
22871,10,5000
22872,10,40000
22873,10,30000
22874,10,10000
22875,10,20000
22876,10,5000
22877,10,30000
22878,10,10000
22879,10,0
22880,10,0
22881,10,0
22882,10,30000
22883,10,50000
22884,10,20000
22885,10,0
22886,10,40000
22887,10,20000
22888,10,20000
22889,10,30000
22890,10,30000
22891,10,30000
22892,10,40000
22893,10,0
22894,10,30000
22895,10,40000
22896,10,10000
22897,10,5000
22898,10,40000
22899,10,30000
22900,10,50000
22901,10,20000
22902,10,10000
22903,10,40000
22904,10,10000
22905,10,0
22906,10,0
22907,10,5000
22908,10,50000
22909,10,10000
22910,10,0
22911,10,50000
22912,10,5000
22913,10,0
22914,10,0
22915,10,0
22916,10,0
22917,10,0
22918,10,30000
22919,10,0
22920,10,20000
22921,10,10000
22922,10,30000
22923,10,50000
22924,10,40000
22925,10,10000
22926,10,30000
22927,10,5000
22928,10,50000
22929,10,0
22930,10,0
22931,10,50000
22932,10,30000
22933,10,10000
22934,10,30000
22935,10,10000
22936,10,50000
22937,10,10000
22938,10,30000
22939,10,50000
22940,10,10000
22941,10,0
22942,10,50000
22943,10,50000
22944,10,0
22945,10,5000
22946,10,20000
22947,10,20000
22948,10,0
22949,10,50000
22950,10,50000
22951,10,40000
22952,10,20000
22953,10,30000
22954,10,20000
22955,10,50000
22956,10,20000
22957,10,5000
22958,10,20000
22959,10,20000
22960,10,40000
22961,10,30000
22962,10,0
22963,10,30000
22964,10,0
22965,10,0
22966,10,50000
22967,10,40000
22968,10,30000
22969,10,0
22970,10,50000
22971,10,5000
22972,10,0
22973,10,20000
22974,10,30000
22975,10,20000
22976,10,40000
22977,10,0
22978,10,30000
22979,10,50000
22980,10,0
22981,10,20000
22982,10,40000
22983,10,10000
22984,10,5000
22985,10,30000
22986,10,0
22987,10,5000
22988,10,20000
22989,10,20000
22990,10,10000
22991,10,0
22992,10,20000
22993,10,50000
22994,10,5000
22995,10,40000
22996,10,0
22997,10,5000
22998,10,50000
22999,10,0
23000,10,0
23001,10,0
23002,10,40000
23003,10,10000
23004,10,0
23005,10,10000
23006,10,10000
23007,10,50000
23008,10,5000
23009,10,50000
23010,10,40000
23011,10,50000
23012,10,30000
23013,10,50000
23014,10,50000
23015,10,40000
23016,10,0
23017,10,5000
23018,10,30000
23019,10,0
23020,10,0
23021,10,10000
23022,10,0
23023,10,40000
23024,10,30000
23025,10,20000
23026,10,0
23027,10,10000
23028,10,30000
23029,10,0
23030,10,50000
23031,10,40000
23032,10,30000
23033,10,0
23034,10,50000
23035,10,0
23036,10,50000
23037,10,30000
23038,10,5000
23039,10,10000
23040,10,5000
23041,10,20000
23042,10,40000
23043,10,20000
23044,10,5000
23045,10,20000
23046,10,0
23047,10,30000
23048,10,0
23049,10,0
23050,10,50000
23051,10,10000
23052,10,30000
23053,10,0
23054,10,0
23055,10,0
23056,10,10000
23057,10,30000
23058,10,10000
23059,10,20000
23060,10,20000
23061,10,5000
23062,10,0
23063,10,40000
23064,10,50000
23065,10,0
23066,10,0
23067,10,40000
23068,10,0
23069,10,0
23070,10,5000
23071,10,20000
23072,10,40000
23073,10,20000
23074,10,0
23075,10,0
23076,10,5000
23077,10,20000
23078,10,30000
23079,10,30000
23080,10,0
23081,10,30000
23082,10,0
23083,10,10000
23084,10,40000
23085,10,0
23086,10,50000
23087,10,0
23088,10,10000
23089,10,10000
23090,10,5000
23091,10,30000
23092,10,0
23093,10,20000
23094,10,0
23095,10,50000
23096,10,5000
23097,10,10000
23098,10,30000
23099,10,10000
23100,10,0
23101,10,5000
23102,10,0
23103,10,0
23104,10,50000
23105,10,0
23106,10,0
23107,10,0
23108,10,0
23109,10,30000
23110,10,0
23111,10,30000
23112,10,20000
23113,10,10000
23114,10,0
23115,10,30000
23116,10,0
23117,10,0
23118,10,10000
23119,10,0
23120,10,0
23121,10,20000
23122,10,0
23123,10,50000
23124,10,50000
23125,10,40000
23126,10,0
23127,10,40000
23128,10,0
23129,10,0
23130,10,5000
23131,10,0
23132,10,40000
23133,10,20000
23134,10,20000
23135,10,20000
23136,10,20000
23137,10,50000
23138,10,50000
23139,10,40000
23140,10,0
23141,10,10
23142,10,20000
23143,10,0
23144,10,5000
23145,10,30000
23146,10,0
23147,10,40000
23148,10,50000
23149,10,40000
23150,10,5000
23151,10,5000
23152,10,30000
23153,10,20000
23154,10,20000
23155,10,50000
23156,10,5000
23157,10,10000
23158,10,20000
23159,10,30000
23160,10,0
23161,10,0
23162,10,0
23163,10,10000
23164,10,50000
23165,10,40000
23166,10,0
23167,10,30000
23168,10,40000
23169,10,40000
23170,10,20000
23171,10,30000
23172,10,10000
23173,10,20000
23174,10,10000
23175,10,50000
23176,10,0
23177,10,10000
23178,10,40000
23179,10,30000
23180,10,0
23181,10,0
23182,10,30000
23183,10,0
23184,10,0
23185,10,20000
23186,10,5000
23187,10,10000
23188,10,5000
23189,10,0
23190,10,5000
23191,10,20000
23192,10,20000
23193,10,20000
23194,10,10000
23195,10,20000
23196,10,0
23197,10,10000
23198,10,0
23199,10,0
23200,10,30000
23201,10,10000
23202,10,30000
23203,10,5000
23204,10,20000
23205,10,50000
23206,10,20000
23207,10,20000
23208,10,0
23209,10,50000
23210,10,30000
23211,10,40000
23212,10,0
23213,10,30000
23214,10,10000
23215,10,0
23216,10,30000
23217,10,10000
23218,10,20000
23219,10,30000
23220,10,5000
23221,10,10000
23222,10,0
23223,10,0
23224,10,30000
23225,10,50000
23226,10,50000
23227,10,50000
23228,10,50000
23229,10,5000
23230,10,40000
23231,10,30000
23232,10,40000
23233,10,40000
23234,10,0
23235,10,40000
23236,10,50000
23237,10,5000
23238,10,0
23239,10,30000
23240,10,5000
23241,10,5000
23242,10,30000
23243,10,20000
23244,10,20000
23245,10,30000
23246,10,0
23247,10,10000
23248,10,20000
23249,10,0
23250,10,5000
23251,10,0
23252,10,20000
23253,10,40000
23254,10,40000
23255,10,0
23256,10,20000
23257,10,0
23258,10,20000
23259,10,10000
23260,10,10000
23261,10,50000
23262,10,20000
23263,10,30000
23264,10,5000
23265,10,40000
23266,10,50000
23267,10,5000
23268,10,0
23269,10,5000
23270,10,50000
23271,10,40000
23272,10,50000
23273,10,0
23274,10,20000
23275,10,5000
23276,10,20000
23277,10,20000
23278,10,20000
23279,10,0
23280,10,30000
23281,10,30000
23282,10,5000
23283,10,50000
23284,10,20000
23285,10,50000
23286,10,40000
23287,10,0
23288,10,5000
23289,10,20000
23290,10,0
23291,10,0
23292,10,20000
23293,10,0
23294,10,0
23295,10,30000
23296,10,0
23297,10,50000
23298,10,0
23299,10,50000
23300,10,5000
23301,10,5000
23302,10,5000
23303,10,50000
23304,10,5000
23305,10,0
23306,10,10000
23307,10,40000
23308,10,20000
23309,10,0
23310,10,10
23311,10,5000
23312,10,0
23313,10,0
23314,10,30000
23315,10,5000
23316,10,50000
23317,10,50000
23318,10,50000
23319,10,30000
23320,10,50000
23321,10,20000
23322,10,0
23323,10,10000
23324,10,30000
23325,10,0
23326,10,5000
23327,10,40000
23328,10,40000
23329,10,10000
23330,10,40000
23331,10,0
23332,10,40000
23333,10,10000
23334,10,0
23335,10,0
23336,10,20000
23337,10,0
23338,10,30000
23339,10,5000
23340,10,0
23341,10,10000
23342,10,0
23343,10,0
23344,10,5000
23345,10,10000
23346,10,0
23347,10,10000
23348,10,0
23349,10,50000
23350,10,20000
23351,10,20000
23352,10,5000
23353,10,5000
23354,10,30000
23355,10,30000
23356,10,40000
23357,10,0
23358,10,30000
23359,10,0
23360,10,0
23361,10,40000
23362,10,10000
23363,10,0
23364,10,0
23365,10,50000
23366,10,50000
23367,10,20000
23368,10,20000
23369,10,0
23370,10,30000
23371,10,0
23372,10,0
23373,10,50000
23374,10,40000
23375,10,5000
23376,10,20000
23377,10,0
23378,10,5000
23379,10,40000
23380,10,0
23381,10,40000
23382,10,50000
23383,10,0
23384,10,0
23385,10,50000
23386,10,20000
23387,10,40000
23388,10,20000
23389,10,10000
23390,10,50000
23391,10,30000
23392,10,40000
23393,10,20000
23394,10,50000
23395,10,40000
23396,10,10000
23397,10,50000
23398,10,20000
23399,10,30000
23400,10,0
23401,10,5000
23402,10,5000
23403,10,0
23404,10,20000
23405,10,10000
23406,10,0
23407,10,0
23408,10,0
23409,10,50000
23410,10,20000
23411,10,0
23412,10,20000
23413,10,40000
23414,10,0
23415,10,40000
23416,10,0
23417,10,40000
23418,10,10000
23419,10,10000
23420,10,10000
23421,10,10000
23422,10,0
23423,10,40000
23424,10,30000
23425,10,20000
23426,10,50000
23427,10,30000
23428,10,50000
23429,10,0
23430,10,50000
23431,10,20000
23432,10,0
23433,10,5000
23434,10,0
23435,10,30000
23436,10,0
23437,10,50000
23438,10,50000
23439,10,5000
23440,10,40000
23441,10,0
23442,10,0
23443,10,10000
23444,10,30000
23445,10,30000
23446,10,20000
23447,10,20000
23448,10,20000
23449,10,50000
23450,10,30000
23451,10,20000
23452,10,5000
23453,10,5000
23454,10,30000
23455,10,0
23456,10,20000
23457,10,20000
23458,10,30000
23459,10,5000
23460,10,0
23461,10,40000
23462,10,30000
23463,10,5000
23464,10,0
23465,10,50000
23466,10,30000
23467,10,40000
23468,10,0
23469,10,20000
23470,10,0
23471,10,0
23472,10,5000
23473,10,10000
23474,10,0
23475,10,10000
23476,10,50000
23477,10,10000
23478,10,0
23479,10,30000
23480,10,10000
23481,10,30000
23482,10,20000
23483,10,40000
23484,10,50000
23485,10,50000
23486,10,0
23487,10,10000
23488,10,20000
23489,10,0
23490,10,0
23491,10,0
23492,10,50000
23493,10,0
23494,10,5000
23495,10,40000
23496,10,50000
23497,10,50000
23498,10,10000
23499,10,0
23500,10,30000
23501,10,0
23502,10,0
23503,10,50000
23504,10,5000
23505,10,0
23506,10,40000
23507,10,0
23508,10,50000
23509,10,0
23510,10,0
23511,10,20000
23512,10,0
23513,10,20000
23514,10,30000
23515,10,10000
23516,10,40000
23517,10,10000
23518,10,10000
23519,10,30000
23520,10,40000
23521,10,5000
23522,10,0
23523,10,30000
23524,10,10
23525,10,20000
23526,10,5000
23527,10,20000
23528,10,30000
23529,10,0
23530,10,40000
23531,10,0
23532,10,40000
23533,10,50000
23534,10,50000
23535,10,30000
23536,10,10000
23537,10,30000
23538,10,0
23539,10,10000
23540,10,5000
23541,10,30000
23542,10,50000
23543,10,0
23544,10,0
23545,10,20000
23546,10,0
23547,10,10000
23548,10,0
23549,10,20000
23550,10,20000
23551,10,0
23552,10,40000
23553,10,50000
23554,10,0
23555,10,0
23556,10,40000
23557,10,40000
23558,10,40000
23559,10,0
23560,10,50000
23561,10,20000
23562,10,0
23563,10,30000
23564,10,0
23565,10,30000
23566,10,5000
23567,10,0
23568,10,50000
23569,10,0
23570,10,40000
23571,10,20000
23572,10,40000
23573,10,10000
23574,10,0
23575,10,30000
23576,10,30000
23577,10,40000
23578,10,50000
23579,10,0
23580,10,20000
23581,10,0
23582,10,0
23583,10,30000
23584,10,50000
23585,10,20000
23586,10,0
23587,10,50000
23588,10,0
23589,10,50000
23590,10,40000
23591,10,10000
23592,10,30000
23593,10,40000
23594,10,30000
23595,10,50000
23596,10,20000
23597,10,0
23598,10,50000
23599,10,5000
23600,10,0
23601,10,30000
23602,10,0
23603,10,30000
23604,10,10000
23605,10,0
23606,10,0
23607,10,5000
23608,10,0
23609,10,5000
23610,10,30000
23611,10,0
23612,10,50000
23613,10,10000
23614,10,0
23615,10,20000
23616,10,20000
23617,10,5000
23618,10,20000
23619,10,5000
23620,10,20000
23621,10,30000
23622,10,20000
23623,10,10000
23624,10,10000
23625,10,20000
23626,10,10000
23627,10,20000
23628,10,30000
23629,10,20000
23630,10,0
23631,10,20000
23632,10,50000
23633,10,20000
23634,10,10000
23635,10,0
23636,10,0
23637,10,30000
23638,10,0
23639,10,0
23640,10,30000
23641,10,10000
23642,10,40000
23643,10,20000
23644,10,20000
23645,10,5000
23646,10,0
23647,10,20000
23648,10,50000
23649,10,50000
23650,10,5000
23651,10,30000
23652,10,10000
23653,10,30000
23654,10,0
23655,10,5000
23656,10,30000
23657,10,20000
23658,10,50000
23659,10,30000
23660,10,40000
23661,10,30000
23662,10,5000
23663,10,20000
23664,10,0
23665,10,50000
23666,10,30000
23667,10,0
23668,10,0
23669,10,5000
23670,10,10000
23671,10,0
23672,10,5000
23673,10,5000
23674,10,0
23675,10,0
23676,10,0
23677,10,40000
23678,10,0
23679,10,0
23680,10,0
23681,10,40000
23682,10,10000
23683,10,30000
23684,10,20000
23685,10,0
23686,10,0
23687,10,20000
23688,10,50000
23689,10,5000
23690,10,20000
23691,10,50000
23692,10,5000
23693,10,40000
23694,10,0
23695,10,40000
23696,10,5000
23697,10,5000
23698,10,0
23699,10,0
23700,10,50000
23701,10,10000
23702,10,40000
23703,10,20000
23704,10,0
23705,10,30000
23706,10,0
23707,10,30000
23708,10,0
23709,10,0
23710,10,20000
23711,10,0
23712,10,50000
23713,10,0
23714,10,30000
23715,10,0
23716,10,50000
23717,10,0
23718,10,10000
23719,10,50000
23720,10,0
23721,10,50000
23722,10,5000
23723,10,30000
23724,10,50000
23725,10,0
23726,10,20000
23727,10,30000
23728,10,50000
23729,10,10
23730,10,0
23731,10,40000
23732,10,20000
23733,10,5000
23734,10,40000
23735,10,30000
23736,10,20000
23737,10,30000
23738,10,30000
23739,10,40000
23740,10,5000
23741,10,10000
23742,10,30000
23743,10,0
23744,10,50000
23745,10,0
23746,10,50000
23747,10,20000
23748,10,20000
23749,10,10000
23750,10,50000
23751,10,5000
23752,10,10000
23753,10,30000
23754,10,20000
23755,10,40000
23756,10,0
23757,10,10000
23758,10,30000
23759,10,10000
23760,10,30000
23761,10,0
23762,10,20000
23763,10,0
23764,10,40000
23765,10,40000
23766,10,5000
23767,10,30000
23768,10,40000
23769,10,0
23770,10,0
23771,10,30000
23772,10,20000
23773,10,50000
23774,10,20000
23775,10,10000
23776,10,30000
23777,10,0
23778,10,20000
23779,10,30000
23780,10,30000
23781,10,10000
23782,10,10000
23783,10,10000
23784,10,0
23785,10,20000
23786,10,30000
23787,10,20000
23788,10,0
23789,10,20000
23790,10,0
23791,10,30000
23792,10,5000
23793,10,50000
23794,10,50000
23795,10,0
23796,10,40000
23797,10,20000
23798,10,40000
23799,10,50000
23800,10,0
23801,10,5000
23802,10,0
23803,10,0
23804,10,0
23805,10,30000
23806,10,50000
23807,10,50000
23808,10,30000
23809,10,0
23810,10,20000
23811,10,20000
23812,10,0
23813,10,0
23814,10,30000
23815,10,0
23816,10,0
23817,10,20000
23818,10,20000
23819,10,20000
23820,10,0
23821,10,30000
23822,10,0
23823,10,5000
23824,10,50000
23825,10,0
23826,10,50000
23827,10,10000
23828,10,10000
23829,10,20000
23830,10,10000
23831,10,20000
23832,10,5000
23833,10,20000
23834,10,30000
23835,10,20000
23836,10,30000
23837,10,30000
23838,10,20000
23839,10,5000
23840,10,40000
23841,10,0
23842,10,5000
23843,10,10000
23844,10,50000
23845,10,20000
23846,10,0
23847,10,50000
23848,10,30000
23849,10,0
23850,10,30000
23851,10,0
23852,10,20000
23853,10,0
23854,10,20000
23855,10,40000
23856,10,0
23857,10,0
23858,10,5000
23859,10,0
23860,10,0
23861,10,50000
23862,10,50000
23863,10,5000
23864,10,10000
23865,10,0
23866,10,30000
23867,10,50000
23868,10,40000
23869,10,5000
23870,10,5000
23871,10,0
23872,10,0
23873,10,20000
23874,10,20000
23875,10,50000
23876,10,0
23877,10,5000
23878,10,50000
23879,10,5000
23880,10,40000
23881,10,50000
23882,10,30000
23883,10,30000
23884,10,50000
23885,10,10000
23886,10,20000
23887,10,20000
23888,10,50000
23889,10,5000
23890,10,20000
23891,10,20000
23892,10,50000
23893,10,0
23894,10,40000
23895,10,0
23896,10,5000
23897,10,50000
23898,10,0
23899,10,5000
23900,10,10000
23901,10,50000
23902,10,0
23903,10,0
23904,10,10
23905,10,50000
23906,10,0
23907,10,10000
23908,10,0
23909,10,30000
23910,10,50000
23911,10,0
23912,10,0
23913,10,5000
23914,10,0
23915,10,5000
23916,10,50000
23917,10,20000
23918,10,20000
23919,10,30000
23920,10,40000
23921,10,50000
23922,10,5000
23923,10,0
23924,10,50000
23925,10,30000
23926,10,0
23927,10,0
23928,10,40000
23929,10,30000
23930,10,0
23931,10,50000
23932,10,40000
23933,10,30000
23934,10,30000
23935,10,0
23936,10,5000
23937,10,0
23938,10,10
23939,10,50000
23940,10,5000
23941,10,0
23942,10,50000
23943,10,0
23944,10,30000
23945,10,50000
23946,10,10000
23947,10,0
23948,10,50000
23949,10,5000
23950,10,20000
23951,10,50000
23952,10,5000
23953,10,0
23954,10,0
23955,10,50000
23956,10,0
23957,10,30000
23958,10,40000
23959,10,50000
23960,10,10000
23961,10,10000
23962,10,20000
23963,10,30000
23964,10,0
23965,10,20000
23966,10,20000
23967,10,10000
23968,10,0
23969,10,0
23970,10,40000
23971,10,50000
23972,10,5000
23973,10,5000
23974,10,0
23975,10,0
23976,10,5000
23977,10,30000
23978,10,0
23979,10,50000
23980,10,20000
23981,10,30000
23982,10,0
23983,10,5000
23984,10,50000
23985,10,5000
23986,10,20000
23987,10,20000
23988,10,10000
23989,10,40000
23990,10,0
23991,10,50000
23992,10,10000
23993,10,40000
23994,10,0
23995,10,40000
23996,10,0
23997,10,0
23998,10,40000
23999,10,5000
24000,10,0
24001,10,0
24002,10,0
24003,10,50000
24004,10,20000
24005,10,0
24006,10,50000
24007,10,30000
24008,10,10000
24009,10,10000
24010,10,0
24011,10,30000
24012,10,20000
24013,10,0
24014,10,30000
24015,10,10000
24016,10,50000
24017,10,5000
24018,10,0
24019,10,50000
24020,10,5000
24021,10,30000
24022,10,40000
24023,10,40000
24024,10,0
24025,10,10000
24026,10,0
24027,10,10000
24028,10,30000
24029,10,0
24030,10,50000
24031,10,50000
24032,10,0
24033,10,5000
24034,10,20000
24035,10,5000
24036,10,30000
24037,10,30000
24038,10,10000
24039,10,20000
24040,10,5000
24041,10,0
24042,10,10000
24043,10,50000
24044,10,0
24045,10,10000
24046,10,10000
24047,10,0
24048,10,0
24049,10,0
24050,10,10000
24051,10,20000
24052,10,40000
24053,10,5000
24054,10,50000
24055,10,0
24056,10,0
24057,10,0
24058,10,50000
24059,10,20000
24060,10,50000
24061,10,0
24062,10,20000
24063,10,5000
24064,10,5000
24065,10,30000
24066,10,20000
24067,10,30000
24068,10,30000
24069,10,0
24070,10,30000
24071,10,40000
24072,10,0
24073,10,40000
24074,10,0
24075,10,0
24076,10,5000
24077,10,20000
24078,10,0
24079,10,30000
24080,10,0
24081,10,30000
24082,10,20000
24083,10,20000
24084,10,10000
24085,10,50000
24086,10,10000
24087,10,30000
24088,10,5000
24089,10,10000
24090,10,40000
24091,10,20000
24092,10,20000
24093,10,20000
24094,10,20000
24095,10,5000
24096,10,10000
24097,10,0
24098,10,30000
24099,10,50000
24100,10,30000
24101,10,0
24102,10,20000
24103,10,20000
24104,10,20000
24105,10,0
24106,10,0
24107,10,50000
24108,10,0
24109,10,20000
24110,10,50000
24111,10,40000
24112,10,0
24113,10,0
24114,10,50000
24115,10,0
24116,10,0
24117,10,50000
24118,10,30000
24119,10,20000
24120,10,5000
24121,10,10000
24122,10,20000
24123,10,5000
24124,10,5000
24125,10,30000
24126,10,0
24127,10,20000
24128,10,50000
24129,10,0
24130,10,30000
24131,10,40000
24132,10,20000
24133,10,10000
24134,10,10000
24135,10,30000
24136,10,20000
24137,10,40000
24138,10,30000
24139,10,20000
24140,10,50000
24141,10,50000
24142,10,0
24143,10,5000
24144,10,0
24145,10,0
24146,10,40000
24147,10,20000
24148,10,20000
24149,10,50000
24150,10,10000
24151,10,0
24152,10,20000
24153,10,40000
24154,10,20000
24155,10,20000
24156,10,0
24157,10,0
24158,10,20000
24159,10,30000
24160,10,30000
24161,10,50000
24162,10,0
24163,10,0
24164,10,0
24165,10,0
24166,10,50000
24167,10,0
24168,10,30000
24169,10,5000
24170,10,0
24171,10,30000
24172,10,20000
24173,10,0
24174,10,5000
24175,10,0
24176,10,20000
24177,10,5000
24178,10,30000
24179,10,20000
24180,10,20000
24181,10,30000
24182,10,10000
24183,10,30000
24184,10,0
24185,10,5000
24186,10,30000
24187,10,40000
24188,10,50000
24189,10,0
24190,10,0
24191,10,5000
24192,10,10000
24193,10,40000
24194,10,20000
24195,10,40000
24196,10,20000
24197,10,50000
24198,10,20000
24199,10,40000
24200,10,20000
24201,10,0
24202,10,0
24203,10,0
24204,10,10000
24205,10,0
24206,10,40000
24207,10,10000
24208,10,10000
24209,10,20000
24210,10,20000
24211,10,50000
24212,10,40000
24213,10,50000
24214,10,30000
24215,10,30000
24216,10,30000
24217,10,50000
24218,10,30000
24219,10,10000
24220,10,30000
24221,10,0
24222,10,5000
24223,10,5000
24224,10,0
24225,10,30000
24226,10,0
24227,10,20000
24228,10,40000
24229,10,30000
24230,10,50000
24231,10,20000
24232,10,0
24233,10,30000
24234,10,5000
24235,10,50000
24236,10,0
24237,10,30000
24238,10,30000
24239,10,20000
24240,10,0
24241,10,50000
24242,10,0
24243,10,40000
24244,10,0
24245,10,0
24246,10,10000
24247,10,20000
24248,10,0
24249,10,0
24250,10,20000
24251,10,0
24252,10,10000
24253,10,0
24254,10,20000
24255,10,5000
24256,10,0
24257,10,5000
24258,10,50000
24259,10,20000
24260,10,0
24261,10,40000
24262,10,30000
24263,10,10000
24264,10,0
24265,10,10000
24266,10,40000
24267,10,50000
24268,10,10000
24269,10,0
24270,10,50000
24271,10,30000
24272,10,10000
24273,10,10000
24274,10,5000
24275,10,50000
24276,10,50000
24277,10,30000
24278,10,30000
24279,10,30000
24280,10,5000
24281,10,50000
24282,10,20000
24283,10,5000
24284,10,30000
24285,10,30000
24286,10,0
24287,10,20000
24288,10,40000
24289,10,40000
24290,10,0
24291,10,30000
24292,10,5000
24293,10,20000
24294,10,0
24295,10,10
24296,10,50000
24297,10,40000
24298,10,0
24299,10,30000
24300,10,30000
24301,10,10000
24302,10,30000
24303,10,30000
24304,10,10000
24305,10,0
24306,10,0
24307,10,50000
24308,10,40000
24309,10,0
24310,10,20000
24311,10,0
24312,10,50000
24313,10,20000
24314,10,20000
24315,10,10000
24316,10,50000
24317,10,5000
24318,10,0
24319,10,30000
24320,10,0
24321,10,0
24322,10,30000
24323,10,20000
24324,10,40000
24325,10,10000
24326,10,40000
24327,10,0
24328,10,0
24329,10,50000
24330,10,0
24331,10,0
24332,10,30000
24333,10,0
24334,10,0
24335,10,10000
24336,10,0
24337,10,30000
24338,10,0
24339,10,50000
24340,10,30000
24341,10,10000
24342,10,10000
24343,10,20000
24344,10,20000
24345,10,20000
24346,10,40000
24347,10,20000
24348,10,0
24349,10,10000
24350,10,50000
24351,10,30000
24352,10,50000
24353,10,0
24354,10,20000
24355,10,20000
24356,10,50000
24357,10,20000
24358,10,5000
24359,10,20000
24360,10,30000
24361,10,0
24362,10,0
24363,10,10000
24364,10,10
24365,10,0
24366,10,50000
24367,10,20000
24368,10,30000
24369,10,0
24370,10,30000
24371,10,5000
24372,10,5000
24373,10,20000
24374,10,0
24375,10,0
24376,10,5000
24377,10,0
24378,10,10000
24379,10,5000
24380,10,0
24381,10,50000
24382,10,40000
24383,10,20000
24384,10,5000
24385,10,10000
24386,10,0
24387,10,5000
24388,10,40000
24389,10,30000
24390,10,30000
24391,10,20000
24392,10,0
24393,10,30000
24394,10,40000
24395,10,0
24396,10,20000
24397,10,0
24398,10,30000
24399,10,20000
24400,10,0
24401,10,0
24402,10,20000
24403,10,10000
24404,10,30000
24405,10,30000
24406,10,0
24407,10,5000
24408,10,5000
24409,10,10000
24410,10,0
24411,10,0
24412,10,10000
24413,10,0
24414,10,40000
24415,10,10000
24416,10,0
24417,10,0
24418,10,30000
24419,10,20000
24420,10,50000
24421,10,30000
24422,10,10000
24423,10,0
24424,10,5000
24425,10,20000
24426,10,0
24427,10,40000
24428,10,40000
24429,10,30000
24430,10,0
24431,10,0
24432,10,20000
24433,10,10000
24434,10,20000
24435,10,0
24436,10,5000
24437,10,20000
24438,10,0
24439,10,5000
24440,10,30000
24441,10,20000
24442,10,40000
24443,10,40000
24444,10,30000
24445,10,20000
24446,10,10000
24447,10,20000
24448,10,5000
24449,10,10000
24450,10,0
24451,10,0
24452,10,0
24453,10,5000
24454,10,5000
24455,10,20000
24456,10,0
24457,10,30000
24458,10,40000
24459,10,30000
24460,10,0
24461,10,30000
24462,10,0
24463,10,20000
24464,10,20000
24465,10,10000
24466,10,0
24467,10,50000
24468,10,30000
24469,10,0
24470,10,40000
24471,10,20000
24472,10,0
24473,10,10000
24474,10,5000
24475,10,40000
24476,10,10000
24477,10,30000
24478,10,0
24479,10,20000
24480,10,0
24481,10,20000
24482,10,20000
24483,10,0
24484,10,40000
24485,10,50000
24486,10,20000
24487,10,30000
24488,10,0
24489,10,20000
24490,10,30000
24491,10,20000
24492,10,20000
24493,10,0
24494,10,5000
24495,10,20000
24496,10,5000
24497,10,20000
24498,10,5000
24499,10,50000
24500,10,20000
24501,10,30000
24502,10,40000
24503,10,0
24504,10,50000
24505,10,50000
24506,10,0
24507,10,30000
24508,10,0
24509,10,30000
24510,10,50000
24511,10,20000
24512,10,5000
24513,10,10000
24514,10,30000
24515,10,20000
24516,10,40000
24517,10,5000
24518,10,10000
24519,10,5000
24520,10,10000
24521,10,10000
24522,10,30000
24523,10,10000
24524,10,0
24525,10,50000
24526,10,0
24527,10,0
24528,10,10
24529,10,30000
24530,10,0
24531,10,10000
24532,10,5000
24533,10,20000
24534,10,0
24535,10,40000
24536,10,20000
24537,10,40000
24538,10,40000
24539,10,0
24540,10,0
24541,10,50000
24542,10,20000
24543,10,5000
24544,10,20000
24545,10,0
24546,10,5000
24547,10,0
24548,10,10000
24549,10,40000
24550,10,50000
24551,10,0
24552,10,20000
24553,10,50000
24554,10,0
24555,10,10000
24556,10,5000
24557,10,10000
24558,10,50000
24559,10,0
24560,10,10000
24561,10,30000
24562,10,20000
24563,10,5000
24564,10,0
24565,10,50000
24566,10,10000
24567,10,20000
24568,10,30000
24569,10,0
24570,10,0
24571,10,0
24572,10,30000
24573,10,10000
24574,10,5000
24575,10,20000
24576,10,50000
24577,10,0
24578,10,0
24579,10,40000
24580,10,5000
24581,10,20000
24582,10,0
24583,10,40000
24584,10,5000
24585,10,10000
24586,10,50000
24587,10,10000
24588,10,10000
24589,10,30000
24590,10,0
24591,10,10000
24592,10,50000
24593,10,0
24594,10,20000
24595,10,30000
24596,10,0
24597,10,0
24598,10,50000
24599,10,0
24600,10,30000
24601,10,0
24602,10,0
24603,10,40000
24604,10,10000
24605,10,30000
24606,10,5000
24607,10,5000
24608,10,10000
24609,10,0
24610,10,0
24611,10,10000
24612,10,20000
24613,10,30000
24614,10,30000
24615,10,30000
24616,10,40000
24617,10,30000
24618,10,50000
24619,10,30000
24620,10,30000
24621,10,40000
24622,10,40000
24623,10,40000
24624,10,0
24625,10,5000
24626,10,5000
24627,10,20000
24628,10,10000
24629,10,0
24630,10,0
24631,10,0
24632,10,50000
24633,10,30000
24634,10,20000
24635,10,50000
24636,10,10000
24637,10,50000
24638,10,10000
24639,10,30000
24640,10,0
24641,10,5000
24642,10,10000
24643,10,40000
24644,10,0
24645,10,0
24646,10,0
24647,10,0
24648,10,40000
24649,10,0
24650,10,40000
24651,10,30000
24652,10,0
24653,10,5000
24654,10,40000
24655,10,50000
24656,10,10
24657,10,50000
24658,10,5000
24659,10,30000
24660,10,40000
24661,10,40000
24662,10,40000
24663,10,10000
24664,10,30000
24665,10,0
24666,10,0
24667,10,0
24668,10,0
24669,10,50000
24670,10,20000
24671,10,40000
24672,10,50000
24673,10,20000
24674,10,0
24675,10,0
24676,10,20000
24677,10,10
24678,10,10000
24679,10,20000
24680,10,20000
24681,10,40000
24682,10,30000
24683,10,50000
24684,10,10000
24685,10,20000
24686,10,30000
24687,10,10000
24688,10,10000
24689,10,30000
24690,10,0
24691,10,0
24692,10,0
24693,10,5000
24694,10,0
24695,10,5000
24696,10,5000
24697,10,30000
24698,10,5000
24699,10,40000
24700,10,20000
24701,10,50000
24702,10,20000
24703,10,30000
24704,10,50000
24705,10,50000
24706,10,30000
24707,10,0
24708,10,20000
24709,10,50000
24710,10,50000
24711,10,5000
24712,10,0
24713,10,50000
24714,10,50000
24715,10,0
24716,10,0
24717,10,30000
24718,10,30000
24719,10,50000
24720,10,20000
24721,10,30000
24722,10,40000
24723,10,10000
24724,10,20000
24725,10,50000
24726,10,5000
24727,10,30000
24728,10,0
24729,10,30000
24730,10,50000
24731,10,10000
24732,10,50000
24733,10,20000
24734,10,20000
24735,10,50000
24736,10,0
24737,10,50000
24738,10,30000
24739,10,20000
24740,10,0
24741,10,20000
24742,10,10000
24743,10,0
24744,10,30000
24745,10,30000
24746,10,10000
24747,10,0
24748,10,30000
24749,10,40000
24750,10,0
24751,10,40000
24752,10,30000
24753,10,20000
24754,10,30000
24755,10,20000
24756,10,40000
24757,10,10000
24758,10,20000
24759,10,50000
24760,10,5000
24761,10,0
24762,10,50000
24763,10,20000
24764,10,0
24765,10,20000
24766,10,30000
24767,10,30000
24768,10,20000
24769,10,30000
24770,10,0
24771,10,50000
24772,10,0
24773,10,30000
24774,10,50000
24775,10,0
24776,10,0
24777,10,20000
24778,10,50000
24779,10,20000
24780,10,20000
24781,10,50000
24782,10,0
24783,10,20000
24784,10,0
24785,10,50000
24786,10,0
24787,10,30000
24788,10,30000
24789,10,20000
24790,10,30000
24791,10,40000
24792,10,10000
24793,10,10000
24794,10,20000
24795,10,30000
24796,10,0
24797,10,20000
24798,10,5000
24799,10,50000
24800,10,30000
24801,10,20000
24802,10,30000
24803,10,30000
24804,10,0
24805,10,50000
24806,10,5000
24807,10,30000
24808,10,30000
24809,10,0
24810,10,0
24811,10,0
24812,10,50000
24813,10,5000
24814,10,0
24815,10,0
24816,10,10000
24817,10,0
24818,10,30000
24819,10,40000
24820,10,0
24821,10,30000
24822,10,0
24823,10,20000
24824,10,0
24825,10,50000
24826,10,10000
24827,10,40000
24828,10,30000
24829,10,10000
24830,10,10000
24831,10,0
24832,10,20000
24833,10,0
24834,10,0
24835,10,0
24836,10,5000
24837,10,20000
24838,10,20000
24839,10,30000
24840,10,20000
24841,10,5000
24842,10,30000
24843,10,10000
24844,10,10000
24845,10,40000
24846,10,0
24847,10,20000
24848,10,20000
24849,10,20000
24850,10,10000
24851,10,0
24852,10,0
24853,10,30000
24854,10,10000
24855,10,40000
24856,10,0
24857,10,5000
24858,10,30000
24859,10,0
24860,10,50000
24861,10,5000
24862,10,40000
24863,10,0
24864,10,30000
24865,10,0
24866,10,50000
24867,10,5000
24868,10,40000
24869,10,0
24870,10,5000
24871,10,5000
24872,10,0
24873,10,30000
24874,10,30000
24875,10,0
24876,10,5000
24877,10,10000
24878,10,0
24879,10,0
24880,10,5000
24881,10,20000
24882,10,5000
24883,10,40000
24884,10,0
24885,10,20000
24886,10,5000
24887,10,0
24888,10,20000
24889,10,30000
24890,10,40000
24891,10,5000
24892,10,30000
24893,10,30000
24894,10,0
24895,10,50000
24896,10,0
24897,10,0
24898,10,30000
24899,10,40000
24900,10,30000
24901,10,40000
24902,10,5000
24903,10,0
24904,10,5000
24905,10,30000
24906,10,0
24907,10,20000
24908,10,40000
24909,10,0
24910,10,0
24911,10,40000
24912,10,30000
24913,10,40000
24914,10,10000
24915,10,30000
24916,10,0
24917,10,0
24918,10,5000
24919,10,0
24920,10,5000
24921,10,50000
24922,10,0
24923,10,5000
24924,10,5000
24925,10,10000
24926,10,50000
24927,10,40000
24928,10,40000
24929,10,10
24930,10,10000
24931,10,40000
24932,10,30000
24933,10,20000
24934,10,0
24935,10,40000
24936,10,5000
24937,10,30000
24938,10,30000
24939,10,50000
24940,10,50000
24941,10,0
24942,10,0
24943,10,0
24944,10,0
24945,10,50000
24946,10,0
24947,10,10000
24948,10,0
24949,10,0
24950,10,30000
24951,10,10000
24952,10,30000
24953,10,20000
24954,10,0
24955,10,0
24956,10,50000
24957,10,10000
24958,10,40000
24959,10,50000
24960,10,0
24961,10,30000
24962,10,10000
24963,10,20000
24964,10,40000
24965,10,0
24966,10,10000
24967,10,5000
24968,10,0
24969,10,20000
24970,10,0
24971,10,0
24972,10,20000
24973,10,50000
24974,10,50000
24975,10,0
24976,10,0
24977,10,30000
24978,10,50000
24979,10,10000
24980,10,50000
24981,10,0
24982,10,0
24983,10,0
24984,10,10000
24985,10,30000
24986,10,10000
24987,10,0
24988,10,30000
24989,10,30000
24990,10,20000
24991,10,50000
24992,10,50000
24993,10,0
24994,10,40000
24995,10,30000
24996,10,10000
24997,10,30000
24998,10,0
24999,10,50000
25000,10,5000
25001,10,30000
25002,10,30000
25003,10,30000
25004,10,0
25005,10,30000
25006,10,30000
25007,10,0
25008,10,30000
25009,10,30000
25010,10,5000
25011,10,0
25012,10,5000
25013,10,30000
25014,10,40000
25015,10,30000
25016,10,50000
25017,10,50000
25018,10,10000
25019,10,30000
25020,10,0
25021,10,20000
25022,10,30000
25023,10,20000
25024,10,0
25025,10,30000
25026,10,10000
25027,10,10000
25028,10,20000
25029,10,20000
25030,10,20000
25031,10,10000
25032,10,40000
25033,10,0
25034,10,30000
25035,10,0
25036,10,30000
25037,10,50000
25038,10,30000
25039,10,10000
25040,10,0
25041,10,5000
25042,10,50000
25043,10,0
25044,10,30000
25045,10,0
25046,10,5000
25047,10,0
25048,10,20000
25049,10,30000
25050,10,10000
25051,10,5000
25052,10,0
25053,10,20000
25054,10,5000
25055,10,5000
25056,10,50000
25057,10,40000
25058,10,40000
25059,10,0
25060,10,30000
25061,10,10000
25062,10,10000
25063,10,30000
25064,10,5000
25065,10,50000
25066,10,10000
25067,10,0
25068,10,30000
25069,10,20000
25070,10,0
25071,10,20000
25072,10,5000
25073,10,30000
25074,10,5000
25075,10,30000
25076,10,20000
25077,10,20000
25078,10,40000
25079,10,30000
25080,10,10000
25081,10,30000
25082,10,0
25083,10,0
25084,10,0
25085,10,50000
25086,10,0
25087,10,50000
25088,10,0
25089,10,0
25090,10,30000
25091,10,20000
25092,10,40000
25093,10,5000
25094,10,50000
25095,10,20000
25096,10,30000
25097,10,5000
25098,10,20000
25099,10,40000
25100,10,50000
25101,10,50000
25102,10,10000
25103,10,0
25104,10,50000
25105,10,5000
25106,10,40000
25107,10,10000
25108,10,5000
25109,10,30000
25110,10,0
25111,10,5000
25112,10,40000
25113,10,20000
25114,10,30000
25115,10,5000
25116,10,40000
25117,10,20000
25118,10,0
25119,10,20000
25120,10,50000
25121,10,20000
25122,10,5000
25123,10,40000
25124,10,30000
25125,10,0
25126,10,50000
25127,10,5000
25128,10,40000
25129,10,50000
25130,10,50000
25131,10,5000
25132,10,30000
25133,10,50000
25134,10,0
25135,10,30000
25136,10,20000
25137,10,0
25138,10,10000
25139,10,50000
25140,10,40000
25141,10,50000
25142,10,40000
25143,10,50000
25144,10,50000
25145,10,20000
25146,10,30000
25147,10,30000
25148,10,0
25149,10,30000
25150,10,30000
25151,10,50000
25152,10,50000
25153,10,20000
25154,10,40000
25155,10,40000
25156,10,0
25157,10,50000
25158,10,30000
25159,10,30000
25160,10,20000
25161,10,10000
25162,10,10000
25163,10,50000
25164,10,0
25165,10,0
25166,10,5000
25167,10,30000
25168,10,10000
25169,10,30000
25170,10,10000
25171,10,10000
25172,10,10000
25173,10,10000
25174,10,5000
25175,10,5000
25176,10,20000
25177,10,10000
25178,10,5000
25179,10,0
25180,10,0
25181,10,50000
25182,10,50000
25183,10,50000
25184,10,10000
25185,10,40000
25186,10,20000
25187,10,5000
25188,10,0
25189,10,20000
25190,10,20000
25191,10,30000
25192,10,10000
25193,10,10
25194,10,30000
25195,10,30000
25196,10,50000
25197,10,50000
25198,10,40000
25199,10,20000
25200,10,20000
25201,10,10000
25202,10,0
25203,10,50000
25204,10,50000
25205,10,0
25206,10,0
25207,10,20000
25208,10,20000
25209,10,5000
25210,10,20000
25211,10,0
25212,10,50000
25213,10,50000
25214,10,20000
25215,10,40000
25216,10,0
25217,10,20000
25218,10,0
25219,10,30000
25220,10,0
25221,10,10000
25222,10,0
25223,10,5000
25224,10,30000
25225,10,0
25226,10,0
25227,10,50000
25228,10,50000
25229,10,10000
25230,10,0
25231,10,40000
25232,10,5000
25233,10,0
25234,10,0
25235,10,0
25236,10,0
25237,10,0
25238,10,0
25239,10,5000
25240,10,30000
25241,10,40000
25242,10,0
25243,10,50000
25244,10,0
25245,10,30000
25246,10,0
25247,10,40000
25248,10,30000
25249,10,0
25250,10,0
25251,10,5000
25252,10,20000
25253,10,40000
25254,10,0
25255,10,10000
25256,10,30000
25257,10,50000
25258,10,20000
25259,10,5000
25260,10,40000
25261,10,10000
25262,10,0
25263,10,10000
25264,10,5000
25265,10,20000
25266,10,0
25267,10,0
25268,10,0
25269,10,20000
25270,10,0
25271,10,20000
25272,10,30000
25273,10,5000
25274,10,0
25275,10,20000
25276,10,0
25277,10,30000
25278,10,0
25279,10,30000
25280,10,0
25281,10,0
25282,10,0
25283,10,30000
25284,10,30000
25285,10,20000
25286,10,0
25287,10,0
25288,10,5000
25289,10,5000
25290,10,5000
25291,10,20000
25292,10,40000
25293,10,10000
25294,10,30000
25295,10,10000
25296,10,0
25297,10,40000
25298,10,0
25299,10,0
25300,10,50000
25301,10,0
25302,10,40000
25303,10,0
25304,10,0
25305,10,0
25306,10,20000
25307,10,40000
25308,10,20000
25309,10,10000
25310,10,5000
25311,10,5000
25312,10,20000
25313,10,0
25314,10,10000
25315,10,50000
25316,10,20000
25317,10,50000
25318,10,30000
25319,10,40000
25320,10,50000
25321,10,30000
25322,10,50000
25323,10,50000
25324,10,20000
25325,10,0
25326,10,0
25327,10,10000
25328,10,50000
25329,10,50000
25330,10,10000
25331,10,40000
25332,10,30000
25333,10,0
25334,10,50000
25335,10,0
25336,10,5000
25337,10,0
25338,10,30000
25339,10,0
25340,10,0
25341,10,40000
25342,10,30000
25343,10,10000
25344,10,20000
25345,10,0
25346,10,0
25347,10,0
25348,10,20000
25349,10,30000
25350,10,30000
25351,10,30000
25352,10,40000
25353,10,0
25354,10,30000
25355,10,20000
25356,10,20000
25357,10,30000
25358,10,40000
25359,10,30000
25360,10,40000
25361,10,0
25362,10,40000
25363,10,30000
25364,10,0
25365,10,0
25366,10,20000
25367,10,20000
25368,10,30000
25369,10,50000
25370,10,0
25371,10,20000
25372,10,10000
25373,10,50000
25374,10,0
25375,10,40000
25376,10,0
25377,10,50000
25378,10,20000
25379,10,0
25380,10,40000
25381,10,50000
25382,10,30000
25383,10,20000
25384,10,40000
25385,10,0
25386,10,0
25387,10,40000
25388,10,50000
25389,10,40000
25390,10,50000
25391,10,30000
25392,10,50000
25393,10,50000
25394,10,40000
25395,10,10000
25396,10,40000
25397,10,50000
25398,10,50000
25399,10,20000
25400,10,5000
25401,10,0
25402,10,0
25403,10,30000
25404,10,10000
25405,10,20000
25406,10,50000
25407,10,30000
25408,10,0
25409,10,30000
25410,10,0
25411,10,40000
25412,10,5000
25413,10,0
25414,10,0
25415,10,10
25416,10,20000
25417,10,50000
25418,10,0
25419,10,30000
25420,10,40000
25421,10,5000
25422,10,0
25423,10,20000
25424,10,0
25425,10,30000
25426,10,0
25427,10,20000
25428,10,10000
25429,10,40000
25430,10,50000
25431,10,0
25432,10,30000
25433,10,0
25434,10,10000
25435,10,0
25436,10,0
25437,10,50000
25438,10,5000
25439,10,10000
25440,10,10
25441,10,0
25442,10,50000
25443,10,50000
25444,10,0
25445,10,50000
25446,10,0
25447,10,30000
25448,10,40000
25449,10,20000
25450,10,0
25451,10,50000
25452,10,0
25453,10,0
25454,10,5000
25455,10,0
25456,10,30000
25457,10,0
25458,10,50000
25459,10,30000
25460,10,0
25461,10,40000
25462,10,0
25463,10,40000
25464,10,50000
25465,10,0
25466,10,30000
25467,10,0
25468,10,30000
25469,10,0
25470,10,0
25471,10,20000
25472,10,30000
25473,10,0
25474,10,0
25475,10,30000
25476,10,40000
25477,10,20000
25478,10,50000
25479,10,0
25480,10,5000
25481,10,0
25482,10,5000
25483,10,0
25484,10,0
25485,10,10000
25486,10,5000
25487,10,40000
25488,10,5000
25489,10,10000
25490,10,0
25491,10,0
25492,10,20000
25493,10,10
25494,10,20000
25495,10,0
25496,10,0
25497,10,50000
25498,10,20000
25499,10,50000
25500,10,20000
25501,10,40000
25502,10,0
25503,10,30000
25504,10,20000
25505,10,20000
25506,10,20000
25507,10,30000
25508,10,30000
25509,10,10000
25510,10,20000
25511,10,50000
25512,10,5000
25513,10,10000
25514,10,0
25515,10,5000
25516,10,30000
25517,10,20000
25518,10,5000
25519,10,0
25520,10,5000
25521,10,0
25522,10,5000
25523,10,20000
25524,10,0
25525,10,0
25526,10,40000
25527,10,20000
25528,10,5000
25529,10,50000
25530,10,0
25531,10,10000
25532,10,5000
25533,10,20000
25534,10,30000
25535,10,30000
25536,10,0
25537,10,0
25538,10,10000
25539,10,30000
25540,10,40000
25541,10,10000
25542,10,20000
25543,10,20000
25544,10,40000
25545,10,10000
25546,10,30000
25547,10,0
25548,10,40000
25549,10,20000
25550,10,0
25551,10,40000
25552,10,50000
25553,10,20000
25554,10,0
25555,10,20000
25556,10,0
25557,10,10000
25558,10,50000
25559,10,50000
25560,10,0
25561,10,10000
25562,10,0
25563,10,10000
25564,10,40000
25565,10,40000
25566,10,10000
25567,10,0
25568,10,0
25569,10,0
25570,10,5000
25571,10,10000
25572,10,0
25573,10,0
25574,10,0
25575,10,5000
25576,10,5000
25577,10,10000
25578,10,20000
25579,10,30000
25580,10,5000
25581,10,30000
25582,10,20000
25583,10,20000
25584,10,0
25585,10,50000
25586,10,40000
25587,10,40000
25588,10,50000
25589,10,0
25590,10,10000
25591,10,50000
25592,10,10000
25593,10,50000
25594,10,10000
25595,10,50000
25596,10,5000
25597,10,5000
25598,10,0
25599,10,5000
25600,10,10000
25601,10,0
25602,10,0
25603,10,30000
25604,10,50000
25605,10,0
25606,10,10000
25607,10,0
25608,10,30000
25609,10,30000
25610,10,0
25611,10,20000
25612,10,30000
25613,10,0
25614,10,50000
25615,10,20000
25616,10,30000
25617,10,0
25618,10,5000
25619,10,5000
25620,10,0
25621,10,30000
25622,10,0
25623,10,20000
25624,10,20000
25625,10,30000
25626,10,20000
25627,10,20000
25628,10,10000
25629,10,40000
25630,10,50000
25631,10,30000
25632,10,40000
25633,10,5000
25634,10,30000
25635,10,10000
25636,10,50000
25637,10,10
25638,10,50000
25639,10,0
25640,10,0
25641,10,5000
25642,10,0
25643,10,30000
25644,10,20000
25645,10,50000
25646,10,50000
25647,10,0
25648,10,40000
25649,10,0
25650,10,0
25651,10,50000
25652,10,0
25653,10,10000
25654,10,0
25655,10,30000
25656,10,0
25657,10,20000
25658,10,40000
25659,10,20000
25660,10,30000
25661,10,50000
25662,10,30000
25663,10,0
25664,10,0
25665,10,0
25666,10,0
25667,10,0
25668,10,5000
25669,10,20000
25670,10,10000
25671,10,10000
25672,10,30000
25673,10,0
25674,10,10000
25675,10,40000
25676,10,0
25677,10,0
25678,10,50000
25679,10,30000
25680,10,40000
25681,10,50000
25682,10,40000
25683,10,0
25684,10,0
25685,10,30000
25686,10,30000
25687,10,0
25688,10,50000
25689,10,40000
25690,10,50000
25691,10,0
25692,10,5000
25693,10,40000
25694,10,0
25695,10,20000
25696,10,0
25697,10,0
25698,10,20000
25699,10,10000
25700,10,40000
25701,10,30000
25702,10,20000
25703,10,10000
25704,10,0
25705,10,40000
25706,10,20000
25707,10,5000
25708,10,0
25709,10,40000
25710,10,0
25711,10,0
25712,10,5000
25713,10,30000
25714,10,5000
25715,10,0
25716,10,50000
25717,10,0
25718,10,0
25719,10,20000
25720,10,30000
25721,10,50000
25722,10,0
25723,10,0
25724,10,10000
25725,10,50000
25726,10,20000
25727,10,50000
25728,10,30000
25729,10,30000
25730,10,5000
25731,10,0
25732,10,50000
25733,10,20000
25734,10,50000
25735,10,30000
25736,10,50000
25737,10,30000
25738,10,0
25739,10,0
25740,10,30000
25741,10,0
25742,10,0
25743,10,50000
25744,10,0
25745,10,40000
25746,10,50000
25747,10,0
25748,10,20000
25749,10,0
25750,10,0
25751,10,20000
25752,10,30000
25753,10,50000
25754,10,20000
25755,10,0
25756,10,20000
25757,10,0
25758,10,20000
25759,10,0
25760,10,20000
25761,10,20000
25762,10,20000
25763,10,50000
25764,10,10000
25765,10,30000
25766,10,50000
25767,10,30000
25768,10,0
25769,10,0
25770,10,20000
25771,10,20000
25772,10,10000
25773,10,40000
25774,10,0
25775,10,40000
25776,10,30000
25777,10,50000
25778,10,0
25779,10,5000
25780,10,0
25781,10,0
25782,10,30000
25783,10,5000
25784,10,20000
25785,10,0
25786,10,0
25787,10,30000
25788,10,0
25789,10,20000
25790,10,40000
25791,10,5000
25792,10,0
25793,10,20000
25794,10,5000
25795,10,5000
25796,10,20000
25797,10,50000
25798,10,5000
25799,10,0
25800,10,50000
25801,10,5000
25802,10,50000
25803,10,50000
25804,10,10000
25805,10,5000
25806,10,40000
25807,10,20000
25808,10,30000
25809,10,20000
25810,10,20000
25811,10,10000
25812,10,0
25813,10,0
25814,10,30000
25815,10,10000
25816,10,10000
25817,10,10000
25818,10,30000
25819,10,0
25820,10,30000
25821,10,20000
25822,10,0
25823,10,0
25824,10,0
25825,10,5000
25826,10,20000
25827,10,30000
25828,10,0
25829,10,0
25830,10,10000
25831,10,10000
25832,10,0
25833,10,40000
25834,10,0
25835,10,50000
25836,10,20000
25837,10,0
25838,10,10000
25839,10,0
25840,10,0
25841,10,20000
25842,10,0
25843,10,10000
25844,10,50000
25845,10,30000
25846,10,20000
25847,10,5000
25848,10,30000
25849,10,30000
25850,10,0
25851,10,0
25852,10,5000
25853,10,0
25854,10,40000
25855,10,50000
25856,10,10000
25857,10,50000
25858,10,50000
25859,10,0
25860,10,20000
25861,10,40000
25862,10,0
25863,10,5000
25864,10,20000
25865,10,5000
25866,10,0
25867,10,0
25868,10,0
25869,10,20000
25870,10,50000
25871,10,20000
25872,10,5000
25873,10,20000
25874,10,40000
25875,10,30000
25876,10,40000
25877,10,0
25878,10,0
25879,10,50000
25880,10,0
25881,10,20000
25882,10,50000
25883,10,30000
25884,10,0
25885,10,30000
25886,10,5000
25887,10,5000
25888,10,30000
25889,10,5000
25890,10,5000
25891,10,40000
25892,10,50000
25893,10,20000
25894,10,20000
25895,10,20000
25896,10,0
25897,10,20000
25898,10,10000
25899,10,50000
25900,10,50000
25901,10,20000
25902,10,0
25903,10,30000
25904,10,40000
25905,10,50000
25906,10,30000
25907,10,5000
25908,10,0
25909,10,0
25910,10,30000
25911,10,40000
25912,10,0
25913,10,0
25914,10,0
25915,10,50000
25916,10,30000
25917,10,0
25918,10,20000
25919,10,10000
25920,10,50000
25921,10,10000
25922,10,40000
25923,10,5000
25924,10,20000
25925,10,0
25926,10,50000
25927,10,50000
25928,10,20000
25929,10,0
25930,10,30000
25931,10,30000
25932,10,0
25933,10,0
25934,10,0
25935,10,0
25936,10,0
25937,10,30000
25938,10,10000
25939,10,0
25940,10,50000
25941,10,0
25942,10,10000
25943,10,50000
25944,10,5000
25945,10,40000
25946,10,30000
25947,10,40000
25948,10,0
25949,10,5000
25950,10,30000
25951,10,40000
25952,10,30000
25953,10,20000
25954,10,0
25955,10,30000
25956,10,50000
25957,10,5000
25958,10,0
25959,10,20000
25960,10,5000
25961,10,20000
25962,10,50000
25963,10,20000
25964,10,5000
25965,10,20000
25966,10,0
25967,10,30000
25968,10,10
25969,10,5000
25970,10,10000
25971,10,5000
25972,10,0
25973,10,0
25974,10,50000
25975,10,5000
25976,10,20000
25977,10,10000
25978,10,50000
25979,10,10000
25980,10,50000
25981,10,0
25982,10,0
25983,10,30000
25984,10,5000
25985,10,0
25986,10,30000
25987,10,20000
25988,10,30000
25989,10,30000
25990,10,0
25991,10,50000
25992,10,50000
25993,10,30000
25994,10,50000
25995,10,10
25996,10,20000
25997,10,20000
25998,10,5000
25999,10,0
26000,10,20000
26001,10,10000
26002,10,0
26003,10,20000
26004,10,30000
26005,10,10000
26006,10,20000
26007,10,10000
26008,10,0
26009,10,5000
26010,10,5000
26011,10,30000
26012,10,40000
26013,10,20000
26014,10,40000
26015,10,5000
26016,10,5000
26017,10,5000
26018,10,0
26019,10,20000
26020,10,5000
26021,10,0
26022,10,0
26023,10,40000
26024,10,30000
26025,10,50000
26026,10,20000
26027,10,0
26028,10,0
26029,10,0
26030,10,50000
26031,10,20000
26032,10,0
26033,10,10000
26034,10,0
26035,10,5000
26036,10,0
26037,10,0
26038,10,0
26039,10,0
26040,10,20000
26041,10,50000
26042,10,30000
26043,10,50000
26044,10,50000
26045,10,50000
26046,10,0
26047,10,30000
26048,10,20000
26049,10,0
26050,10,40000
26051,10,50000
26052,10,0
26053,10,0
26054,10,0
26055,10,0
26056,10,0
26057,10,50000
26058,10,0
26059,10,0
26060,10,40000
26061,10,5000
26062,10,50000
26063,10,0
26064,10,20000
26065,10,40000
26066,10,0
26067,10,50000
26068,10,0
26069,10,20000
26070,10,20000
26071,10,0
26072,10,20000
26073,10,20000
26074,10,40000
26075,10,0
26076,10,40000
26077,10,50000
26078,10,0
26079,10,0
26080,10,30000
26081,10,0
26082,10,10000
26083,10,5000
26084,10,30000
26085,10,30000
26086,10,20000
26087,10,10000
26088,10,40000
26089,10,5000
26090,10,40000
26091,10,20000
26092,10,5000
26093,10,40000
26094,10,20000
26095,10,20000
26096,10,50000
26097,10,5000
26098,10,30000
26099,10,0
26100,10,10000
26101,10,0
26102,10,20000
26103,10,30000
26104,10,10000
26105,10,0
26106,10,30000
26107,10,0
26108,10,50000
26109,10,40000
26110,10,20000
26111,10,40000
26112,10,30000
26113,10,20000
26114,10,10000
26115,10,20000
26116,10,20000
26117,10,0
26118,10,0
26119,10,10000
26120,10,30000
26121,10,0
26122,10,20000
26123,10,20000
26124,10,50000
26125,10,50000
26126,10,0
26127,10,10000
26128,10,0
26129,10,20000
26130,10,30000
26131,10,20000
26132,10,30000
26133,10,20000
26134,10,0
26135,10,0
26136,10,30000
26137,10,50000
26138,10,30000
26139,10,20000
26140,10,30000
26141,10,30000
26142,10,10000
26143,10,10
26144,10,30000
26145,10,30000
26146,10,30000
26147,10,30000
26148,10,0
26149,10,0
26150,10,30000
26151,10,10000
26152,10,40000
26153,10,10000
26154,10,10000
26155,10,30000
26156,10,50000
26157,10,0
26158,10,10000
26159,10,40000
26160,10,30000
26161,10,30000
26162,10,5000
26163,10,30000
26164,10,10000
26165,10,20000
26166,10,20000
26167,10,0
26168,10,40000
26169,10,20000
26170,10,0
26171,10,0
26172,10,20000
26173,10,30000
26174,10,40000
26175,10,20000
26176,10,0
26177,10,50000
26178,10,20000
26179,10,0
26180,10,50000
26181,10,40000
26182,10,0
26183,10,40000
26184,10,20000
26185,10,0
26186,10,0
26187,10,0
26188,10,40000
26189,10,30000
26190,10,0
26191,10,0
26192,10,50000
26193,10,50000
26194,10,30000
26195,10,30000
26196,10,40000
26197,10,0
26198,10,50000
26199,10,40000
26200,10,30000
26201,10,0
26202,10,10000
26203,10,10000
26204,10,10000
26205,10,40000
26206,10,0
26207,10,10000
26208,10,30000
26209,10,20000
26210,10,20000
26211,10,0
26212,10,0
26213,10,40000
26214,10,50000
26215,10,20000
26216,10,0
26217,10,40000
26218,10,0
26219,10,20000
26220,10,20000
26221,10,20000
26222,10,50000
26223,10,0
26224,10,0
26225,10,50000
26226,10,20000
26227,10,20000
26228,10,0
26229,10,0
26230,10,0
26231,10,0
26232,10,0
26233,10,10
26234,10,50000
26235,10,5000
26236,10,10000
26237,10,0
26238,10,20000
26239,10,20000
26240,10,30000
26241,10,50000
26242,10,10000
26243,10,50000
26244,10,50000
26245,10,10000
26246,10,5000
26247,10,5000
26248,10,30000
26249,10,0
26250,10,30000
26251,10,30000
26252,10,20000
26253,10,0
26254,10,0
26255,10,0
26256,10,0
26257,10,0
26258,10,30000
26259,10,20000
26260,10,40000
26261,10,0
26262,10,5000
26263,10,5000
26264,10,0
26265,10,10000
26266,10,0
26267,10,0
26268,10,40000
26269,10,0
26270,10,0
26271,10,50000
26272,10,30000
26273,10,0
26274,10,0
26275,10,0
26276,10,0
26277,10,10000
26278,10,50000
26279,10,0
26280,10,50000
26281,10,30000
26282,10,20000
26283,10,50000
26284,10,0
26285,10,0
26286,10,0
26287,10,30000
26288,10,5000
26289,10,50000
26290,10,30000
26291,10,20000
26292,10,0
26293,10,30000
26294,10,30000
26295,10,5000
26296,10,0
26297,10,0
26298,10,30000
26299,10,10000
26300,10,5000
26301,10,50000
26302,10,0
26303,10,20000
26304,10,40000
26305,10,0
26306,10,0
26307,10,0
26308,10,30000
26309,10,30000
26310,10,40000
26311,10,0
26312,10,0
26313,10,0
26314,10,5000
26315,10,20000
26316,10,20000
26317,10,10000
26318,10,30000
26319,10,30000
26320,10,40000
26321,10,0
26322,10,20000
26323,10,20000
26324,10,0
26325,10,0
26326,10,50000
26327,10,50000
26328,10,10000
26329,10,0
26330,10,20000
26331,10,40000
26332,10,0
26333,10,0
26334,10,50000
26335,10,30000
26336,10,5000
26337,10,40000
26338,10,0
26339,10,0
26340,10,30000
26341,10,0
26342,10,0
26343,10,10000
26344,10,0
26345,10,20000
26346,10,40000
26347,10,40000
26348,10,40000
26349,10,50000
26350,10,50000
26351,10,0
26352,10,20000
26353,10,5000
26354,10,0
26355,10,30000
26356,10,20000
26357,10,40000
26358,10,30000
26359,10,5000
26360,10,10000
26361,10,20000
26362,10,20000
26363,10,0
26364,10,50000
26365,10,0
26366,10,50000
26367,10,40000
26368,10,50000
26369,10,10000
26370,10,10000
26371,10,50000
26372,10,0
26373,10,30000
26374,10,0
26375,10,0
26376,10,5000
26377,10,30000
26378,10,0
26379,10,50000
26380,10,0
26381,10,20000
26382,10,0
26383,10,40000
26384,10,0
26385,10,0
26386,10,50000
26387,10,40000
26388,10,0
26389,10,50000
26390,10,5000
26391,10,20000
26392,10,40000
26393,10,50000
26394,10,40000
26395,10,30000
26396,10,0
26397,10,10000
26398,10,40000
26399,10,40000
26400,10,10000
26401,10,50000
26402,10,10000
26403,10,30000
26404,10,30000
26405,10,0
26406,10,30000
26407,10,50000
26408,10,0
26409,10,30000
26410,10,0
26411,10,0
26412,10,50000
26413,10,10000
26414,10,5000
26415,10,0
26416,10,30000
26417,10,0
26418,10,0
26419,10,0
26420,10,30000
26421,10,0
26422,10,5000
26423,10,0
26424,10,40000
26425,10,40000
26426,10,5000
26427,10,30000
26428,10,20000
26429,10,0
26430,10,0
26431,10,0
26432,10,20000
26433,10,40000
26434,10,50000
26435,10,50000
26436,10,0
26437,10,30000
26438,10,50000
26439,10,5000
26440,10,10000
26441,10,5000
26442,10,20000
26443,10,0
26444,10,30000
26445,10,10
26446,10,20000
26447,10,0
26448,10,50000
26449,10,40000
26450,10,40000
26451,10,30000
26452,10,0
26453,10,0
26454,10,5000
26455,10,0
26456,10,0
26457,10,5000
26458,10,30000
26459,10,30000
26460,10,40000
26461,10,30000
26462,10,5000
26463,10,30000
26464,10,10000
26465,10,30000
26466,10,0
26467,10,0
26468,10,30000
26469,10,50000
26470,10,20000
26471,10,5000
26472,10,0
26473,10,0
26474,10,30000
26475,10,30000
26476,10,5000
26477,10,30000
26478,10,0
26479,10,10000
26480,10,20000
26481,10,30000
26482,10,40000
26483,10,40000
26484,10,30000
26485,10,0
26486,10,30000
26487,10,0
26488,10,30000
26489,10,10000
26490,10,0
26491,10,5000
26492,10,0
26493,10,40000
26494,10,20000
26495,10,40000
26496,10,5000
26497,10,0
26498,10,50000
26499,10,10000
26500,10,0
26501,10,40000
26502,10,0
26503,10,10000
26504,10,0
26505,10,0
26506,10,10000
26507,10,30000
26508,10,30000
26509,10,0
26510,10,20000
26511,10,40000
26512,10,0
26513,10,0
26514,10,0
26515,10,0
26516,10,20000
26517,10,0
26518,10,0
26519,10,30000
26520,10,0
26521,10,0
26522,10,10000
26523,10,0
26524,10,20000
26525,10,30000
26526,10,20000
26527,10,0
26528,10,50000
26529,10,0
26530,10,40000
26531,10,0
26532,10,5000
26533,10,30000
26534,10,30000
26535,10,20000
26536,10,20000
26537,10,50000
26538,10,40000
26539,10,0
26540,10,10000
26541,10,30000
26542,10,0
26543,10,5000
26544,10,0
26545,10,30000
26546,10,0
26547,10,50000
26548,10,40000
26549,10,10000
26550,10,5000
26551,10,30000
26552,10,30000
26553,10,40000
26554,10,20000
26555,10,40000
26556,10,10000
26557,10,30000
26558,10,20000
26559,10,20000
26560,10,0
26561,10,10000
26562,10,20000
26563,10,10000
26564,10,50000
26565,10,30000
26566,10,0
26567,10,50000
26568,10,40000
26569,10,30000
26570,10,50000
26571,10,50000
26572,10,5000
26573,10,40000
26574,10,0
26575,10,0
26576,10,0
26577,10,20000
26578,10,20000
26579,10,50000
26580,10,40000
26581,10,0
26582,10,40000
26583,10,20000
26584,10,20000
26585,10,5000
26586,10,5000
26587,10,5000
26588,10,20000
26589,10,30000
26590,10,50000
26591,10,0
26592,10,0
26593,10,30000
26594,10,40000
26595,10,5000
26596,10,10000
26597,10,30000
26598,10,0
26599,10,5000
26600,10,0
26601,10,20000
26602,10,30000
26603,10,30000
26604,10,0
26605,10,0
26606,10,5000
26607,10,10000
26608,10,40000
26609,10,0
26610,10,20000
26611,10,10000
26612,10,40000
26613,10,30000
26614,10,0
26615,10,5000
26616,10,40000
26617,10,20000
26618,10,50000
26619,10,30000
26620,10,0
26621,10,0
26622,10,40000
26623,10,0
26624,10,10000
26625,10,5000
26626,10,20000
26627,10,0
26628,10,20000
26629,10,10000
26630,10,0
26631,10,50000
26632,10,30000
26633,10,0
26634,10,20000
26635,10,30000
26636,10,30000
26637,10,5000
26638,10,0
26639,10,50000
26640,10,0
26641,10,40000
26642,10,20000
26643,10,40000
26644,10,5000
26645,10,0
26646,10,5000
26647,10,5000
26648,10,0
26649,10,5000
26650,10,30000
26651,10,40000
26652,10,10000
26653,10,30000
26654,10,20000
26655,10,0
26656,10,40000
26657,10,40000
26658,10,5000
26659,10,50000
26660,10,0
26661,10,40000
26662,10,30000
26663,10,0
26664,10,50000
26665,10,30000
26666,10,5000
26667,10,40000
26668,10,20000
26669,10,30000
26670,10,30000
26671,10,10000
26672,10,20000
26673,10,30000
26674,10,10000
26675,10,0
26676,10,40000
26677,10,0
26678,10,0
26679,10,20000
26680,10,0
26681,10,0
26682,10,0
26683,10,40000
26684,10,5000
26685,10,0
26686,10,40000
26687,10,0
26688,10,30000
26689,10,0
26690,10,0
26691,10,5000
26692,10,0
26693,10,20000
26694,10,50000
26695,10,0
26696,10,50000
26697,10,30000
26698,10,0
26699,10,0
26700,10,40000
26701,10,5000
26702,10,40000
26703,10,20000
26704,10,20000
26705,10,5000
26706,10,40000
26707,10,5000
26708,10,50000
26709,10,0
26710,10,40000
26711,10,50000
26712,10,20000
26713,10,50000
26714,10,20000
26715,10,20000
26716,10,0
26717,10,20000
26718,10,0
26719,10,30000
26720,10,50000
26721,10,10000
26722,10,40000
26723,10,40000
26724,10,40000
26725,10,5000
26726,10,0
26727,10,50000
26728,10,30000
26729,10,10
26730,10,20000
26731,10,0
26732,10,0
26733,10,30000
26734,10,50000
26735,10,0
26736,10,5000
26737,10,20000
26738,10,20000
26739,10,0
26740,10,0
26741,10,0
26742,10,0
26743,10,20000
26744,10,40000
26745,10,40000
26746,10,30000
26747,10,20000
26748,10,40000
26749,10,50000
26750,10,0
26751,10,50000
26752,10,50000
26753,10,30000
26754,10,5000
26755,10,0
26756,10,0
26757,10,0
26758,10,0
26759,10,10000
26760,10,0
26761,10,0
26762,10,30000
26763,10,0
26764,10,20000
26765,10,0
26766,10,0
26767,10,50000
26768,10,40000
26769,10,30000
26770,10,50000
26771,10,10000
26772,10,30000
26773,10,50000
26774,10,50000
26775,10,0
26776,10,50000
26777,10,40000
26778,10,5000
26779,10,50000
26780,10,30000
26781,10,20000
26782,10,40000
26783,10,0
26784,10,5000
26785,10,30000
26786,10,20000
26787,10,30000
26788,10,40000
26789,10,30000
26790,10,20000
26791,10,0
26792,10,0
26793,10,30000
26794,10,5000
26795,10,0
26796,10,30000
26797,10,5000
26798,10,20000
26799,10,40000
26800,10,20000
26801,10,50000
26802,10,10000
26803,10,10000
26804,10,0
26805,10,10000
26806,10,10000
26807,10,50000
26808,10,10000
26809,10,0
26810,10,20000
26811,10,0
26812,10,20000
26813,10,40000
26814,10,50000
26815,10,10000
26816,10,0
26817,10,10000
26818,10,0
26819,10,50000
26820,10,0
26821,10,10000
26822,10,0
26823,10,5000
26824,10,0
26825,10,10000
26826,10,5000
26827,10,10000
26828,10,40000
26829,10,40000
26830,10,0
26831,10,5000
26832,10,30000
26833,10,50000
26834,10,30000
26835,10,0
26836,10,5000
26837,10,40000
26838,10,30000
26839,10,20000
26840,10,0
26841,10,50000
26842,10,30000
26843,10,30000
26844,10,0
26845,10,10000
26846,10,20000
26847,10,20000
26848,10,0
26849,10,40000
26850,10,30000
26851,10,30000
26852,10,5000
26853,10,20000
26854,10,10000
26855,10,30000
26856,10,10000
26857,10,30000
26858,10,20000
26859,10,10000
26860,10,0
26861,10,0
26862,10,20000
26863,10,5000
26864,10,5000
26865,10,0
26866,10,0
26867,10,0
26868,10,0
26869,10,40000
26870,10,10000
26871,10,0
26872,10,5000
26873,10,0
26874,10,20000
26875,10,40000
26876,10,20000
26877,10,30000
26878,10,50000
26879,10,0
26880,10,20000
26881,10,40000
26882,10,30000
26883,10,0
26884,10,0
26885,10,0
26886,10,0
26887,10,10000
26888,10,30000
26889,10,20000
26890,10,40000
26891,10,5000
26892,10,20000
26893,10,0
26894,10,0
26895,10,5000
26896,10,50000
26897,10,0
26898,10,30000
26899,10,5000
26900,10,50000
26901,10,40000
26902,10,20000
26903,10,0
26904,10,10000
26905,10,10000
26906,10,0
26907,10,0
26908,10,30000
26909,10,50000
26910,10,20000
26911,10,30000
26912,10,30000
26913,10,0
26914,10,0
26915,10,20000
26916,10,0
26917,10,10000
26918,10,0
26919,10,50000
26920,10,0
26921,10,10000
26922,10,0
26923,10,30000
26924,10,40000
26925,10,30000
26926,10,0
26927,10,40000
26928,10,0
26929,10,0
26930,10,5000
26931,10,5000
26932,10,20000
26933,10,10000
26934,10,10000
26935,10,10000
26936,10,0
26937,10,5000
26938,10,20000
26939,10,0
26940,10,5000
26941,10,50000
26942,10,0
26943,10,30000
26944,10,10000
26945,10,50000
26946,10,20000
26947,10,10000
26948,10,10000
26949,10,30000
26950,10,30000
26951,10,0
26952,10,10000
26953,10,0
26954,10,20000
26955,10,20000
26956,10,5000
26957,10,0
26958,10,0
26959,10,5000
26960,10,0
26961,10,0
26962,10,50000
26963,10,20000
26964,10,0
26965,10,0
26966,10,20000
26967,10,0
26968,10,0
26969,10,5000
26970,10,0
26971,10,0
26972,10,5000
26973,10,30000
26974,10,20000
26975,10,0
26976,10,40000
26977,10,20000
26978,10,10000
26979,10,20000
26980,10,5000
26981,10,20000
26982,10,50000
26983,10,20000
26984,10,50000
26985,10,0
26986,10,30000
26987,10,20000
26988,10,5000
26989,10,30000
26990,10,30000
26991,10,10
26992,10,10000
26993,10,30000
26994,10,50000
26995,10,30000
26996,10,0
26997,10,10000
26998,10,5000
26999,10,20000
27000,10,0
27001,10,0
27002,10,30000
27003,10,20000
27004,10,0
27005,10,30000
27006,10,0
27007,10,30000
27008,10,20000
27009,10,20000
27010,10,10000
27011,10,5000
27012,10,30000
27013,11,40000
27014,10,30000
27015,10,5000
27016,10,10000
27017,10,30000
27018,10,0
27019,10,0
27020,10,5000
27021,10,20000
27022,10,20000
27023,10,50000
27024,10,20000
27025,10,20000
27026,10,30000
27027,10,50000
27028,10,20000
27029,10,50000
27030,10,50000
27031,10,50000
27032,10,5000
27033,10,20000
27034,10,10000
27035,10,20000
27036,10,50000
27037,10,0
27038,10,20000
27039,10,10000
27040,10,10000
27041,10,20000
27042,10,0
27043,10,0
27044,10,30000
27045,10,0
27046,10,30000
27047,10,30000
27048,10,20000
27049,10,0
27050,10,5000
27051,10,40000
27052,10,40000
27053,10,0
27054,10,40000
27055,10,0
27056,10,0
27057,10,20000
27058,10,50000
27059,10,50000
27060,10,0
27061,10,30000
27062,10,10000
27063,10,20000
27064,10,40000
27065,10,40000
27066,10,0
27067,10,50000
27068,10,40000
27069,10,5000
27070,10,5000
27071,10,0
27072,10,40000
27073,10,5000
27074,10,30000
27075,10,0
27076,10,20000
27077,10,0
27078,10,30000
27079,10,10000
27080,10,50000
27081,10,50000
27082,10,0
27083,10,30000
27084,10,0
27085,10,40000
27086,10,0
27087,10,5000
27088,10,0
27089,10,20000
27090,10,10000
27091,10,40000
27092,10,0
27093,10,40000
27094,10,30000
27095,10,50000
27096,10,50000
27097,10,20000
27098,10,10000
27099,10,10000
27100,10,0
27101,10,50000
27102,10,40000
27103,10,10000
27104,10,10000
27105,10,20000
27106,10,0
27107,10,0
27108,10,10000
27109,10,0
27110,10,50000
27111,10,5000
27112,10,10000
27113,10,50000
27114,10,30000
27115,10,10000
27116,10,0
27117,10,0
27118,10,20000
27119,10,0
27120,10,5000
27121,10,10000
27122,10,5000
27123,10,40000
27124,10,0
27125,10,20000
27126,10,30000
27127,10,10000
27128,10,20000
27129,10,5000
27130,10,0
27131,10,20000
27132,10,40000
27133,10,0
27134,10,0
27135,10,0
27136,10,20000
27137,10,50000
27138,10,50000
27139,10,20000
27140,10,0
27141,10,10000
27142,10,30000
27143,10,20000
27144,10,20000
27145,10,10000
27146,10,30000
27147,10,0
27148,10,0
27149,10,30000
27150,10,5000
27151,10,0
27152,10,40000
27153,10,50000
27154,10,5000
27155,10,0
27156,10,0
27157,10,0
27158,10,30000
27159,10,20000
27160,10,0
27161,10,50000
27162,10,30000
27163,10,40000
27164,10,30000
27165,10,50000
27166,10,10000
27167,10,10000
27168,10,30000
27169,10,50000
27170,10,0
27171,10,0
27172,10,50000
27173,10,5000
27174,10,0
27175,10,30000
27176,10,40000
27177,10,20000
27178,10,30000
27179,10,20000
27180,10,20000
27181,10,0
27182,10,0
27183,10,0
27184,10,10000
27185,10,40000
27186,10,5000
27187,10,5000
27188,10,50000
27189,10,30000
27190,10,0
27191,10,0
27192,10,5000
27193,10,10000
27194,10,5000
27195,10,0
27196,10,50000
27197,10,20000
27198,10,5000
27199,10,0
27200,10,50000
27201,10,30000
27202,10,50000
27203,10,20000
27204,10,5000
27205,10,30000
27206,10,0
27207,10,0
27208,10,30000
27209,10,0
27210,10,10000
27211,10,20000
27212,10,5000
27213,10,50000
27214,10,30000
27215,10,40000
27216,10,30000
27217,10,20000
27218,10,20000
27219,10,0
27220,10,5000
27221,10,20000
27222,10,50000
27223,10,0
27224,10,5000
27225,10,20000
27226,10,0
27227,10,0
27228,10,5000
27229,10,0
27230,10,0
27231,10,30000
27232,10,40000
27233,10,30000
27234,10,0
27235,10,20000
27236,10,50000
27237,10,20000
27238,10,0
27239,10,0
27240,10,20000
27241,10,20000
27242,10,10000
27243,10,50000
27244,10,0
27245,10,20000
27246,10,0
27247,10,0
27248,10,50000
27249,10,0
27250,10,0
27251,10,0
27252,10,40000
27253,10,20000
27254,10,40000
27255,10,20000
27256,10,50000
27257,10,40000
27258,10,30000
27259,10,0
27260,10,5000
27261,10,20000
27262,10,40000
27263,10,0
27264,10,0
27265,10,5000
27266,10,40000
27267,10,40000
27268,10,0
27269,10,30000
27270,10,20000
27271,10,30000
27272,10,0
27273,10,20000
27274,10,0
27275,10,50000
27276,10,30000
27277,10,10000
27278,10,30000
27279,10,5000
27280,10,40000
27281,10,30000
27282,10,50000
27283,10,0
27284,10,30000
27285,10,30000
27286,10,30000
27287,10,5000
27288,10,20000
27289,10,0
27290,10,50000
27291,10,50000
27292,10,0
27293,10,0
27294,10,0
27295,10,5000
27296,10,0
27297,10,50000
27298,10,10000
27299,10,0
27300,10,30000
27301,10,30000
27302,10,20000
27303,10,0
27304,10,0
27305,10,20000
27306,10,40000
27307,10,0
27308,10,10000
27309,10,5000
27310,10,50000
27311,10,40000
27312,10,20000
27313,10,20000
27314,10,0
27315,10,40000
27316,10,30000
27317,10,0
27318,10,10000
27319,10,40000
27320,10,5000
27321,10,40000
27322,10,10000
27323,10,20000
27324,10,0
27325,10,5000
27326,10,20000
27327,10,0
27328,10,0
27329,10,30000
27330,10,0
27331,10,50000
27332,10,0
27333,10,50000
27334,10,30000
27335,10,30000
27336,10,20000
27337,10,0
27338,10,50000
27339,10,50000
27340,10,0
27341,10,20000
27342,10,10000
27343,10,40000
27344,10,50000
27345,10,40000
27346,10,30000
27347,10,10000
27348,10,10000
27349,10,50000
27350,10,20000
27351,10,0
27352,10,0
27353,10,50000
27354,10,5000
27355,10,30000
27356,10,50000
27357,10,0
27358,10,40000
27359,10,30000
27360,10,50000
27361,10,0
27362,10,5000
27363,10,5000
27364,10,5000
27365,10,20000
27366,10,10000
27367,10,40000
27368,10,30000
27369,10,50000
27370,10,5000
27371,10,50000
27372,10,30000
27373,10,50000
27374,10,30000
27375,10,0
27376,10,0
27377,10,0
27378,10,0
27379,10,0
27380,10,0
27381,10,30000
27382,10,5000
27383,10,0
27384,10,0
27385,10,30000
27386,10,40000
27387,10,50000
27388,10,30000
27389,10,20000
27390,10,5000
27391,10,0
27392,10,5000
27393,10,20000
27394,10,10000
27395,10,50000
27396,10,5000
27397,10,0
27398,10,10000
27399,10,30000
27400,10,10000
27401,10,30000
27402,10,30000
27403,10,0
27404,10,30000
27405,10,20000
27406,10,0
27407,10,10000
27408,10,0
27409,10,10000
27410,10,30000
27411,10,10000
27412,10,40000
27413,10,5000
27414,10,30000
27415,10,0
27416,10,0
27417,10,5000
27418,10,5000
27419,10,20000
27420,10,40000
27421,10,30000
27422,10,30000
27423,10,0
27424,10,50000
27425,10,50000
27426,10,20000
27427,10,40000
27428,10,40000
27429,10,30000
27430,10,0
27431,10,50000
27432,10,50000
27433,10,50000
27434,10,20000
27435,10,5000
27436,10,20000
27437,10,40000
27438,10,0
27439,10,0
27440,10,30000
27441,10,20000
27442,10,20000
27443,10,0
27444,10,0
27445,10,0
27446,10,0
27447,10,20000
27448,10,10000
27449,10,0
27450,10,40000
27451,10,50000
27452,10,20000
27453,10,0
27454,10,30000
27455,10,0
27456,10,0
27457,10,5000
27458,10,0
27459,10,30000
27460,10,40000
27461,10,50000
27462,10,0
27463,10,0
27464,10,20000
27465,10,30000
27466,10,30000
27467,10,10000
27468,10,50000
27469,10,20000
27470,10,0
27471,10,10000
27472,10,50000
27473,10,0
27474,10,0
27475,10,0
27476,10,50000
27477,10,5000
27478,10,0
27479,10,50000
27480,10,0
27481,10,30000
27482,10,10000
27483,10,10000
27484,10,10000
27485,10,20000
27486,10,50000
27487,10,20000
27488,10,0
27489,10,10000
27490,10,0
27491,10,50000
27492,10,20000
27493,10,5000
27494,10,0
27495,10,50000
27496,10,30000
27497,10,30000
27498,10,10000
27499,10,0
27500,10,30000
27501,10,0
27502,10,50000
27503,10,40000
27504,10,0
27505,10,5000
27506,10,50000
27507,10,20000
27508,10,30000
27509,10,0
27510,10,20000
27511,10,50000
27512,10,50000
27513,10,5000
27514,10,20000
27515,10,20000
27516,10,5000
27517,10,50000
27518,10,5000
27519,10,20000
27520,10,20000
27521,10,30000
27522,10,0
27523,10,20000
27524,10,0
27525,10,30000
27526,10,30000
27527,10,20000
27528,10,20000
27529,10,10000
27530,10,0
27531,10,5000
27532,10,40000
27533,10,5000
27534,10,10000
27535,10,10000
27536,10,10000
27537,10,0
27538,10,10000
27539,10,5000
27540,10,40000
27541,10,0
27542,10,40000
27543,10,0
27544,10,0
27545,10,5000
27546,10,20000
27547,10,5000
27548,10,20000
27549,10,20000
27550,10,10000
27551,10,50000
27552,10,10000
27553,10,30000
27554,10,5000
27555,10,30000
27556,10,0
27557,10,50000
27558,10,30000
27559,10,40000
27560,10,50000
27561,10,20000
27562,10,0
27563,10,40000
27564,10,0
27565,10,30000
27566,10,50000
27567,10,0
27568,10,20000
27569,10,5000
27570,10,0
27571,10,20000
27572,10,50000
27573,10,0
27574,10,50000
27575,10,30000
27576,10,10000
27577,10,10000
27578,10,10000
27579,10,40000
27580,10,30000
27581,10,0
27582,10,40000
27583,10,10000
27584,10,50000
27585,10,10000
27586,10,30000
27587,10,40000
27588,10,0
27589,10,30000
27590,10,5000
27591,10,30000
27592,10,30000
27593,10,0
27594,10,10000
27595,10,0
27596,10,40000
27597,10,30000
27598,10,0
27599,10,20000
27600,10,5000
27601,10,5000
27602,10,40000
27603,10,5000
27604,10,0
27605,10,50000
27606,10,40000
27607,10,20000
27608,10,40000
27609,10,20000
27610,10,20000
27611,10,0
27612,10,0
27613,10,50000
27614,10,10000
27615,10,0
27616,10,10000
27617,10,30000
27618,10,0
27619,10,10000
27620,10,50000
27621,10,0
27622,10,10000
27623,10,40000
27624,10,40000
27625,10,5000
27626,10,0
27627,10,0
27628,10,0
27629,10,40000
27630,10,30000
27631,10,50000
27632,10,0
27633,10,20000
27634,10,40000
27635,10,0
27636,10,20000
27637,10,0
27638,10,0
27639,10,50000
27640,10,50000
27641,10,50000
27642,10,50000
27643,10,30000
27644,10,30000
27645,10,20000
27646,10,0
27647,10,40000
27648,10,0
27649,10,50000
27650,10,30000
27651,10,5000
27652,10,0
27653,10,0
27654,10,20000
27655,10,0
27656,10,0
27657,10,0
27658,10,5000
27659,10,20000
27660,10,30000
27661,10,10000
27662,10,0
27663,10,30000
27664,10,0
27665,10,5000
27666,10,50000
27667,10,0
27668,10,0
27669,10,30000
27670,10,10000
27671,10,20000
27672,10,5000
27673,10,0
27674,10,10000
27675,10,30000
27676,10,10000
27677,10,20000
27678,10,0
27679,10,0
27680,10,40000
27681,10,30000
27682,10,0
27683,10,10000
27684,10,50000
27685,10,50000
27686,10,0
27687,10,30000
27688,10,10000
27689,10,10000
27690,10,10000
27691,10,30000
27692,10,0
27693,10,40000
27694,10,50000
27695,10,20000
27696,10,40000
27697,10,0
27698,10,0
27699,10,40000
27700,10,5000
27701,10,20000
27702,10,50000
27703,10,5000
27704,10,40000
27705,10,20000
27706,10,30000
27707,10,30000
27708,10,20000
27709,10,30000
27710,10,30000
27711,10,50000
27712,10,20000
27713,10,50000
27714,10,0
27715,10,20000
27716,10,30000
27717,10,5000
27718,10,30000
27719,10,50000
27720,10,50000
27721,10,0
27722,10,5000
27723,10,40000
27724,10,5000
27725,10,20000
27726,10,0
27727,10,5000
27728,10,10000
27729,10,40000
27730,10,0
27731,10,5000
27732,10,0
27733,10,30000
27734,10,10000
27735,10,10000
27736,10,50000
27737,10,0
27738,10,40000
27739,10,40000
27740,10,20000
27741,10,10000
27742,10,40000
27743,10,40000
27744,10,40000
27745,10,40000
27746,10,0
27747,10,30000
27748,10,50000
27749,10,50000
27750,10,30000
27751,10,50000
27752,10,0
27753,10,20000
27754,10,20000
27755,10,0
27756,10,10000
27757,10,20000
27758,10,5000
27759,10,20000
27760,10,30000
27761,10,50000
27762,10,0
27763,10,0
27764,10,40000
27765,10,0
27766,10,0
27767,10,50000
27768,10,40000
27769,10,0
27770,10,40000
27771,10,5000
27772,10,40000
27773,10,0
27774,10,0
27775,10,20000
27776,10,20000
27777,10,0
27778,10,40000
27779,10,0
27780,10,40000
27781,10,50000
27782,10,40000
27783,10,5000
27784,10,0
27785,10,20000
27786,10,40000
27787,10,40000
27788,10,0
27789,10,0
27790,10,5000
27791,10,0
27792,10,0
27793,10,5000
27794,10,40000
27795,10,0
27796,10,20000
27797,10,5000
27798,10,0
27799,10,50000
27800,10,0
27801,10,0
27802,10,50000
27803,10,5000
27804,10,20000
27805,10,40000
27806,10,30000
27807,10,0
27808,10,0
27809,10,10000
27810,10,0
27811,10,10000
27812,10,30000
27813,10,50000
27814,10,5000
27815,10,50000
27816,10,40000
27817,10,5000
27818,10,50000
27819,10,30000
27820,10,0
27821,10,0
27822,10,0
27823,10,30000
27824,10,0
27825,10,40000
27826,10,0
27827,10,0
27828,10,50000
27829,10,50000
27830,10,0
27831,10,30000
27832,10,40000
27833,10,40000
27834,10,30000
27835,10,50000
27836,10,30000
27837,10,5000
27838,10,30000
27839,10,50000
27840,10,10000
27841,10,0
27842,10,50000
27843,10,0
27844,10,30000
27845,10,30000
27846,10,20000
27847,10,50000
27848,10,20000
27849,10,0
27850,10,30000
27851,10,0
27852,10,0
27853,10,20000
27854,10,10000
27855,10,20000
27856,10,0
27857,10,30000
27858,10,10000
27859,10,5000
27860,10,0
27861,10,40000
27862,10,5000
27863,10,0
27864,10,5000
27865,10,50000
27866,10,30000
27867,10,20000
27868,10,20000
27869,10,10000
27870,10,40000
27871,10,0
27872,10,5000
27873,10,20000
27874,10,0
27875,10,0
27876,10,0
27877,10,30000
27878,10,20000
27879,10,20000
27880,10,30000
27881,10,10000
27882,10,0
27883,10,5000
27884,10,20000
27885,10,0
27886,10,30000
27887,10,0
27888,10,0
27889,10,40000
27890,10,50000
27891,10,0
27892,10,20000
27893,10,50000
27894,10,50000
27895,10,5000
27896,10,0
27897,10,0
27898,10,20000
27899,10,20000
27900,10,20000
27901,10,0
27902,10,0
27903,10,10000
27904,10,0
27905,10,5000
27906,10,30000
27907,10,40000
27908,10,10000
27909,10,50000
27910,10,30000
27911,10,0
27912,10,30000
27913,10,5000
27914,10,50000
27915,10,40000
27916,10,0
27917,10,20000
27918,10,30000
27919,10,50000
27920,10,20000
27921,10,30000
27922,10,5000
27923,10,0
27924,10,20000
27925,10,0
27926,10,30000
27927,10,5000
27928,10,0
27929,10,10000
27930,10,10000
27931,10,40000
27932,10,0
27933,10,20000
27934,10,20000
27935,10,30000
27936,10,40000
27937,10,5000
27938,10,5000
27939,10,30000
27940,10,0
27941,10,30000
27942,10,50000
27943,10,0
27944,10,50000
27945,10,40000
27946,10,50000
27947,10,20000
27948,10,20000
27949,10,20000
27950,10,0
27951,10,40000
27952,10,20000
27953,10,30000
27954,10,50000
27955,10,0
27956,10,10000
27957,10,30000
27958,10,10
27959,10,0
27960,10,0
27961,10,20000
27962,10,40000
27963,10,0
27964,10,20000
27965,10,20000
27966,10,10000
27967,10,5000
27968,10,40000
27969,10,20000
27970,10,20000
27971,10,40000
27972,10,0
27973,10,40000
27974,10,10000
27975,10,10
27976,10,30000
27977,10,50000
27978,10,10000
27979,10,0
27980,10,20000
27981,10,5000
27982,10,30000
27983,10,20000
27984,10,10000
27985,10,30000
27986,10,30000
27987,10,50000
27988,10,10000
27989,10,30000
27990,10,30000
27991,10,30000
27992,10,50000
27993,10,0
27994,10,40000
27995,10,50000
27996,10,5000
27997,10,20000
27998,10,5000
27999,10,5000
28000,10,40000
28001,10,40000
28002,10,30000
28003,10,5000
28004,10,0
28005,10,20000
28006,10,5000
28007,10,0
28008,10,10000
28009,10,0
28010,10,40000
28011,10,0
28012,10,40000
28013,10,30000
28014,10,5000
28015,10,50000
28016,10,30000
28017,10,0
28018,10,40000
28019,10,20000
28020,10,40000
28021,10,40000
28022,10,10000
28023,10,5000
28024,10,30000
28025,10,40000
28026,10,50000
28027,10,10000
28028,10,50000
28029,10,0
28030,10,5000
28031,10,40000
28032,10,30000
28033,10,30000
28034,10,30000
28035,10,10000
28036,10,40000
28037,10,5000
28038,10,0
28039,10,0
28040,10,0
28041,10,5000
28042,10,10000
28043,10,0
28044,10,30000
28045,10,0
28046,10,0
28047,10,0
28048,10,0
28049,10,30000
28050,10,20000
28051,10,20000
28052,10,0
28053,10,0
28054,10,50000
28055,10,40000
28056,10,50000
28057,10,20000
28058,10,20000
28059,10,50000
28060,10,30000
28061,10,20000
28062,10,30000
28063,10,10000
28064,10,40000
28065,10,30000
28066,10,0
28067,10,5000
28068,10,5000
28069,10,5000
28070,10,5000
28071,10,0
28072,10,0
28073,10,0
28074,10,0
28075,10,5000
28076,10,5000
28077,10,10000
28078,10,20000
28079,10,0
28080,10,5000
28081,10,0
28082,10,0
28083,10,5000
28084,10,0
28085,10,0
28086,10,0
28087,10,30000
28088,10,0
28089,10,10000
28090,10,50000
28091,10,5000
28092,10,10000
28093,10,0
28094,10,0
28095,10,20000
28096,10,40000
28097,10,0
28098,10,30000
28099,10,0
28100,10,0
28101,10,20000
28102,10,5000
28103,10,10000
28104,10,5000
28105,10,20000
28106,10,40000
28107,10,5000
28108,10,30000
28109,10,40000
28110,10,20000
28111,10,0
28112,10,5000
28113,10,5000
28114,10,50000
28115,10,50000
28116,10,20000
28117,10,0
28118,10,5000
28119,10,0
28120,10,0
28121,10,30000
28122,10,5000
28123,10,0
28124,10,20000
28125,10,20000
28126,10,10000
28127,10,20000
28128,10,30000
28129,10,5000
28130,10,0
28131,10,50000
28132,10,5000
28133,10,30000
28134,10,5000
28135,10,50000
28136,10,10000
28137,10,10000
28138,10,50000
28139,10,20000
28140,10,40000
28141,10,10000
28142,10,30000
28143,10,0
28144,10,0
28145,10,50000
28146,10,20000
28147,10,50000
28148,10,10000
28149,10,10000
28150,10,30000
28151,10,50000
28152,10,50000
28153,10,30000
28154,10,0
28155,10,20000
28156,10,0
28157,10,50000
28158,10,10000
28159,10,10000
28160,10,5000
28161,10,50000
28162,10,30000
28163,10,0
28164,10,30000
28165,10,10000
28166,10,0
28167,10,30000
28168,10,5000
28169,10,40000
28170,10,0
28171,10,30000
28172,10,30000
28173,10,50000
28174,10,30000
28175,10,0
28176,10,40000
28177,10,0
28178,10,30000
28179,10,20000
28180,10,40000
28181,10,0
28182,10,40000
28183,10,40000
28184,10,30000
28185,10,5000
28186,10,20000
28187,10,20000
28188,10,0
28189,10,0
28190,10,30000
28191,10,5000
28192,10,50000
28193,10,40000
28194,10,20000
28195,10,20000
28196,10,10000
28197,10,20000
28198,10,30000
28199,10,0
28200,10,50000
28201,10,50000
28202,10,10000
28203,10,40000
28204,10,10000
28205,10,5000
28206,10,5000
28207,10,20000
28208,10,5000
28209,10,0
28210,10,20000
28211,10,20000
28212,10,20000
28213,10,5000
28214,10,0
28215,10,20000
28216,10,50000
28217,10,10000
28218,10,20000
28219,10,30000
28220,10,40000
28221,10,40000
28222,10,20000
28223,10,10000
28224,10,50000
28225,10,0
28226,10,20000
28227,10,30000
28228,10,10000
28229,10,20000
28230,10,50000
28231,10,5000
28232,10,30000
28233,10,10000
28234,10,0
28235,10,0
28236,10,20000
28237,10,40000
28238,10,5000
28239,10,5000
28240,10,40000
28241,10,40000
28242,10,0
28243,10,30000
28244,10,50000
28245,10,20000
28246,10,20000
28247,10,5000
28248,10,30000
28249,10,10000
28250,10,0
28251,10,30000
28252,10,0
28253,10,0
28254,10,5000
28255,10,10000
28256,10,5000
28257,10,0
28258,10,30000
28259,10,30000
28260,10,30000
28261,10,0
28262,10,10000
28263,10,20000
28264,10,10000
28265,10,50000
28266,10,50000
28267,10,50000
28268,10,0
28269,10,20000
28270,10,30000
28271,10,5000
28272,10,20000
28273,10,30000
28274,10,40000
28275,10,40000
28276,10,0
28277,10,0
28278,10,0
28279,10,0
28280,10,10000
28281,10,20000
28282,10,20000
28283,10,20000
28284,10,20000
28285,10,5000
28286,10,40000
28287,10,20000
28288,10,0
28289,10,50000
28290,10,0
28291,10,0
28292,10,0
28293,10,0
28294,10,50000
28295,10,0
28296,10,0
28297,10,30000
28298,10,0
28299,10,0
28300,10,40000
28301,10,20000
28302,10,0
28303,10,0
28304,10,0
28305,10,0
28306,10,0
28307,10,20000
28308,10,0
28309,10,0
28310,10,20000
28311,10,0
28312,10,0
28313,10,20000
28314,10,0
28315,10,5000
28316,10,0
28317,10,30000
28318,10,30000
28319,10,10000
28320,10,50000
28321,10,40000
28322,10,20000
28323,10,30000
28324,10,20000
28325,10,10000
28326,10,10000
28327,10,0
28328,10,20000
28329,10,5000
28330,10,5000
28331,10,20000
28332,10,0
28333,10,50000
28334,10,0
28335,10,5000
28336,10,0
28337,10,20000
28338,10,40000
28339,10,0
28340,10,30000
28341,10,0
28342,10,40000
28343,10,40000
28344,10,20000
28345,10,10000
28346,10,0
28347,10,0
28348,10,30000
28349,10,20000
28350,10,30000
28351,10,0
28352,10,5000
28353,10,20000
28354,10,20000
28355,10,0
28356,10,30000
28357,10,30000
28358,10,30000
28359,10,50000
28360,10,0
28361,10,40000
28362,10,10000
28363,10,30000
28364,10,0
28365,10,40000
28366,10,10000
28367,10,40000
28368,10,10000
28369,10,20000
28370,10,0
28371,10,10000
28372,10,40000
28373,10,5000
28374,10,0
28375,10,5000
28376,10,20000
28377,10,0
28378,10,5000
28379,10,40000
28380,10,40000
28381,10,0
28382,10,30000
28383,10,5000
28384,10,20000
28385,10,10000
28386,10,10000
28387,10,5000
28388,10,5000
28389,10,20000
28390,10,5000
28391,10,50000
28392,10,30000
28393,10,30000
28394,10,20000
28395,10,5000
28396,10,50000
28397,10,0
28398,10,20000
28399,10,10000
28400,10,20000
28401,10,50000
28402,10,5000
28403,10,5000
28404,10,5000
28405,10,20000
28406,10,50000
28407,10,30000
28408,10,5000
28409,10,0
28410,10,0
28411,10,40000
28412,10,10000
28413,10,5000
28414,10,0
28415,10,50000
28416,10,10000
28417,10,0
28418,10,0
28419,10,0
28420,10,5000
28421,10,0
28422,10,10000
28423,10,20000
28424,10,20000
28425,10,30000
28426,10,30000
28427,10,0
28428,10,0
28429,10,40000
28430,10,30000
28431,10,40000
28432,10,0
28433,10,40000
28434,10,30000
28435,10,0
28436,10,0
28437,10,5000
28438,10,20000
28439,10,10000
28440,10,0
28441,10,50000
28442,10,30000
28443,10,10000
28444,10,0
28445,10,0
28446,10,5000
28447,10,0
28448,10,5000
28449,10,10
28450,10,20000
28451,10,0
28452,10,0
28453,10,10000
28454,10,0
28455,10,50000
28456,10,20000
28457,10,0
28458,10,0
28459,10,5000
28460,10,30000
28461,10,0
28462,10,20000
28463,10,20000
28464,10,50000
28465,10,40000
28466,10,30000
28467,10,0
28468,10,10000
28469,10,50000
28470,10,10000
28471,10,40000
28472,10,30000
28473,10,40000
28474,10,50000
28475,10,10000
28476,10,20000
28477,10,10000
28478,10,50000
28479,10,0
28480,10,0
28481,10,0
28482,10,0
28483,10,50000
28484,10,20000
28485,10,30000
28486,10,10000
28487,10,20000
28488,10,10000
28489,10,30000
28490,10,0
28491,10,0
28492,10,0
28493,10,40000
28494,10,5000
28495,10,0
28496,10,40000
28497,10,10000
28498,10,5000
28499,10,30000
28500,10,5000
28501,10,5000
28502,10,20000
28503,10,40000
28504,10,30000
28505,10,0
28506,10,10000
28507,10,0
28508,10,30000
28509,10,0
28510,10,20000
28511,10,0
28512,10,0
28513,10,40000
28514,10,0
28515,10,0
28516,10,5000
28517,10,0
28518,10,50000
28519,10,40000
28520,10,5000
28521,10,10000
28522,10,10000
28523,10,20000
28524,10,0
28525,10,5000
28526,10,30000
28527,10,5000
28528,10,5000
28529,10,0
28530,10,30000
28531,10,40000
28532,10,0
28533,10,0
28534,10,40000
28535,10,40000
28536,10,40000
28537,10,10000
28538,10,10000
28539,10,0
28540,10,0
28541,10,20000
28542,10,50000
28543,10,0
28544,10,0
28545,10,30000
28546,10,5000
28547,10,0
28548,10,40000
28549,10,0
28550,10,40000
28551,10,50000
28552,10,50000
28553,10,5000
28554,10,0
28555,10,0
28556,10,30000
28557,10,5000
28558,10,5000
28559,10,20000
28560,10,10000
28561,10,5000
28562,10,30000
28563,10,0
28564,10,20000
28565,10,10000
28566,10,0
28567,10,20000
28568,10,30000
28569,10,0
28570,10,30000
28571,10,20000
28572,10,20000
28573,10,50000
28574,10,30000
28575,10,50000
28576,10,10000
28577,10,50000
28578,10,30000
28579,10,40000
28580,10,0
28581,10,5000
28582,10,10000
28583,10,5000
28584,10,50000
28585,10,40000
28586,10,20000
28587,10,5000
28588,10,10000
28589,10,30000
28590,10,30000
28591,10,50000
28592,10,0
28593,10,20000
28594,10,30000
28595,10,0
28596,10,50000
28597,10,40000
28598,10,0
28599,10,50000
28600,10,0
28601,10,30000
28602,10,40000
28603,10,10000
28604,10,30000
28605,10,30000
28606,10,30000
28607,10,10000
28608,10,0
28609,10,30000
28610,10,50000
28611,10,20000
28612,10,30000
28613,10,0
28614,10,50000
28615,10,0
28616,10,20000
28617,10,50000
28618,10,0
28619,10,50000
28620,10,20000
28621,10,0
28622,10,0
28623,10,0
28624,10,30000
28625,10,20000
28626,10,0
28627,10,30000
28628,10,5000
28629,10,30000
28630,10,5000
28631,10,50000
28632,10,0
28633,10,0
28634,10,0
28635,10,30000
28636,10,5000
28637,10,20000
28638,10,20000
28639,10,50000
28640,10,30000
28641,10,50000
28642,10,20000
28643,10,10000
28644,10,0
28645,10,30000
28646,10,0
28647,10,0
28648,10,20000
28649,10,30000
28650,10,20000
28651,10,30000
28652,10,30000
28653,10,5000
28654,10,0
28655,10,0
28656,10,0
28657,10,30000
28658,10,20000
28659,10,0
28660,10,50000
28661,10,40000
28662,10,0
28663,10,20000
28664,10,0
28665,10,10000
28666,10,5000
28667,10,0
28668,10,40000
28669,10,30000
28670,10,10
28671,10,0
28672,10,10000
28673,10,10000
28674,10,0
28675,10,30000
28676,10,50000
28677,10,10
28678,10,0
28679,10,0
28680,10,5000
28681,10,0
28682,10,20000
28683,10,10000
28684,10,20000
28685,10,10000
28686,10,5000
28687,10,10000
28688,10,5000
28689,10,0
28690,10,40000
28691,10,0
28692,10,0
28693,10,0
28694,10,5000
28695,10,10000
28696,10,30000
28697,10,0
28698,10,40000
28699,10,0
28700,10,5000
28701,10,5000
28702,10,0
28703,10,30000
28704,10,50000
28705,10,5000
28706,10,40000
28707,10,20000
28708,10,0
28709,10,50000
28710,10,20000
28711,10,20000
28712,10,0
28713,10,0
28714,10,30000
28715,10,20000
28716,10,5000
28717,10,10000
28718,10,40000
28719,10,20000
28720,10,20000
28721,10,20000
28722,10,10000
28723,10,0
28724,10,40000
28725,10,10000
28726,10,0
28727,10,30000
28728,10,20000
28729,10,40000
28730,10,0
28731,10,0
28732,10,0
28733,10,0
28734,10,0
28735,10,5000
28736,10,30000
28737,10,50000
28738,10,5000
28739,10,50000
28740,10,0
28741,10,5000
28742,10,0
28743,10,20000
28744,10,50000
28745,10,40000
28746,10,0
28747,10,50000
28748,10,20000
28749,10,30000
28750,10,30000
28751,10,10000
28752,10,30000
28753,10,0
28754,10,50000
28755,10,20000
28756,10,5000
28757,10,10000
28758,10,20000
28759,10,0
28760,10,40000
28761,10,40000
28762,10,40000
28763,10,30000
28764,10,5000
28765,10,40000
28766,10,50000
28767,10,50000
28768,10,40000
28769,10,0
28770,10,5000
28771,10,40000
28772,10,20000
28773,10,40000
28774,10,0
28775,10,20000
28776,10,40000
28777,10,30000
28778,10,20000
28779,10,5000
28780,10,40000
28781,10,0
28782,10,10000
28783,10,0
28784,10,10000
28785,10,30000
28786,10,20000
28787,10,20000
28788,10,50000
28789,10,30000
28790,10,0
28791,10,30000
28792,10,0
28793,10,0
28794,10,10000
28795,10,50000
28796,10,5000
28797,10,0
28798,10,0
28799,10,30000
28800,10,30000
28801,10,5000
28802,10,5000
28803,10,0
28804,10,0
28805,10,5000
28806,10,10000
28807,10,50000
28808,10,20000
28809,10,20000
28810,10,50000
28811,10,5000
28812,10,20000
28813,10,40000
28814,10,50000
28815,10,50000
28816,10,20000
28817,10,0
28818,10,0
28819,10,0
28820,10,0
28821,10,50000
28822,10,30000
28823,10,20000
28824,10,20000
28825,10,20000
28826,10,20000
28827,10,0
28828,10,0
28829,10,30000
28830,10,0
28831,10,0
28832,10,30000
28833,10,30000
28834,10,50000
28835,10,5000
28836,10,50000
28837,10,30000
28838,10,20000
28839,10,5000
28840,10,5000
28841,10,0
28842,10,10000
28843,10,20000
28844,10,0
28845,10,10000
28846,10,40000
28847,10,10000
28848,10,0
28849,10,5000
28850,10,20000
28851,10,30000
28852,10,50000
28853,10,30000
28854,10,30000
28855,10,10000
28856,10,0
28857,10,5000
28858,10,5000
28859,10,5000
28860,10,40000
28861,10,20000
28862,10,0
28863,10,30000
28864,10,0
28865,10,10000
28866,10,20000
28867,10,20000
28868,10,0
28869,10,20000
28870,10,5000
28871,10,20000
28872,10,0
28873,10,30000
28874,10,5000
28875,10,0
28876,10,20000
28877,10,50000
28878,10,50000
28879,10,5000
28880,10,5000
28881,10,50000
28882,10,5000
28883,10,0
28884,10,40000
28885,10,30000
28886,10,0
28887,10,0
28888,10,40000
28889,10,20000
28890,10,20000
28891,10,0
28892,10,10000
28893,10,40000
28894,10,0
28895,10,50000
28896,10,5000
28897,10,30000
28898,10,20000
28899,10,30000
28900,10,0
28901,10,40000
28902,10,20000
28903,10,10000
28904,10,10000
28905,10,40000
28906,10,20000
28907,10,5000
28908,10,10000
28909,10,0
28910,10,0
28911,10,5000
28912,10,20000
28913,10,50000
28914,10,40000
28915,10,5000
28916,10,0
28917,10,30000
28918,10,30000
28919,10,20000
28920,10,10000
28921,10,10000
28922,10,20000
28923,10,50000
28924,10,0
28925,10,5000
28926,10,0
28927,10,30000
28928,10,0
28929,10,50000
28930,10,50000
28931,10,5000
28932,10,50000
28933,10,40000
28934,10,20000
28935,10,20000
28936,10,0
28937,10,50000
28938,10,40000
28939,10,30000
28940,10,50000
28941,10,0
28942,10,0
28943,10,30000
28944,10,30000
28945,10,30000
28946,10,50000
28947,10,20000
28948,10,30000
28949,10,0
28950,10,30000
28951,10,30000
28952,10,5000
28953,10,5000
28954,10,40000
28955,10,0
28956,10,10000
28957,10,40000
28958,10,50000
28959,10,50000
28960,10,10000
28961,10,30000
28962,10,5000
28963,10,0
28964,10,50000
28965,10,5000
28966,10,50000
28967,10,0
28968,10,40000
28969,10,40000
28970,10,10000
28971,10,10000
28972,10,20000
28973,10,5000
28974,10,20000
28975,10,10000
28976,10,5000
28977,10,0
28978,10,50000
28979,10,20000
28980,10,5000
28981,10,0
28982,10,30000
28983,10,30000
28984,10,50000
28985,10,20000
28986,10,30000
28987,10,40000
28988,10,5000
28989,10,20000
28990,10,5000
28991,10,30000
28992,10,30000
28993,10,0
28994,10,50000
28995,10,20000
28996,10,10000
28997,10,0
28998,10,0
28999,10,20000
29000,10,10000
29001,10,10000
29002,10,10000
29003,10,50000
29004,10,30000
29005,10,40000
29006,10,20000
29007,10,30000
29008,10,40000
29009,10,0
29010,10,40000
29011,10,50000
29012,10,0
29013,10,0
29014,10,10000
29015,10,50000
29016,10,0
29017,10,0
29018,10,40000
29019,10,50000
29020,10,40000
29021,10,0
29022,10,20000
29023,10,40000
29024,10,20000
29025,10,5000
29026,10,50000
29027,10,10000
29028,10,0
29029,10,20000
29030,10,30000
29031,10,50000
29032,10,30000
29033,10,20000
29034,10,0
29035,10,30000
29036,10,50000
29037,10,0
29038,10,40000
29039,10,0
29040,10,5000
29041,10,0
29042,10,0
29043,10,0
29044,10,20000
29045,10,0
29046,10,30000
29047,10,50000
29048,10,0
29049,10,30000
29050,10,5000
29051,10,50000
29052,10,5000
29053,10,30000
29054,10,50000
29055,10,20000
29056,10,30000
29057,10,0
29058,10,20000
29059,10,5000
29060,10,50000
29061,10,5000
29062,10,30000
29063,10,20000
29064,10,5000
29065,10,40000
29066,10,0
29067,10,30000
29068,10,20000
29069,10,5000
29070,10,0
29071,10,5000
29072,10,20000
29073,10,0
29074,10,0
29075,10,10000
29076,10,50000
29077,10,30000
29078,10,20000
29079,10,50000
29080,10,10000
29081,10,20000
29082,10,10000
29083,10,0
29084,10,5000
29085,10,40000
29086,10,10000
29087,10,30000
29088,10,40000
29089,10,40000
29090,10,0
29091,10,30000
29092,10,40000
29093,10,5000
29094,10,40000
29095,10,5000
29096,10,20000
29097,10,20000
29098,10,5000
29099,10,0
29100,10,50000
29101,10,40000
29102,10,10000
29103,10,0
29104,10,5000
29105,10,20000
29106,10,20000
29107,10,10000
29108,10,10000
29109,10,30000
29110,10,0
29111,10,20000
29112,10,20000
29113,10,0
29114,10,50000
29115,10,20000
29116,10,10000
29117,10,10000
29118,10,40000
29119,10,0
29120,10,50000
29121,10,0
29122,10,0
29123,10,30000
29124,10,30000
29125,10,10000
29126,10,0
29127,10,20000
29128,10,0
29129,10,40000
29130,10,40000
29131,10,0
29132,10,10000
29133,10,0
29134,10,0
29135,10,0
29136,10,0
29137,10,0
29138,10,0
29139,10,0
29140,10,30000
29141,10,10000
29142,10,0
29143,10,50000
29144,10,0
29145,10,5000
29146,10,0
29147,10,40000
29148,10,30000
29149,10,10000
29150,10,0
29151,10,20000
29152,10,20000
29153,10,20000
29154,10,0
29155,10,50000
29156,10,10000
29157,10,0
29158,10,30000
29159,10,20000
29160,10,30000
29161,10,0
29162,10,10000
29163,10,30000
29164,10,0
29165,10,50000
29166,10,0
29167,10,40000
29168,10,40000
29169,10,0
29170,10,10000
29171,10,30000
29172,10,20000
29173,10,20000
29174,10,5000
29175,10,0
29176,10,20000
29177,10,10000
29178,10,50000
29179,10,0
29180,10,10
29181,10,5000
29182,10,20000
29183,10,0
29184,10,20000
29185,10,10
29186,10,5000
29187,10,10000
29188,10,5000
29189,10,5000
29190,10,10000
29191,10,50000
29192,10,10000
29193,10,40000
29194,10,5000
29195,10,5000
29196,10,20000
29197,10,30000
29198,10,10000
29199,10,20000
29200,10,0
29201,10,20000
29202,10,20000
29203,10,10000
29204,10,20000
29205,10,20000
29206,10,50000
29207,10,10000
29208,10,20000
29209,10,30000
29210,10,40000
29211,10,40000
29212,10,0
29213,10,30000
29214,10,30000
29215,10,50000
29216,10,5000
29217,10,20000
29218,10,0
29219,10,5000
29220,10,30000
29221,10,30000
29222,10,20000
29223,10,20000
29224,10,40000
29225,10,0
29226,10,30000
29227,10,20000
29228,10,5000
29229,10,5000
29230,10,0
29231,10,10000
29232,10,30000
29233,10,5000
29234,10,0
29235,10,50000
29236,10,0
29237,10,10000
29238,10,5000
29239,10,20000
29240,10,50000
29241,10,0
29242,10,30000
29243,10,30000
29244,10,20000
29245,10,0
29246,10,30000
29247,10,50000
29248,10,20000
29249,10,0
29250,10,30000
29251,10,0
29252,10,20000
29253,10,10000
29254,10,20000
29255,10,0
29256,10,0
29257,10,50000
29258,10,30000
29259,10,0
29260,10,40000
29261,10,5000
29262,10,10000
29263,10,50000
29264,10,0
29265,10,10000
29266,10,20000
29267,10,10000
29268,10,20000
29269,10,40000
29270,10,30000
29271,10,50000
29272,10,40000
29273,10,50000
29274,10,20000
29275,10,40000
29276,10,5000
29277,10,0
29278,10,50000
29279,10,40000
29280,10,5000
29281,10,20000
29282,10,20000
29283,10,20000
29284,10,10000
29285,10,50000
29286,10,0
29287,10,10000
29288,10,0
29289,10,0
29290,10,20000
29291,10,0
29292,10,30000
29293,10,0
29294,10,20000
29295,10,0
29296,10,20000
29297,10,5000
29298,10,20000
29299,10,30000
29300,10,20000
29301,10,10000
29302,10,10000
29303,10,0
29304,10,0
29305,10,0
29306,10,5000
29307,10,0
29308,10,0
29309,10,10000
29310,10,10000
29311,10,0
29312,10,20000
29313,10,30000
29314,10,10000
29315,10,0
29316,10,30000
29317,10,30000
29318,10,40000
29319,10,20000
29320,10,20000
29321,10,30000
29322,10,50000
29323,10,5000
29324,10,0
29325,10,40000
29326,10,0
29327,10,50000
29328,10,0
29329,10,40000
29330,10,5000
29331,10,0
29332,10,20000
29333,10,50000
29334,10,30000
29335,10,10000
29336,10,0
29337,10,30000
29338,10,50000
29339,10,0
29340,10,0
29341,10,50000
29342,10,30000
29343,10,0
29344,10,50000
29345,10,40000
29346,10,5000
29347,10,0
29348,10,30000
29349,10,0
29350,10,0
29351,10,40000
29352,10,30000
29353,10,30000
29354,10,0
29355,10,0
29356,10,5000
29357,10,50000
29358,10,30000
29359,10,20000
29360,10,20000
29361,10,0
29362,10,0
29363,10,20000
29364,10,30000
29365,10,40000
29366,10,5000
29367,10,10000
29368,10,0
29369,10,5000
29370,10,30000
29371,10,0
29372,10,20000
29373,10,20000
29374,10,30000
29375,10,20000
29376,10,0
29377,10,20000
29378,10,10000
29379,10,30000
29380,10,20000
29381,10,0
29382,10,5000
29383,10,50000
29384,10,0
29385,10,20000
29386,10,30000
29387,10,5000
29388,10,5000
29389,10,40000
29390,10,0
29391,10,0
29392,10,50000
29393,10,0
29394,10,20000
29395,10,0
29396,10,30000
29397,10,0
29398,10,50000
29399,10,20000
29400,10,0
29401,10,5000
29402,10,10000
29403,10,40000
29404,10,20000
29405,10,50000
29406,10,20000
29407,10,5000
29408,10,0
29409,10,20000
29410,10,0
29411,10,10000
29412,10,10000
29413,10,50000
29414,10,50000
29415,10,50000
29416,10,5000
29417,10,0
29418,10,40000
29419,10,50000
29420,10,20000
29421,10,10000
29422,10,0
29423,10,30000
29424,10,40000
29425,10,20000
29426,10,0
29427,10,10000
29428,10,0
29429,10,0
29430,10,5000
29431,10,30000
29432,10,0
29433,10,0
29434,10,20000
29435,10,20000
29436,10,50000
29437,10,0
29438,10,10000
29439,10,0
29440,10,40000
29441,10,20000
29442,10,20000
29443,10,30000
29444,10,30000
29445,10,20000
29446,10,30000
29447,10,50000
29448,10,20000
29449,10,0
29450,10,20000
29451,10,0
29452,10,0
29453,10,0
29454,10,5000
29455,10,5000
29456,10,30000
29457,10,50000
29458,10,0
29459,10,30000
29460,10,0
29461,10,5000
29462,10,30000
29463,10,50000
29464,10,50000
29465,10,10000
29466,10,40000
29467,10,0
29468,10,0
29469,10,0
29470,10,0
29471,10,40000
29472,10,10000
29473,10,10000
29474,10,5000
29475,10,20000
29476,10,30000
29477,10,5000
29478,10,20000
29479,10,50000
29480,10,0
29481,10,30000
29482,10,30000
29483,10,20000
29484,10,0
29485,10,20000
29486,10,5000
29487,10,20000
29488,10,30000
29489,10,0
29490,10,20000
29491,10,10000
29492,10,20000
29493,10,30000
29494,10,5000
29495,10,20000
29496,10,40000
29497,10,20000
29498,10,5000
29499,10,30000
29500,10,20000
29501,10,50000
29502,10,5000
29503,10,10000
29504,10,20000
29505,10,20000
29506,10,40000
29507,10,40000
29508,10,0
29509,10,40000
29510,10,0
29511,10,20000
29512,10,30000
29513,10,0
29514,10,50000
29515,10,40000
29516,10,20000
29517,10,30000
29518,10,50000
29519,10,30000
29520,10,0
29521,10,0
29522,10,20000
29523,10,0
29524,10,40000
29525,10,5000
29526,10,0
29527,10,30000
29528,10,10000
29529,10,50000
29530,10,50000
29531,10,30000
29532,10,0
29533,10,10000
29534,10,0
29535,10,40000
29536,10,10000
29537,10,50000
29538,10,0
29539,10,40000
29540,10,0
29541,10,20000
29542,10,40000
29543,10,40000
29544,10,40000
29545,10,5000
29546,10,0
29547,10,20000
29548,10,30000
29549,10,20000
29550,10,5000
29551,10,40000
29552,10,30000
29553,10,30000
29554,10,5000
29555,10,40000
29556,10,0
29557,10,0
29558,10,20000
29559,10,20000
29560,10,40000
29561,10,30000
29562,10,20000
29563,10,10
29564,10,30000
29565,10,20000
29566,10,20000
29567,10,10000
29568,10,0
29569,10,0
29570,10,5000
29571,10,20000
29572,10,0
29573,10,30000
29574,10,50000
29575,10,40000
29576,10,5000
29577,10,10000
29578,10,0
29579,10,20000
29580,10,50000
29581,10,5000
29582,10,0
29583,10,20000
29584,10,20000
29585,10,0
29586,10,5000
29587,10,0
29588,10,30000
29589,10,0
29590,10,20000
29591,10,50000
29592,10,0
29593,10,0
29594,10,5000
29595,10,0
29596,10,5000
29597,10,30000
29598,10,0
29599,10,10000
29600,10,50000
29601,10,50000
29602,10,0
29603,10,30000
29604,10,40000
29605,10,10000
29606,10,20000
29607,10,20000
29608,10,20000
29609,10,0
29610,10,20000
29611,10,30000
29612,10,20000
29613,10,0
29614,10,10000
29615,10,10000
29616,10,50000
29617,10,0
29618,10,30000
29619,10,20000
29620,10,50000
29621,10,20000
29622,10,0
29623,10,0
29624,10,30000
29625,10,20000
29626,10,5000
29627,10,30000
29628,10,50000
29629,10,10000
29630,10,5000
29631,10,30000
29632,10,20000
29633,10,20000
29634,10,40000
29635,10,5000
29636,10,20000
29637,10,5000
29638,10,0
29639,10,50000
29640,10,10000
29641,10,0
29642,10,5000
29643,10,30000
29644,10,0
29645,10,5000
29646,10,0
29647,10,30000
29648,10,0
29649,10,30000
29650,10,0
29651,10,0
29652,10,40000
29653,10,0
29654,10,0
29655,10,0
29656,10,20000
29657,10,0
29658,10,5000
29659,10,0
29660,10,10000
29661,10,5000
29662,10,30000
29663,10,5000
29664,10,20000
29665,10,30000
29666,10,20000
29667,10,40000
29668,10,40000
29669,10,0
29670,10,10000
29671,10,30000
29672,10,20000
29673,10,20000
29674,10,0
29675,10,40000
29676,10,10000
29677,10,50000
29678,10,20000
29679,10,20000
29680,10,0
29681,10,0
29682,10,20000
29683,10,40000
29684,10,50000
29685,10,0
29686,10,40000
29687,10,0
29688,10,10000
29689,10,20000
29690,10,5000
29691,10,30000
29692,10,5000
29693,10,30000
29694,10,20000
29695,10,5000
29696,10,0
29697,10,10000
29698,10,40000
29699,10,20000
29700,10,0
29701,10,0
29702,10,0
29703,10,0
29704,10,5000
29705,10,20000
29706,10,50000
29707,10,30000
29708,10,5000
29709,10,20000
29710,10,5000
29711,10,50000
29712,10,20000
29713,10,30000
29714,10,20000
29715,10,50000
29716,10,30000
29717,10,40000
29718,10,20000
29719,10,40000
29720,10,30000
29721,10,50000
29722,10,20000
29723,10,5000
29724,10,50000
29725,10,40000
29726,10,30000
29727,10,30000
29728,10,0
29729,10,30000
29730,10,10
29731,10,20000
29732,10,20000
29733,10,50000
29734,10,0
29735,10,50000
29736,10,10000
29737,10,10000
29738,10,0
29739,10,30000
29740,10,0
29741,10,20000
29742,10,0
29743,10,10000
29744,10,0
29745,10,5000
29746,10,40000
29747,10,5000
29748,10,20000
29749,10,30000
29750,10,0
29751,10,30000
29752,10,30000
29753,10,0
29754,10,0
29755,10,20000
29756,10,20000
29757,10,30000
29758,10,5000
29759,10,50000
29760,10,20000
29761,10,50000
29762,10,30000
29763,10,20000
29764,10,20000
29765,10,50000
29766,10,20000
29767,10,0
29768,10,40000
29769,10,20000
29770,10,40000
29771,10,5000
29772,10,10000
29773,10,5000
29774,10,30000
29775,10,0
29776,10,10000
29777,10,30000
29778,10,10000
29779,10,30000
29780,10,10000
29781,10,50000
29782,10,40000
29783,10,50000
29784,10,50000
29785,10,0
29786,10,50000
29787,10,5000
29788,10,0
29789,10,40000
29790,10,20000
29791,10,0
29792,10,30000
29793,10,0
29794,10,5000
29795,10,0
29796,10,0
29797,10,10000
29798,10,5000
29799,10,40000
29800,10,40000
29801,10,40000
29802,10,40000
29803,10,30000
29804,10,50000
29805,10,50000
29806,10,40000
29807,10,0
29808,10,0
29809,10,50000
29810,10,30000
29811,10,20000
29812,10,5000
29813,10,0
29814,10,50000
29815,10,50000
29816,10,0
29817,10,30000
29818,10,50000
29819,10,30000
29820,10,50000
29821,10,20000
29822,10,40000
29823,10,0
29824,10,0
29825,10,30000
29826,10,20000
29827,10,0
29828,10,0
29829,10,5000
29830,10,0
29831,10,0
29832,10,50000
29833,10,10000
29834,10,50000
29835,10,50000
29836,10,20000
29837,10,50000
29838,10,20000
29839,10,10000
29840,10,0
29841,10,10000
29842,10,5000
29843,10,40000
29844,10,20000
29845,10,0
29846,10,0
29847,10,20000
29848,10,50000
29849,10,0
29850,10,10000
29851,10,20000
29852,10,40000
29853,10,0
29854,10,5000
29855,10,0
29856,10,20000
29857,10,30000
29858,10,0
29859,10,20000
29860,10,30000
29861,10,5000
29862,10,30000
29863,10,10000
29864,10,5000
29865,10,30000
29866,10,0
29867,10,0
29868,10,5000
29869,10,30000
29870,10,5000
29871,10,0
29872,10,30000
29873,10,50000
29874,10,30000
29875,10,5000
29876,10,5000
29877,10,50000
29878,10,50000
29879,10,5000
29880,10,0
29881,10,0
29882,10,50000
29883,10,10000
29884,10,0
29885,10,30000
29886,10,50000
29887,10,50000
29888,10,10000
29889,10,30000
29890,10,30000
29891,10,0
29892,10,10000
29893,10,0
29894,10,0
29895,10,30000
29896,10,0
29897,10,0
29898,10,30000
29899,10,0
29900,10,10000
29901,10,40000
29902,10,10000
29903,10,50000
29904,10,30000
29905,10,50000
29906,10,50000
29907,10,10000
29908,10,50000
29909,10,40000
29910,10,10000
29911,10,40000
29912,10,0
29913,10,0
29914,10,40000
29915,10,40000
29916,10,40000
29917,10,0
29918,10,30000
29919,10,50000
29920,10,50000
29921,10,0
29922,10,20000
29923,10,30000
29924,10,30000
29925,10,50000
29926,10,50000
29927,10,0
29928,10,0
29929,10,10000
29930,10,30000
29931,10,30000
29932,10,5000
29933,10,5000
29934,10,5000
29935,10,30000
29936,10,5000
29937,10,40000
29938,10,50000
29939,10,30000
29940,10,0
29941,10,0
29942,10,0
29943,10,20000
29944,10,30000
29945,10,40000
29946,10,0
29947,10,0
29948,10,20000
29949,10,0
29950,10,0
29951,10,10000
29952,10,30000
29953,10,0
29954,10,0
29955,10,50000
29956,10,40000
29957,10,50000
29958,10,50000
29959,10,0
29960,10,20000
29961,10,0
29962,10,0
29963,10,50000
29964,10,50000
29965,10,50000
29966,10,50000
29967,10,20000
29968,10,30000
29969,10,20000
29970,10,5000
29971,10,20000
29972,10,30000
29973,10,0
29974,10,0
29975,10,0
29976,10,20000
29977,10,30000
29978,10,20000
29979,10,0
29980,10,10000
29981,10,50000
29982,10,30000
29983,10,50000
29984,10,40000
29985,10,50000
29986,10,40000
29987,10,50000
29988,10,20000
29989,10,40000
29990,10,30000
29991,10,10000
29992,10,20000
29993,10,0
29994,10,20000
29995,10,0
29996,10,30000
29997,10,5000
29998,10,50000
29999,10,0
30000,10,20000
30001,10,0
30002,10,0
30003,10,40000
30004,10,5000
30005,10,0
30006,10,5000
30007,10,0
30008,10,10000
30009,10,20000
30010,10,10000
30011,10,50000
30012,10,10000
30013,10,10000
30014,10,20000
30015,10,30000
30016,10,5000
30017,10,0
30018,10,10000
30019,10,40000
30020,10,50000
30021,10,0
30022,10,40000
30023,10,30000
30024,10,0
30025,10,0
30026,10,30000
30027,10,30000
30028,10,20000
30029,10,40000
30030,10,50000
30031,10,30000
30032,10,50000
30033,10,0
30034,10,50000
30035,10,0
30036,10,50000
30037,10,0
30038,10,30000
30039,10,40000
30040,10,0
30041,10,0
30042,10,0
30043,10,20000
30044,10,5000
30045,10,20000
30046,10,30000
30047,10,0
30048,10,20000
30049,10,0
30050,10,10000
30051,10,0
30052,10,50000
30053,10,0
30054,10,0
30055,10,50000
30056,10,5000
30057,10,30000
30058,10,20000
30059,10,20000
30060,10,5000
30061,10,50000
30062,10,30000
30063,10,20000
30064,10,0
30065,10,30000
30066,10,30000
30067,10,10000
30068,10,0
30069,10,5000
30070,10,0
30071,10,30000
30072,10,20000
30073,10,40000
30074,10,20000
30075,10,0
30076,10,20000
30077,10,50000
30078,10,40000
30079,10,40000
30080,10,0
30081,10,10000
30082,10,50000
30083,10,10000
30084,10,40000
30085,10,50000
30086,10,50000
30087,10,30000
30088,10,20000
30089,10,0
30090,10,10000
30091,10,40000
30092,10,20000
30093,10,5000
30094,10,10000
30095,10,20000
30096,10,50000
30097,10,0
30098,10,30000
30099,10,10000
30100,10,0
30101,10,0
30102,10,0
30103,10,40000
30104,10,10000
30105,10,10000
30106,10,50000
30107,10,50000
30108,10,50000
30109,10,30000
30110,10,0
30111,10,0
30112,10,40000
30113,10,5000
30114,10,0
30115,10,10000
30116,10,0
30117,10,30000
30118,10,40000
30119,10,50000
30120,10,50000
30121,10,50000
30122,10,0
30123,10,5000
30124,10,0
30125,10,10000
30126,10,0
30127,10,0
30128,10,10000
30129,10,50000
30130,10,5000
30131,10,20000
30132,10,0
30133,10,20000
30134,10,0
30135,10,50000
30136,10,0
30137,10,30000
30138,10,0
30139,10,50000
30140,10,0
30141,10,5000
30142,10,40000
30143,10,5000
30144,10,0
30145,10,5000
30146,10,0
30147,10,10000
30148,10,40000
30149,10,10000
30150,10,50000
30151,10,5000
30152,10,20000
30153,10,50000
30154,10,5000
30155,10,30000
30156,10,50000
30157,10,30000
30158,10,10000
30159,10,10000
30160,10,20000
30161,10,50000
30162,10,0
30163,10,40000
30164,10,30000
30165,10,30000
30166,10,0
30167,10,0
30168,10,20000
30169,10,30000
30170,10,30000
30171,10,0
30172,10,20000
30173,10,10000
30174,10,0
30175,10,20000
30176,10,0
30177,10,40000
30178,10,0
30179,10,0
30180,10,10000
30181,10,20000
30182,10,0
30183,10,40000
30184,10,40000
30185,10,40000
30186,10,20000
30187,10,0
30188,10,20000
30189,10,20000
30190,10,20000
30191,10,0
30192,10,30000
30193,10,10000
30194,10,20000
30195,10,0
30196,10,50000
30197,10,0
30198,10,5000
30199,10,50000
30200,10,20000
30201,10,40000
30202,10,40000
30203,10,0
30204,10,50000
30205,10,0
30206,10,0
30207,10,50000
30208,10,5000
30209,10,0
30210,10,10000
30211,10,50000
30212,10,50000
30213,10,5000
30214,10,30000
30215,10,50000
30216,10,30000
30217,10,50000
30218,10,50000
30219,10,20000
30220,10,10000
30221,10,30000
30222,10,5000
30223,10,0
30224,10,0
30225,10,20000
30226,10,5000
30227,10,20000
30228,10,50000
30229,10,0
30230,10,0
30231,10,0
30232,10,40000
30233,10,40000
30234,10,5000
30235,10,0
30236,10,0
30237,10,30000
30238,10,10000
30239,10,50000
30240,10,50000
30241,10,0
30242,10,0
30243,10,5000
30244,10,5000
30245,10,0
30246,10,5000
30247,10,0
30248,10,20000
30249,10,30000
30250,10,5000
30251,10,5000
30252,10,20000
30253,10,5000
30254,10,0
30255,10,0
30256,10,50000
30257,10,0
30258,10,20000
30259,10,0
30260,10,10000
30261,10,5000
30262,10,0
30263,10,0
30264,10,0
30265,10,5000
30266,10,5000
30267,10,20000
30268,10,0
30269,10,0
30270,10,40000
30271,10,5000
30272,10,40000
30273,10,5000
30274,10,0
30275,10,0
30276,10,50000
30277,10,5000
30278,10,40000
30279,10,40000
30280,10,20000
30281,10,30000
30282,10,50000
30283,10,30000
30284,10,20000
30285,10,0
30286,10,0
30287,10,40000
30288,10,50000
30289,10,0
30290,10,10000
30291,10,50000
30292,10,50000
30293,10,30000
30294,10,0
30295,10,50000
30296,10,10000
30297,10,0
30298,10,50000
30299,10,40000
30300,10,50000
30301,10,5000
30302,10,5000
30303,10,0
30304,10,40000
30305,10,30000
30306,10,40000
30307,10,5000
30308,10,0
30309,10,20000
30310,10,50000
30311,10,5000
30312,10,0
30313,10,50000
30314,10,20000
30315,10,40000
30316,10,20000
30317,10,5000
30318,10,10000
30319,10,20000
30320,10,0
30321,10,50000
30322,10,40000
30323,10,40000
30324,10,0
30325,10,30000
30326,10,50000
30327,10,20000
30328,10,40000
30329,10,30000
30330,10,50000
30331,10,0
30332,10,5000
30333,10,5000
30334,10,0
30335,10,20000
30336,10,20000
30337,10,0
30338,10,40000
30339,10,0
30340,10,0
30341,10,30000
30342,10,5000
30343,10,40000
30344,10,0
30345,10,0
30346,10,5000
30347,10,20000
30348,10,20000
30349,10,50000
30350,10,20000
30351,10,30000
30352,10,20000
30353,10,40000
30354,10,50000
30355,10,0
30356,10,30000
30357,10,20000
30358,10,30000
30359,10,0
30360,10,40000
30361,10,40000
30362,10,20000
30363,10,30000
30364,10,40000
30365,10,40000
30366,10,0
30367,10,20000
30368,10,0
30369,10,0
30370,10,0
30371,10,0
30372,10,0
30373,10,0
30374,10,10000
30375,10,50000
30376,10,0
30377,10,0
30378,10,20000
30379,10,50000
30380,10,5000
30381,10,30000
30382,10,20000
30383,10,10000
30384,10,50000
30385,10,0
30386,10,0
30387,10,0
30388,10,0
30389,10,10000
30390,10,20000
30391,10,50000
30392,10,50000
30393,10,0
30394,10,10000
30395,10,10000
30396,10,30000
30397,10,0
30398,10,0
30399,10,20000
30400,10,40000
30401,10,40000
30402,10,40000
30403,10,0
30404,10,0
30405,10,0
30406,10,0
30407,10,20000
30408,10,30000
30409,10,20000
30410,10,10000
30411,10,40000
30412,10,50000
30413,10,10000
30414,10,20000
30415,10,0
30416,10,30000
30417,10,5000
30418,10,30000
30419,10,30000
30420,10,0
30421,10,30000
30422,10,5000
30423,10,10000
30424,10,5000
30425,10,0
30426,10,20000
30427,10,50000
30428,10,10000
30429,10,0
30430,10,10000
30431,10,0
30432,10,0
30433,10,30000
30434,10,40000
30435,10,0
30436,10,30000
30437,10,0
30438,10,40000
30439,10,20000
30440,10,0
30441,10,30000
30442,10,20000
30443,10,20000
30444,10,0
30445,10,40000
30446,10,10000
30447,10,5000
30448,10,0
30449,10,10000
30450,10,30000
30451,10,5000
30452,10,0
30453,10,10000
30454,10,0
30455,10,0
30456,10,0
30457,10,0
30458,10,20000
30459,10,50000
30460,10,5000
30461,10,40000
30462,10,0
30463,10,50000
30464,10,40000
30465,10,30000
30466,10,0
30467,10,10000
30468,10,10000
30469,10,20000
30470,10,50000
30471,10,0
30472,10,30000
30473,10,30000
30474,10,30000
30475,10,50000
30476,10,30000
30477,10,30000
30478,10,0
30479,10,50000
30480,10,20000
30481,10,5000
30482,10,20000
30483,10,0
30484,10,50000
30485,10,0
30486,10,20000
30487,10,50000
30488,10,0
30489,10,0
30490,10,30000
30491,10,0
30492,10,5000
30493,10,10000
30494,10,20000
30495,10,30000
30496,10,20000
30497,10,0
30498,10,50000
30499,10,10000
30500,10,5000
30501,10,20000
30502,10,20000
30503,10,10000
30504,10,50000
30505,10,50000
30506,10,0
30507,10,10000
30508,10,20000
30509,10,0
30510,10,20000
30511,10,20000
30512,10,0
30513,10,50000
30514,10,0
30515,10,50000
30516,10,50000
30517,10,30000
30518,10,10000
30519,10,0
30520,10,30000
30521,10,40000
30522,10,5000
30523,10,30000
30524,10,5000
30525,10,40000
30526,10,30000
30527,10,0
30528,10,50000
30529,10,50000
30530,10,5000
30531,10,50000
30532,10,10000
30533,10,5000
30534,10,0
30535,10,5000
30536,10,5000
30537,10,30000
30538,10,20000
30539,10,20000
30540,10,50000
30541,10,0
30542,10,20000
30543,10,30000
30544,10,10000
30545,10,30000
30546,10,0
30547,10,30000
30548,10,0
30549,10,30000
30550,10,20000
30551,10,0
30552,10,0
30553,10,40000
30554,10,50000
30555,10,30000
30556,10,0
30557,10,20000
30558,10,5000
30559,10,0
30560,10,50000
30561,10,0
30562,10,30000
30563,10,50000
30564,10,50000
30565,10,40000
30566,10,0
30567,10,50000
30568,10,0
30569,10,0
30570,10,0
30571,10,0
30572,10,0
30573,10,0
30574,10,0
30575,10,0
30576,10,30000
30577,10,5000
30578,10,10000
30579,10,0
30580,10,10000
30581,10,5000
30582,10,40000
30583,10,10000
30584,10,0
30585,10,5000
30586,10,5000
30587,10,10000
30588,10,40000
30589,10,20000
30590,10,50000
30591,10,5000
30592,10,20000
30593,10,30000
30594,10,50000
30595,10,0
30596,10,50000
30597,10,50000
30598,10,50000
30599,10,20000
30600,10,0
30601,10,50000
30602,10,10000
30603,10,10000
30604,10,20000
30605,10,0
30606,10,10000
30607,10,0
30608,10,20000
30609,10,0
30610,10,20000
30611,10,0
30612,10,10000
30613,10,0
30614,10,0
30615,10,5000
30616,10,30000
30617,10,5000
30618,10,40000
30619,10,40000
30620,10,30000
30621,10,10000
30622,10,0
30623,10,0
30624,10,40000
30625,10,20000
30626,10,0
30627,10,20000
30628,10,5000
30629,10,50000
30630,10,30000
30631,10,30000
30632,10,50000
30633,10,5000
30634,10,0
30635,10,30000
30636,10,40000
30637,10,30000
30638,10,5000
30639,10,0
30640,10,50000
30641,10,50000
30642,10,10000
30643,10,30000
30644,10,10000
30645,10,20000
30646,10,30000
30647,10,30000
30648,10,30000
30649,10,20000
30650,10,0
30651,10,5000
30652,10,40000
30653,10,40000
30654,10,5000
30655,10,40000
30656,10,0
30657,10,0
30658,10,5000
30659,10,40000
30660,10,0
30661,10,40000
30662,10,20000
30663,10,30000
30664,10,0
30665,10,40000
30666,10,20000
30667,10,10000
30668,10,0
30669,10,40000
30670,10,50000
30671,10,0
30672,10,40000
30673,10,50000
30674,10,5000
30675,10,50000
30676,10,10
30677,10,0
30678,10,50000
30679,10,20000
30680,10,20000
30681,10,30000
30682,10,50000
30683,10,5000
30684,10,0
30685,10,40000
30686,10,0
30687,10,0
30688,10,0
30689,10,10000
30690,10,50000
30691,10,5000
30692,10,50000
30693,10,30000
30694,10,0
30695,10,10000
30696,10,50000
30697,10,40000
30698,10,5000
30699,10,5000
30700,10,5000
30701,10,0
30702,10,5000
30703,10,30000
30704,10,5000
30705,10,30000
30706,10,40000
30707,10,20000
30708,10,0
30709,10,40000
30710,10,20000
30711,10,20000
30712,10,20000
30713,10,0
30714,10,5000
30715,10,5000
30716,10,5000
30717,10,10000
30718,10,0
30719,10,50000
30720,10,0
30721,10,0
30722,10,20000
30723,10,0
30724,10,0
30725,10,0
30726,10,0
30727,10,0
30728,10,5000
30729,10,40000
30730,10,10000
30731,10,50000
30732,10,20000
30733,10,5000
30734,10,10000
30735,10,20000
30736,10,20000
30737,10,10000
30738,10,30000
30739,10,0
30740,10,20000
30741,10,20000
30742,10,0
30743,10,30000
30744,10,50000
30745,10,20000
30746,10,30000
30747,10,10000
30748,10,30000
30749,10,30000
30750,10,30000
30751,10,50000
30752,10,10000
30753,10,30000
30754,10,30000
30755,10,0
30756,10,0
30757,10,30000
30758,10,30000
30759,10,0
30760,10,0
30761,10,20000
30762,10,0
30763,10,40000
30764,10,5000
30765,10,50000
30766,10,0
30767,10,5000
30768,10,10000
30769,10,0
30770,10,50000
30771,10,10000
30772,10,5000
30773,10,50000
30774,10,40000
30775,10,30000
30776,10,0
30777,10,30000
30778,10,10000
30779,10,5000
30780,10,0
30781,10,20000
30782,10,0
30783,10,50000
30784,10,0
30785,10,50000
30786,10,40000
30787,10,50000
30788,10,20000
30789,10,20000
30790,10,20000
30791,10,0
30792,10,0
30793,10,0
30794,10,0
30795,10,0
30796,10,5000
30797,10,0
30798,10,0
30799,10,30000
30800,10,40000
30801,10,50000
30802,10,40000
30803,10,5000
30804,10,50000
30805,10,10
30806,10,20000
30807,10,50000
30808,10,30000
30809,10,0
30810,10,40000
30811,10,0
30812,10,50000
30813,10,30000
30814,10,0
30815,10,5000
30816,10,0
30817,10,40000
30818,10,0
30819,10,20000
30820,10,0
30821,10,20000
30822,10,20000
30823,10,40000
30824,10,20000
30825,10,5000
30826,10,40000
30827,10,40000
30828,10,20000
30829,10,0
30830,10,0
30831,10,10000
30832,10,40000
30833,10,40000
30834,10,40000
30835,10,20000
30836,10,20000
30837,10,30000
30838,10,50000
30839,10,5000
30840,10,5000
30841,10,0
30842,10,30000
30843,10,0
30844,10,30000
30845,10,0
30846,10,0
30847,10,40000
30848,10,50000
30849,10,0
30850,10,20000
30851,10,20000
30852,10,20000
30853,10,30000
30854,10,5000
30855,10,30000
30856,10,10000
30857,10,50000
30858,10,30000
30859,10,20000
30860,10,50000
30861,10,50000
30862,10,10000
30863,10,20000
30864,10,0
30865,10,50000
30866,10,40000
30867,10,10000
30868,10,20000
30869,10,5000
30870,10,0
30871,10,40000
30872,10,50000
30873,10,0
30874,10,40000
30875,10,30000
30876,10,0
30877,10,20000
30878,10,50000
30879,10,50000
30880,10,40000
30881,10,20000
30882,10,5000
30883,10,20000
30884,10,50000
30885,10,20000
30886,10,20000
30887,10,40000
30888,10,0
30889,10,0
30890,10,40000
30891,10,10000
30892,10,5000
30893,10,30000
30894,10,0
30895,10,30000
30896,10,30000
30897,10,10000
30898,10,0
30899,10,5000
30900,10,40000
30901,10,0
30902,10,0
30903,10,10000
30904,10,40000
30905,10,50000
30906,10,5000
30907,10,10
30908,10,10000
30909,10,10000
30910,10,0
30911,10,10000
30912,10,40000
30913,10,0
30914,10,50000
30915,10,40000
30916,10,40000
30917,10,10000
30918,10,40000
30919,10,5000
30920,10,5000
30921,10,0
30922,10,40000
30923,10,50000
30924,10,50000
30925,10,0
30926,10,30000
30927,10,0
30928,10,0
30929,10,5000
30930,10,20000
30931,10,10000
30932,10,30000
30933,10,0
30934,10,30000
30935,10,30000
30936,10,20000
30937,10,50000
30938,10,5000
30939,10,5000
30940,10,5000
30941,10,5000
30942,10,50000
30943,10,0
30944,10,0
30945,10,20000
30946,10,5000
30947,10,30000
30948,10,50000
30949,10,20000
30950,10,50000
30951,10,20000
30952,10,20000
30953,10,50000
30954,10,50000
30955,10,5000
30956,10,20000
30957,10,50000
30958,10,0
30959,10,50000
30960,10,0
30961,10,30000
30962,10,30000
30963,10,0
30964,10,50000
30965,10,0
30966,10,40000
30967,10,20000
30968,10,0
30969,10,0
30970,10,50000
30971,10,20000
30972,10,0
30973,10,10000
30974,10,0
30975,10,20000
30976,10,20000
30977,10,10000
30978,10,5000
30979,10,50000
30980,10,20000
30981,10,50000
30982,10,50000
30983,10,0
30984,10,40000
30985,10,50000
30986,10,20000
30987,10,0
30988,10,30000
30989,10,0
30990,10,30000
30991,10,40000
30992,10,10000
30993,10,40000
30994,10,0
30995,10,0
30996,10,50000
30997,10,20000
30998,10,0
30999,10,10000
31000,10,50000
31001,10,40000
31002,10,10000
31003,10,5000
31004,10,5000
31005,10,10000
31006,10,0
31007,10,30000
31008,10,50000
31009,10,40000
31010,10,0
31011,10,30000
31012,10,0
31013,10,40000
31014,10,20000
31015,10,40000
31016,10,0
31017,10,10000
31018,10,40000
31019,10,10000
31020,10,30000
31021,10,5000
31022,10,30000
31023,10,40000
31024,10,0
31025,10,40000
31026,10,40000
31027,10,30000
31028,10,0
31029,10,5000
31030,10,0
31031,10,50000
31032,10,0
31033,10,20000
31034,10,0
31035,10,30000
31036,10,0
31037,10,0
31038,10,0
31039,10,40000
31040,10,20000
31041,10,50000
31042,10,30000
31043,10,20000
31044,10,20000
31045,10,40000
31046,10,40000
31047,10,10000
31048,10,10000
31049,10,20000
31050,10,0
31051,10,5000
31052,10,50000
31053,10,0
31054,10,50000
31055,10,50000
31056,10,0
31057,10,0
31058,10,10000
31059,10,30000
31060,10,20000
31061,10,0
31062,10,30000
31063,10,5000
31064,10,5000
31065,10,20000
31066,10,5000
31067,10,50000
31068,10,0
31069,10,20000
31070,10,30000
31071,10,0
31072,10,30000
31073,10,0
31074,10,30000
31075,10,10000
31076,10,0
31077,10,30000
31078,10,40000
31079,10,50000
31080,10,0
31081,10,50000
31082,10,0
31083,10,20000
31084,10,50000
31085,10,20000
31086,10,20000
31087,10,20000
31088,10,0
31089,10,30000
31090,10,20000
31091,10,10000
31092,10,40000
31093,10,5000
31094,10,50000
31095,10,50000
31096,10,0
31097,10,30000
31098,10,10000
31099,10,0
31100,10,0
31101,10,0
31102,10,5000
31103,10,20000
31104,10,20000
31105,10,30000
31106,10,20000
31107,10,20000
31108,10,10000
31109,10,30000
31110,10,0
31111,10,5000
31112,10,20000
31113,10,0
31114,10,20000
31115,10,20000
31116,10,5000
31117,10,0
31118,10,0
31119,10,0
31120,10,0
31121,10,30000
31122,10,30000
31123,10,0
31124,10,20000
31125,10,30000
31126,10,30000
31127,10,40000
31128,10,0
31129,10,30000
31130,10,0
31131,10,30000
31132,10,30000
31133,10,0
31134,10,20000
31135,10,50000
31136,10,30000
31137,10,20000
31138,10,50000
31139,10,0
31140,10,30000
31141,10,0
31142,10,0
31143,10,40000
31144,10,20000
31145,10,20000
31146,10,0
31147,10,0
31148,10,50000
31149,10,40000
31150,10,50000
31151,10,50000
31152,10,5000
31153,10,0
31154,10,10000
31155,10,30000
31156,10,10000
31157,10,0
31158,10,5000
31159,10,30000
31160,10,0
31161,10,30000
31162,10,20000
31163,10,20000
31164,10,0
31165,10,50000
31166,10,10000
31167,10,40000
31168,10,50000
31169,10,0
31170,10,0
31171,10,0
31172,10,50000
31173,10,5000
31174,10,50000
31175,10,30000
31176,10,0
31177,10,0
31178,10,5000
31179,10,20000
31180,10,30000
31181,10,30000
31182,10,20000
31183,10,30000
31184,10,30000
31185,10,0
31186,10,0
31187,10,0
31188,10,50000
31189,10,50000
31190,10,5000
31191,10,20000
31192,10,20000
31193,10,5000
31194,10,5000
31195,10,30000
31196,10,0
31197,10,5000
31198,10,40000
31199,10,20000
31200,10,50000
31201,10,50000
31202,10,10000
31203,10,20000
31204,10,40000
31205,10,10000
31206,10,0
31207,10,0
31208,10,50000
31209,10,50000
31210,10,40000
31211,10,20000
31212,10,30000
31213,10,10000
31214,10,20000
31215,10,20000
31216,10,0
31217,10,0
31218,10,0
31219,10,10000
31220,10,20000
31221,10,5000
31222,10,20000
31223,10,0
31224,10,20000
31225,10,20000
31226,10,40000
31227,10,50000
31228,10,30000
31229,10,0
31230,10,40000
31231,10,50000
31232,10,40000
31233,10,40000
31234,10,50000
31235,10,0
31236,10,30000
31237,10,30000
31238,10,50000
31239,10,20000
31240,10,5000
31241,10,30000
31242,10,0
31243,10,20000
31244,10,5000
31245,10,50000
31246,10,30000
31247,10,5000
31248,10,0
31249,10,0
31250,10,0
31251,10,50000
31252,10,20000
31253,10,0
31254,10,10000
31255,10,50000
31256,10,10000
31257,10,10000
31258,10,30000
31259,10,40000
31260,10,5000
31261,10,10000
31262,10,0
31263,10,50000
31264,10,0
31265,10,10000
31266,10,0
31267,10,40000
31268,10,0
31269,10,40000
31270,10,50000
31271,10,30000
31272,10,40000
31273,10,40000
31274,10,0
31275,10,0
31276,10,30000
31277,10,10000
31278,10,30000
31279,10,30000
31280,10,5000
31281,10,20000
31282,10,0
31283,10,50000
31284,10,0
31285,10,0
31286,10,40000
31287,10,5000
31288,10,0
31289,10,50000
31290,10,0
31291,10,0
31292,10,30000
31293,10,5000
31294,10,0
31295,10,5000
31296,10,20000
31297,10,30000
31298,10,50000
31299,10,0
31300,10,20000
31301,10,20000
31302,10,50000
31303,10,0
31304,10,30000
31305,10,30000
31306,10,5000
31307,10,0
31308,10,50000
31309,10,20000
31310,10,0
31311,10,30000
31312,10,10000
31313,10,0
31314,10,40000
31315,10,5000
31316,10,0
31317,10,20000
31318,10,0
31319,10,30000
31320,10,30000
31321,10,30000
31322,10,10000
31323,10,5000
31324,10,5000
31325,10,0
31326,10,10000
31327,10,20000
31328,10,0
31329,10,0
31330,10,0
31331,10,30000
31332,10,10000
31333,10,40000
31334,10,0
31335,10,10000
31336,10,50000
31337,10,40000
31338,10,30000
31339,10,5000
31340,10,0
31341,10,50000
31342,10,50000
31343,10,0
31344,10,30000
31345,10,0
31346,10,20000
31347,10,0
31348,10,20000
31349,10,20000
31350,10,10000
31351,10,50000
31352,10,5000
31353,10,30000
31354,10,0
31355,10,0
31356,10,0
31357,10,40000
31358,10,0
31359,10,5000
31360,10,5000
31361,10,10000
31362,10,20000
31363,10,0
31364,10,30000
31365,10,0
31366,10,0
31367,10,0
31368,10,50000
31369,10,10000
31370,10,0
31371,10,30000
31372,10,0
31373,10,5000
31374,10,30000
31375,10,0
31376,10,5000
31377,10,20000
31378,10,5000
31379,10,10000
31380,10,0
31381,10,40000
31382,10,20000
31383,10,10000
31384,10,30000
31385,10,20000
31386,10,0
31387,10,50000
31388,10,0
31389,10,0
31390,10,40000
31391,10,0
31392,10,30000
31393,10,10
31394,10,20000
31395,10,5000
31396,10,10000
31397,10,20000
31398,10,0
31399,10,20000
31400,10,0
31401,10,50000
31402,10,20000
31403,10,10000
31404,10,20000
31405,10,0
31406,10,10000
31407,10,10000
31408,10,10000
31409,10,0
31410,10,30000
31411,10,0
31412,10,50000
31413,10,30000
31414,10,40000
31415,10,30000
31416,10,40000
31417,10,40000
31418,10,50000
31419,10,50000
31420,10,20000
31421,10,0
31422,10,20000
31423,10,10000
31424,10,20000
31425,10,30000
31426,10,50000
31427,10,30000
31428,10,50000
31429,10,10000
31430,10,0
31431,10,0
31432,10,10000
31433,10,0
31434,10,0
31435,10,0
31436,10,10000
31437,10,20000
31438,10,5000
31439,10,30000
31440,10,0
31441,10,50000
31442,10,10000
31443,10,20000
31444,10,5000
31445,10,50000
31446,10,5000
31447,10,0
31448,10,0
31449,10,50000
31450,10,40000
31451,10,40000
31452,10,50000
31453,10,0
31454,10,0
31455,10,20000
31456,10,5000
31457,10,0
31458,10,20000
31459,10,0
31460,10,20000
31461,10,0
31462,10,0
31463,10,0
31464,10,0
31465,10,50000
31466,10,30000
31467,10,50000
31468,10,40000
31469,10,5000
31470,10,5000
31471,10,0
31472,10,0
31473,10,50000
31474,10,50000
31475,10,20000
31476,10,0
31477,10,20000
31478,10,0
31479,10,20000
31480,10,0
31481,10,40000
31482,10,0
31483,10,0
31484,10,5000
31485,10,0
31486,10,30000
31487,10,0
31488,10,20000
31489,10,40000
31490,10,10000
31491,10,20000
31492,10,50000
31493,10,30000
31494,10,0
31495,10,0
31496,10,0
31497,10,0
31498,10,20000
31499,10,0
31500,10,5000
31501,10,20000
31502,10,10000
31503,10,10000
31504,10,30000
31505,10,40000
31506,10,30000
31507,10,40000
31508,10,0
31509,10,0
31510,10,20000
31511,10,5000
31512,10,20000
31513,10,5000
31514,10,40000
31515,10,40000
31516,10,20000
31517,10,0
31518,10,30000
31519,10,5000
31520,10,50000
31521,10,40000
31522,10,30000
31523,10,0
31524,10,0
31525,10,20000
31526,10,30000
31527,10,10000
31528,10,20000
31529,10,5000
31530,10,0
31531,10,0
31532,10,0
31533,10,40000
31534,10,30000
31535,10,20000
31536,10,40000
31537,10,20000
31538,10,0
31539,10,50000
31540,10,40000
31541,10,40000
31542,10,20000
31543,10,20000
31544,10,40000
31545,10,5000
31546,10,30000
31547,10,50000
31548,10,10000
31549,10,0
31550,10,30000
31551,10,20000
31552,10,20000
31553,10,20000
31554,10,10000
31555,10,0
31556,10,10000
31557,10,0
31558,10,10000
31559,10,10000
31560,10,20000
31561,10,10000
31562,10,50000
31563,10,0
31564,10,10000
31565,10,30000
31566,10,10000
31567,10,30000
31568,10,0
31569,10,0
31570,10,0
31571,10,50000
31572,10,50000
31573,10,20000
31574,10,40000
31575,10,20000
31576,10,30000
31577,10,50000
31578,10,0
31579,10,30000
31580,10,5000
31581,10,20000
31582,10,50000
31583,10,0
31584,10,0
31585,10,20000
31586,10,40000
31587,10,0
31588,10,30000
31589,10,30000
31590,10,10000
31591,10,5000
31592,10,30000
31593,10,10000
31594,10,5000
31595,10,0
31596,10,30000
31597,10,30000
31598,10,20000
31599,10,5000
31600,10,20000
31601,10,10000
31602,10,20000
31603,10,30000
31604,10,0
31605,10,40000
31606,10,20000
31607,10,0
31608,10,5000
31609,10,20000
31610,10,30000
31611,10,30000
31612,10,10000
31613,10,50000
31614,10,0
31615,10,10000
31616,10,0
31617,10,0
31618,10,20000
31619,10,50000
31620,10,50000
31621,10,20000
31622,10,0
31623,10,0
31624,10,0
31625,10,20000
31626,10,20000
31627,10,50000
31628,10,0
31629,10,0
31630,10,5000
31631,10,20000
31632,10,0
31633,10,0
31634,10,40000
31635,10,40000
31636,10,30000
31637,10,10000
31638,10,20000
31639,10,50000
31640,10,10000
31641,10,20000
31642,10,0
31643,10,5000
31644,10,50000
31645,10,5000
31646,10,20000
31647,10,40000
31648,10,5000
31649,10,30000
31650,10,0
31651,10,5000
31652,10,0
31653,10,5000
31654,10,50000
31655,10,5000
31656,10,30000
31657,10,40000
31658,10,0
31659,10,30000
31660,10,0
31661,10,30000
31662,10,30000
31663,10,40000
31664,10,0
31665,10,40000
31666,10,0
31667,10,0
31668,10,0
31669,10,10000
31670,10,20000
31671,10,30000
31672,10,5000
31673,10,5000
31674,10,50000
31675,10,40000
31676,10,10000
31677,10,0
31678,10,10000
31679,10,10000
31680,10,0
31681,10,50000
31682,10,0
31683,10,10000
31684,10,0
31685,10,20000
31686,10,20000
31687,10,20000
31688,10,0
31689,10,0
31690,10,0
31691,10,5000
31692,10,30000
31693,10,0
31694,10,30000
31695,10,5000
31696,10,5000
31697,10,20000
31698,10,0
31699,10,20000
31700,10,30000
31701,10,0
31702,10,0
31703,10,10000
31704,10,0
31705,10,30000
31706,10,0
31707,10,5000
31708,10,0
31709,10,40000
31710,10,30000
31711,10,5000
31712,10,5000
31713,10,50000
31714,10,40000
31715,10,0
31716,10,30000
31717,10,40000
31718,10,0
31719,10,0
31720,10,20000
31721,10,0
31722,10,20000
31723,10,0
31724,10,5000
31725,10,10000
31726,10,0
31727,10,50000
31728,10,40000
31729,10,30000
31730,10,20000
31731,10,50000
31732,10,50000
31733,10,0
31734,10,0
31735,10,40000
31736,10,0
31737,10,40000
31738,10,30000
31739,10,0
31740,10,30000
31741,10,0
31742,10,20000
31743,10,40000
31744,10,0
31745,10,0
31746,10,0
31747,10,20000
31748,10,30000
31749,10,10000
31750,10,40000
31751,10,5000
31752,10,20000
31753,10,20000
31754,10,30000
31755,10,5000
31756,10,40000
31757,10,10000
31758,10,40000
31759,10,40000
31760,10,10000
31761,10,5000
31762,10,0
31763,10,0
31764,10,10000
31765,10,50000
31766,10,0
31767,10,50000
31768,10,10000
31769,10,40000
31770,10,10000
31771,10,40000
31772,10,50000
31773,10,50000
31774,10,30000
31775,10,10000
31776,10,0
31777,10,20000
31778,10,0
31779,10,0
31780,10,5000
31781,10,0
31782,10,0
31783,10,40000
31784,10,0
31785,10,20000
31786,10,30000
31787,10,0
31788,10,50000
31789,10,0
31790,10,10000
31791,10,40000
31792,10,50000
31793,10,5000
31794,10,10000
31795,10,40000
31796,10,5000
31797,10,10000
31798,10,20000
31799,10,10000
31800,10,30000
31801,10,50000
31802,10,30000
31803,10,30000
31804,10,40000
31805,10,0
31806,10,10000
31807,10,20000
31808,10,10000
31809,10,5000
31810,10,50000
31811,10,50000
31812,10,20000
31813,10,0
31814,10,10000
31815,10,0
31816,10,20000
31817,10,10000
31818,10,30000
31819,10,50000
31820,10,30000
31821,10,30000
31822,10,30000
31823,10,50000
31824,10,30000
31825,10,10000
31826,10,10000
31827,10,40000
31828,10,0
31829,10,20000
31830,10,0
31831,10,0
31832,10,0
31833,10,50000
31834,10,20000
31835,10,0
31836,10,0
31837,10,0
31838,10,50000
31839,10,20000
31840,10,30000
31841,10,20000
31842,10,10000
31843,10,5000
31844,10,50000
31845,10,5000
31846,10,0
31847,10,50000
31848,10,40000
31849,10,50000
31850,10,0
31851,10,50000
31852,10,20000
31853,10,30000
31854,10,40000
31855,10,0
31856,10,40000
31857,10,0
31858,10,40000
31859,10,0
31860,10,20000
31861,10,10000
31862,10,50000
31863,10,30000
31864,10,10000
31865,10,5000
31866,10,5000
31867,10,5000
31868,10,0
31869,10,50000
31870,10,30000
31871,10,0
31872,10,30000
31873,10,5000
31874,10,0
31875,10,0
31876,10,50000
31877,10,40000
31878,10,40000
31879,10,50000
31880,10,20000
31881,10,0
31882,10,0
31883,10,0
31884,10,0
31885,10,5000
31886,10,40000
31887,10,50000
31888,10,50000
31889,10,50000
31890,10,40000
31891,10,50000
31892,10,20000
31893,10,50000
31894,10,0
31895,10,0
31896,10,30000
31897,10,30000
31898,10,50000
31899,10,30000
31900,10,30000
31901,10,40000
31902,10,0
31903,10,50000
31904,10,40000
31905,10,0
31906,10,50000
31907,10,50000
31908,10,40000
31909,10,50000
31910,10,30000
31911,10,10000
31912,10,10
31913,10,40000
31914,10,0
31915,10,30000
31916,10,40000
31917,10,20000
31918,10,40000
31919,10,0
31920,10,5000
31921,10,30000
31922,10,5000
31923,10,50000
31924,10,0
31925,10,50000
31926,10,40000
31927,10,40000
31928,10,5000
31929,10,20000
31930,10,5000
31931,10,0
31932,10,10000
31933,10,5000
31934,10,30000
31935,10,50000
31936,10,20000
31937,10,30000
31938,10,30000
31939,10,50000
31940,10,40000
31941,10,30000
31942,10,20000
31943,10,20000
31944,10,50000
31945,10,0
31946,10,0
31947,10,0
31948,10,0
31949,10,10000
31950,10,40000
31951,10,0
31952,10,0
31953,10,5000
31954,10,10000
31955,10,0
31956,10,30000
31957,10,5000
31958,10,0
31959,10,50000
31960,10,40000
31961,10,10000
31962,10,10000
31963,10,0
31964,10,50000
31965,10,50000
31966,10,10000
31967,10,40000
31968,10,0
31969,10,0
31970,10,40000
31971,10,30000
31972,10,40000
31973,10,10000
31974,10,0
31975,10,30000
31976,10,0
31977,10,20000
31978,10,50000
31979,10,0
31980,10,0
31981,10,20000
31982,10,40000
31983,10,20000
31984,10,5000
31985,10,30000
31986,10,0
31987,10,0
31988,10,10000
31989,10,0
31990,10,5000
31991,10,0
31992,10,10000
31993,10,0
31994,10,30000
31995,10,30000
31996,10,0
31997,10,20000
31998,10,0
31999,10,20000
32000,10,50000
32001,10,30000
32002,10,0
32003,10,0
32004,10,30000
32005,10,30000
32006,10,10000
32007,10,20000
32008,10,0
32009,10,50000
32010,10,5000
32011,10,30000
32012,10,30000
32013,10,0
32014,10,50000
32015,10,20000
32016,10,40000
32017,10,30000
32018,10,0
32019,10,10000
32020,10,0
32021,10,0
32022,10,5000
32023,10,5000
32024,10,0
32025,10,5000
32026,10,0
32027,10,10
32028,10,0
32029,10,40000
32030,10,0
32031,10,50000
32032,10,20000
32033,10,30000
32034,10,0
32035,10,0
32036,10,10000
32037,10,40000
32038,10,50000
32039,10,0
32040,10,10000
32041,10,10000
32042,10,30000
32043,10,5000
32044,10,50000
32045,10,0
32046,10,0
32047,10,0
32048,10,0
32049,10,5000
32050,10,10000
32051,10,0
32052,10,0
32053,10,0
32054,10,10000
32055,10,40000
32056,10,5000
32057,10,50000
32058,10,20000
32059,10,5000
32060,10,50000
32061,10,30000
32062,10,0
32063,10,30000
32064,10,0
32065,10,50000
32066,10,20000
32067,10,40000
32068,10,10000
32069,10,0
32070,10,30000
32071,10,20000
32072,10,0
32073,10,50000
32074,10,5000
32075,10,0
32076,10,0
32077,10,30000
32078,10,0
32079,10,10000
32080,10,30000
32081,10,30000
32082,10,0
32083,10,30000
32084,10,30000
32085,10,50000
32086,10,0
32087,10,30000
32088,10,0
32089,10,50000
32090,10,0
32091,10,20000
32092,10,40000
32093,10,0
32094,10,10000
32095,10,10000
32096,10,0
32097,10,50000
32098,10,20000
32099,10,0
32100,10,20000
32101,10,20000
32102,10,30000
32103,10,40000
32104,10,50000
32105,10,0
32106,10,50000
32107,10,10000
32108,10,20000
32109,10,0
32110,10,0
32111,10,20000
32112,10,5000
32113,10,50000
32114,10,50000
32115,10,40000
32116,10,0
32117,10,40000
32118,10,20000
32119,10,10000
32120,10,30000
32121,10,0
32122,10,0
32123,10,0
32124,10,20000
32125,10,40000
32126,10,50000
32127,10,40000
32128,10,0
32129,10,0
32130,10,5000
32131,10,50000
32132,10,40000
32133,10,5000
32134,10,10000
32135,10,20000
32136,10,10000
32137,10,40000
32138,10,30000
32139,10,20000
32140,10,5000
32141,10,30000
32142,10,0
32143,10,0
32144,10,0
32145,10,20000
32146,10,5000
32147,10,30000
32148,10,0
32149,10,50000
32150,10,0
32151,10,40000
32152,10,5000
32153,10,20000
32154,10,5000
32155,10,50000
32156,10,40000
32157,10,10000
32158,10,0
32159,10,10000
32160,10,40000
32161,10,30000
32162,10,50000
32163,10,40000
32164,10,0
32165,10,20000
32166,10,50000
32167,10,20000
32168,10,10
32169,10,30000
32170,10,10000
32171,10,10000
32172,10,0
32173,10,0
32174,10,30000
32175,10,0
32176,10,0
32177,10,30000
32178,10,5000
32179,10,0
32180,10,0
32181,10,0
32182,10,50000
32183,10,30000
32184,10,50000
32185,10,20000
32186,10,0
32187,10,50000
32188,10,20000
32189,10,40000
32190,10,0
32191,10,30000
32192,10,0
32193,10,0
32194,10,5000
32195,10,10000
32196,10,5000
32197,10,30000
32198,10,0
32199,10,30000
32200,10,30000
32201,10,5000
32202,10,0
32203,10,40000
32204,10,0
32205,10,40000
32206,10,20000
32207,10,5000
32208,10,0
32209,10,20000
32210,10,0
32211,10,30000
32212,10,0
32213,10,0
32214,10,20000
32215,10,5000
32216,10,0
32217,10,20000
32218,10,30000
32219,10,50000
32220,10,20000
32221,10,0
32222,10,40000
32223,10,5000
32224,10,10000
32225,10,30000
32226,10,5000
32227,10,30000
32228,10,0
32229,10,30000
32230,10,0
32231,10,30000
32232,10,0
32233,10,0
32234,10,50000
32235,10,0
32236,10,0
32237,10,40000
32238,10,30000
32239,10,0
32240,10,0
32241,10,30000
32242,10,0
32243,10,20000
32244,10,20000
32245,10,30000
32246,10,0
32247,10,5000
32248,10,0
32249,10,10
32250,10,50000
32251,10,0
32252,10,10000
32253,10,5000
32254,10,10000
32255,10,10000
32256,10,0
32257,10,30000
32258,10,0
32259,10,10000
32260,10,0
32261,10,20000
32262,10,10000
32263,10,0
32264,10,20000
32265,10,50000
32266,10,0
32267,10,40000
32268,10,0
32269,10,20000
32270,10,50000
32271,10,40000
32272,10,10000
32273,10,10000
32274,10,0
32275,10,30000
32276,10,0
32277,10,10000
32278,10,10000
32279,10,0
32280,10,20000
32281,10,40000
32282,10,20000
32283,10,0
32284,10,50000
32285,10,30000
32286,10,0
32287,10,50000
32288,10,30000
32289,10,5000
32290,10,50000
32291,10,5000
32292,10,40000
32293,10,30000
32294,10,50000
32295,10,5000
32296,10,0
32297,10,5000
32298,10,20000
32299,10,30000
32300,10,30000
32301,10,40000
32302,10,5000
32303,10,50000
32304,10,0
32305,10,10000
32306,10,50000
32307,10,40000
32308,10,0
32309,10,30000
32310,10,10000
32311,10,40000
32312,10,0
32313,10,20000
32314,10,0
32315,10,40000
32316,10,0
32317,10,50000
32318,10,30000
32319,10,10000
32320,10,10000
32321,10,50000
32322,10,0
32323,10,0
32324,10,50000
32325,10,20000
32326,10,40000
32327,10,5000
32328,10,0
32329,10,30000
32330,10,0
32331,10,0
32332,10,0
32333,10,0
32334,10,20000
32335,10,10000
32336,10,10000
32337,10,0
32338,10,0
32339,10,20000
32340,10,30000
32341,10,0
32342,10,30000
32343,10,20000
32344,10,50000
32345,10,0
32346,10,40000
32347,10,0
32348,10,40000
32349,10,5000
32350,10,50000
32351,10,30000
32352,10,0
32353,10,0
32354,10,50000
32355,10,0
32356,10,20000
32357,10,20000
32358,10,5000
32359,10,0
32360,10,30000
32361,10,5000
32362,10,40000
32363,10,30000
32364,10,5000
32365,10,0
32366,10,40000
32367,10,30000
32368,10,5000
32369,10,0
32370,10,5000
32371,10,40000
32372,10,50000
32373,10,0
32374,10,40000
32375,10,0
32376,10,20000
32377,10,40000
32378,10,0
32379,10,0
32380,10,40000
32381,10,0
32382,10,40000
32383,10,0
32384,10,5000
32385,10,5000
32386,10,30000
32387,10,10000
32388,10,20000
32389,10,20000
32390,10,30000
32391,10,40000
32392,10,20000
32393,10,0
32394,10,20000
32395,10,20000
32396,10,30000
32397,10,10000
32398,10,0
32399,10,40000
32400,10,0
32401,10,50000
32402,10,0
32403,10,40000
32404,10,40000
32405,10,40000
32406,10,30000
32407,10,0
32408,10,40000
32409,10,20000
32410,10,50000
32411,10,40000
32412,10,0
32413,10,20000
32414,10,30000
32415,10,5000
32416,10,0
32417,10,0
32418,10,30000
32419,10,50000
32420,10,20000
32421,10,40000
32422,10,20000
32423,10,5000
32424,10,20000
32425,10,0
32426,10,40000
32427,10,0
32428,10,30000
32429,10,30000
32430,10,30000
32431,10,30000
32432,10,0
32433,10,20000
32434,10,0
32435,10,0
32436,10,40000
32437,10,5000
32438,10,50000
32439,10,30000
32440,10,5000
32441,10,10000
32442,10,0
32443,10,5000
32444,10,30000
32445,10,0
32446,10,0
32447,10,0
32448,10,10000
32449,10,50000
32450,10,20000
32451,10,10000
32452,10,0
32453,10,30000
32454,10,0
32455,10,20000
32456,10,20000
32457,10,5000
32458,10,20000
32459,10,0
32460,10,5000
32461,10,40000
32462,10,0
32463,10,50000
32464,10,0
32465,10,5000
32466,10,50000
32467,10,50000
32468,10,0
32469,10,40000
32470,10,20000
32471,10,10000
32472,10,10000
32473,10,50000
32474,10,40000
32475,10,20000
32476,10,40000
32477,10,0
32478,10,0
32479,10,30000
32480,10,5000
32481,10,20000
32482,10,40000
32483,10,50000
32484,10,10000
32485,10,5000
32486,10,0
32487,10,30000
32488,10,5000
32489,10,40000
32490,10,5000
32491,10,5000
32492,10,0
32493,10,50000
32494,10,10000
32495,10,10000
32496,10,30000
32497,10,30000
32498,10,40000
32499,10,50000
32500,10,0
32501,10,50000
32502,10,50000
32503,10,20000
32504,10,5000
32505,10,30000
32506,10,20000
32507,10,5000
32508,10,20000
32509,10,30000
32510,10,50000
32511,10,10000
32512,10,30000
32513,10,0
32514,10,0
32515,10,0
32516,10,50000
32517,10,20000
32518,10,30000
32519,10,50000
32520,10,30000
32521,10,10000
32522,10,50000
32523,10,0
32524,10,50000
32525,10,0
32526,10,5000
32527,10,0
32528,10,40000
32529,10,0
32530,10,5000
32531,10,20000
32532,10,30000
32533,10,0
32534,10,20000
32535,10,50000
32536,10,40000
32537,10,30000
32538,10,20000
32539,10,0
32540,10,0
32541,10,5000
32542,10,40000
32543,10,20000
32544,10,40000
32545,10,0
32546,10,10000
32547,10,5000
32548,10,10000
32549,10,50000
32550,10,0
32551,10,0
32552,10,50000
32553,10,50000
32554,10,10
32555,10,0
32556,10,20000
32557,10,20000
32558,10,20000
32559,10,30000
32560,10,10000
32561,10,0
32562,10,40000
32563,10,0
32564,10,30000
32565,10,0
32566,10,20000
32567,10,0
32568,10,0
32569,10,50000
32570,10,30000
32571,10,0
32572,10,40000
32573,10,40000
32574,10,50000
32575,10,0
32576,10,5000
32577,10,5000
32578,10,30000
32579,10,10000
32580,10,0
32581,10,40000
32582,10,20000
32583,10,20000
32584,10,0
32585,10,0
32586,10,0
32587,10,50000
32588,10,0
32589,10,0
32590,10,40000
32591,10,0
32592,10,10
32593,10,50000
32594,10,0
32595,10,0
32596,10,50000
32597,10,20000
32598,10,0
32599,10,40000
32600,10,20000
32601,10,50000
32602,10,5000
32603,10,0
32604,10,0
32605,10,40000
32606,10,30000
32607,10,0
32608,10,30000
32609,10,0
32610,10,0
32611,10,5000
32612,10,0
32613,10,0
32614,10,50000
32615,10,30000
32616,10,40000
32617,10,0
32618,10,40000
32619,10,40000
32620,10,0
32621,10,40000
32622,10,0
32623,10,50000
32624,10,10000
32625,10,5000
32626,10,30000
32627,10,30000
32628,10,50000
32629,10,5000
32630,10,0
32631,10,20000
32632,10,40000
32633,10,5000
32634,10,0
32635,10,30000
32636,10,50000
32637,10,0
32638,10,30000
32639,10,20000
32640,10,0
32641,10,30000
32642,10,0
32643,10,0
32644,10,20000
32645,10,0
32646,10,0
32647,10,10000
32648,10,30000
32649,10,50000
32650,10,40000
32651,10,0
32652,10,0
32653,10,0
32654,10,20000
32655,10,0
32656,10,20000
32657,10,30000
32658,10,10000
32659,10,50000
32660,10,20000
32661,10,5000
32662,10,30000
32663,10,0
32664,10,5000
32665,10,5000
32666,10,20000
32667,10,5000
32668,10,40000
32669,10,0
32670,10,0
32671,10,5000
32672,10,20000
32673,10,0
32674,10,5000
32675,10,5000
32676,10,30000
32677,10,10000
32678,10,5000
32679,10,50000
32680,10,20000
32681,10,0
32682,10,30000
32683,10,40000
32684,10,40000
32685,10,50000
32686,10,50000
32687,10,50000
32688,10,0
32689,10,50000
32690,10,20000
32691,10,20000
32692,10,50000
32693,10,30000
32694,10,40000
32695,10,30000
32696,10,30000
32697,10,40000
32698,10,0
32699,10,0
32700,10,0
32701,10,10000
32702,10,0
32703,10,30000
32704,10,40000
32705,10,20000
32706,10,20000
32707,10,30000
32708,10,10000
32709,10,0
32710,10,0
32711,10,20000
32712,10,0
32713,10,20000
32714,10,50000
32715,10,0
32716,10,30000
32717,10,50000
32718,10,30000
32719,10,30000
32720,10,0
32721,10,0
32722,10,0
32723,10,20000
32724,10,0
32725,10,50000
32726,10,0
32727,10,40000
32728,10,40000
32729,10,30000
32730,10,40000
32731,10,50000
32732,10,0
32733,10,10000
32734,10,30000
32735,10,40000
32736,10,0
32737,10,20000
32738,10,30000
32739,10,20000
32740,10,0
32741,10,30000
32742,10,0
32743,10,5000
32744,10,40000
32745,10,0
32746,10,50000
32747,10,30000
32748,10,0
32749,10,0
32750,10,0
32751,10,0
32752,10,40000
32753,10,20000
32754,10,0
32755,10,10000
32756,10,5000
32757,10,30000
32758,10,0
32759,10,30000
32760,10,20000
32761,10,5000
32762,10,10000
32763,10,30000
32764,10,5000
32765,10,5000
32766,10,10000
32767,10,30000
32768,10,30000
32769,10,40000
32770,10,0
32771,10,0
32772,10,50000
32773,10,0
32774,10,20000
32775,10,0
32776,10,0
32777,10,0
32778,10,5000
32779,10,50000
32780,10,40000
32781,10,40000
32782,10,30000
32783,10,0
32784,10,40000
32785,10,0
32786,10,30000
32787,10,30000
32788,10,0
32789,10,5000
32790,10,0
32791,10,0
32792,10,0
32793,10,20000
32794,10,30000
32795,10,0
32796,10,40000
32797,10,0
32798,10,50000
32799,10,20000
32800,10,0
32801,10,0
32802,10,50000
32803,10,30000
32804,10,5000
32805,10,10000
32806,10,0
32807,10,30000
32808,10,5000
32809,10,30000
32810,10,5000
32811,10,30000
32812,10,0
32813,10,40000
32814,10,20000
32815,10,20000
32816,10,20000
32817,10,20000
32818,10,50000
32819,10,5000
32820,10,40000
32821,10,0
32822,10,0
32823,10,5000
32824,10,30000
32825,10,50000
32826,10,50000
32827,10,20000
32828,10,30000
32829,10,40000
32830,10,30000
32831,10,50000
32832,10,5000
32833,10,5000
32834,10,20000
32835,10,30000
32836,10,0
32837,10,0
32838,10,0
32839,10,40000
32840,10,40000
32841,10,5000
32842,10,20000
32843,10,5000
32844,10,0
32845,10,0
32846,10,30000
32847,10,0
32848,10,0
32849,10,5000
32850,10,50000
32851,10,20000
32852,10,30000
32853,10,20000
32854,10,50000
32855,10,5000
32856,10,5000
32857,10,50000
32858,10,10000
32859,10,40000
32860,10,30000
32861,10,40000
32862,10,20000
32863,10,0
32864,10,10000
32865,10,5000
32866,10,0
32867,10,50000
32868,10,5000
32869,10,50000
32870,10,20000
32871,10,20000
32872,10,20000
32873,10,0
32874,10,40000
32875,10,0
32876,10,5000
32877,10,10000
32878,10,0
32879,10,20000
32880,10,5000
32881,10,10000
32882,10,50000
32883,10,5000
32884,10,5000
32885,10,30000
32886,10,10000
32887,10,30000
32888,10,30000
32889,10,30000
32890,10,10
32891,10,10000
32892,10,0
32893,10,30000
32894,10,5000
32895,10,0
32896,10,0
32897,10,50000
32898,10,10000
32899,10,10000
32900,10,0
32901,10,5000
32902,10,20000
32903,10,5000
32904,10,0
32905,10,30000
32906,10,50000
32907,10,50000
32908,10,50000
32909,10,50000
32910,10,40000
32911,10,10000
32912,10,20000
32913,10,20000
32914,10,30000
32915,10,30000
32916,10,10000
32917,10,30000
32918,10,30000
32919,10,0
32920,10,30000
32921,10,30000
32922,10,0
32923,10,40000
32924,10,20000
32925,10,5000
32926,10,30000
32927,10,50000
32928,10,0
32929,10,40000
32930,10,5000
32931,10,0
32932,10,50000
32933,10,20000
32934,10,10000
32935,10,50000
32936,10,0
32937,10,40000
32938,10,30000
32939,10,30000
32940,10,0
32941,10,20000
32942,10,30000
32943,10,5000
32944,10,30000
32945,10,40000
32946,10,30000
32947,10,40000
32948,10,40000
32949,10,20000
32950,10,20000
32951,10,5000
32952,10,0
32953,10,0
32954,10,40000
32955,10,0
32956,10,0
32957,10,10000
32958,10,0
32959,10,0
32960,10,0
32961,10,5000
32962,10,30000
32963,10,0
32964,10,40000
32965,10,0
32966,10,30000
32967,10,0
32968,10,0
32969,10,0
32970,10,30000
32971,10,0
32972,10,10000
32973,10,30000
32974,10,0
32975,10,30000
32976,10,10000
32977,10,30000
32978,10,40000
32979,10,20000
32980,10,50000
32981,10,5000
32982,10,50000
32983,10,50000
32984,10,30000
32985,10,0
32986,10,30000
32987,10,5000
32988,10,0
32989,10,50000
32990,10,0
32991,10,5000
32992,10,0
32993,10,5000
32994,10,0
32995,10,5000
32996,10,50000
32997,10,0
32998,10,30000
32999,10,0
33000,10,30000
33001,10,5000
33002,10,50000
33003,10,5000
33004,10,0
33005,10,20000
33006,10,5000
33007,10,0
33008,10,50000
33009,10,0
33010,10,50000
33011,10,30000
33012,10,5000
33013,10,20000
33014,10,30000
33015,10,40000
33016,10,0
33017,10,50000
33018,10,30000
33019,10,0
33020,10,20000
33021,10,0
33022,10,20000
33023,10,0
33024,10,20000
33025,10,50000
33026,10,20000
33027,10,0
33028,10,5000
33029,10,30000
33030,10,20000
33031,10,0
33032,10,0
33033,10,0
33034,10,0
33035,10,30000
33036,10,0
33037,10,50000
33038,10,20000
33039,10,5000
33040,10,0
33041,10,0
33042,10,0
33043,10,10000
33044,10,40000
33045,10,30000
33046,10,40000
33047,10,0
33048,10,0
33049,10,50000
33050,10,0
33051,10,30000
33052,10,0
33053,10,30000
33054,10,0
33055,10,40000
33056,10,30000
33057,10,50000
33058,10,50000
33059,10,0
33060,10,20000
33061,10,20000
33062,10,30000
33063,10,40000
33064,10,50000
33065,10,20000
33066,10,30000
33067,10,30000
33068,10,10000
33069,10,20000
33070,10,0
33071,10,50000
33072,10,5000
33073,10,0
33074,10,30000
33075,10,0
33076,10,0
33077,10,0
33078,10,50000
33079,10,20000
33080,10,0
33081,10,5000
33082,10,30000
33083,10,0
33084,10,20000
33085,10,0
33086,10,10000
33087,10,20000
33088,10,30000
33089,10,40000
33090,10,0
33091,10,0
33092,10,20000
33093,10,20000
33094,10,30000
33095,10,0
33096,10,0
33097,10,10000
33098,10,20000
33099,10,0
33100,10,40000
33101,10,20000
33102,10,0
33103,10,0
33104,10,30000
33105,10,20000
33106,10,20000
33107,10,30000
33108,10,20000
33109,10,30000
33110,10,20000
33111,10,0
33112,10,30000
33113,10,20000
33114,10,40000
33115,10,0
33116,10,0
33117,10,50000
33118,10,50000
33119,10,20000
33120,10,40000
33121,10,40000
33122,10,5000
33123,10,20000
33124,10,40000
33125,10,50000
33126,10,0
33127,10,20000
33128,10,5000
33129,10,50000
33130,10,30000
33131,10,10000
33132,10,5000
33133,10,20000
33134,10,0
33135,10,50000
33136,10,50000
33137,10,10000
33138,10,5000
33139,10,20000
33140,10,40000
33141,10,50000
33142,10,0
33143,10,0
33144,10,40000
33145,10,0
33146,10,0
33147,10,10000
33148,10,0
33149,10,20000
33150,10,10000
33151,10,50000
33152,10,50000
33153,10,20000
33154,10,30000
33155,10,20000
33156,10,0
33157,10,5000
33158,10,5000
33159,10,10000
33160,10,0
33161,10,0
33162,10,40000
33163,10,50000
33164,10,10000
33165,10,0
33166,10,5000
33167,10,10000
33168,10,0
33169,10,30000
33170,10,50000
33171,10,5000
33172,10,40000
33173,10,40000
33174,10,40000
33175,10,0
33176,10,50000
33177,10,20000
33178,10,10000
33179,10,20000
33180,10,50000
33181,10,30000
33182,10,30000
33183,10,10
33184,10,50000
33185,10,5000
33186,10,0
33187,10,20000
33188,10,0
33189,10,0
33190,10,5000
33191,10,20000
33192,10,40000
33193,10,20000
33194,10,0
33195,10,0
33196,10,0
33197,10,30000
33198,10,5000
33199,10,10000
33200,10,30000
33201,10,20000
33202,10,10
33203,10,10000
33204,10,20000
33205,10,0
33206,10,30000
33207,10,20000
33208,10,30000
33209,10,0
33210,10,0
33211,10,30000
33212,10,20000
33213,10,0
33214,10,0
33215,10,0
33216,10,0
33217,10,0
33218,10,20000
33219,10,30000
33220,10,0
33221,10,30000
33222,10,30000
33223,10,5000
33224,10,0
33225,10,10
33226,10,30000
33227,10,0
33228,10,20000
33229,10,5000
33230,10,0
33231,10,20000
33232,10,50000
33233,10,20000
33234,10,20000
33235,10,10000
33236,10,30000
33237,10,10000
33238,10,30000
33239,10,20000
33240,10,20000
33241,10,40000
33242,10,50000
33243,10,0
33244,10,30000
33245,10,50000
33246,10,0
33247,10,20000
33248,10,0
33249,10,0
33250,10,5000
33251,10,40000
33252,10,5000
33253,10,20000
33254,10,40000
33255,10,0
33256,10,20000
33257,10,0
33258,10,10000
33259,10,50000
33260,10,30000
33261,10,0
33262,10,0
33263,10,0
33264,10,50000
33265,10,0
33266,10,50000
33267,10,0
33268,10,50000
33269,10,5000
33270,10,0
33271,10,5000
33272,10,50000
33273,10,5000
33274,10,50000
33275,10,30000
33276,10,50000
33277,10,0
33278,10,0
33279,10,40000
33280,10,0
33281,10,0
33282,10,0
33283,10,0
33284,10,30000
33285,10,30000
33286,10,20000
33287,10,30000
33288,10,20000
33289,10,30000
33290,10,50000
33291,10,10000
33292,10,5000
33293,10,0
33294,10,0
33295,10,5000
33296,10,50000
33297,10,5000
33298,10,5000
33299,10,0
33300,10,20000
33301,10,10000
33302,10,30000
33303,10,20000
33304,10,40000
33305,10,10000
33306,10,10000
33307,10,10000
33308,10,5000
33309,10,5000
33310,10,0
33311,10,50000
33312,10,0
33313,10,0
33314,10,50000
33315,10,20000
33316,10,0
33317,10,30000
33318,10,0
33319,10,40000
33320,10,0
33321,10,0
33322,10,40000
33323,10,5000
33324,10,0
33325,10,20000
33326,10,0
33327,10,40000
33328,10,30000
33329,10,0
33330,10,10000
33331,10,0
33332,10,30000
33333,10,10000
33334,10,30000
33335,10,10000
33336,10,0
33337,10,0
33338,10,20000
33339,10,20000
33340,10,0
33341,10,0
33342,10,10000
33343,10,0
33344,10,0
33345,10,5000
33346,10,20000
33347,10,0
33348,10,0
33349,10,5000
33350,10,20000
33351,10,30000
33352,10,5000
33353,10,5000
33354,10,0
33355,10,5000
33356,10,50000
33357,10,50000
33358,10,20000
33359,10,50000
33360,10,20000
33361,10,0
33362,10,0
33363,10,0
33364,10,30000
33365,10,50000
33366,10,20000
33367,10,20000
33368,10,0
33369,10,0
33370,10,5000
33371,10,0
33372,10,20000
33373,10,20000
33374,10,50000
33375,10,0
33376,10,30000
33377,10,0
33378,10,50000
33379,10,20000
33380,10,10000
33381,10,20000
33382,10,0
33383,10,50000
33384,10,30000
33385,10,10000
33386,10,10000
33387,10,50000
33388,10,30000
33389,10,0
33390,10,50000
33391,10,0
33392,10,10000
33393,10,0
33394,10,0
33395,10,0
33396,10,10000
33397,10,20000
33398,10,50000
33399,10,30000
33400,10,0
33401,10,20000
33402,10,30000
33403,10,50000
33404,10,0
33405,10,0
33406,10,5000
33407,10,50000
33408,10,40000
33409,10,0
33410,10,50000
33411,10,20000
33412,10,0
33413,10,5000
33414,10,30000
33415,10,30000
33416,10,20000
33417,10,0
33418,10,20000
33419,10,40000
33420,10,0
33421,10,0
33422,10,40000
33423,10,0
33424,10,0
33425,10,0
33426,10,10000
33427,10,30000
33428,10,0
33429,10,0
33430,10,50000
33431,10,40000
33432,10,5000
33433,10,40000
33434,10,40000
33435,10,50000
33436,10,5000
33437,10,30000
33438,10,0
33439,10,0
33440,10,40000
33441,10,10000
33442,10,50000
33443,10,0
33444,10,0
33445,10,0
33446,10,50000
33447,10,40000
33448,10,5000
33449,10,30000
33450,10,0
33451,10,20000
33452,10,0
33453,10,0
33454,10,5000
33455,10,40000
33456,10,40000
33457,10,40000
33458,10,0
33459,10,0
33460,10,40000
33461,10,20000
33462,10,30000
33463,10,30000
33464,10,20000
33465,10,10000
33466,10,0
33467,10,10000
33468,10,50000
33469,10,30000
33470,10,5000
33471,10,40000
33472,10,50000
33473,10,0
33474,10,40000
33475,10,20000
33476,10,0
33477,10,20000
33478,10,0
33479,10,30000
33480,10,30000
33481,10,0
33482,10,0
33483,10,50000
33484,10,40000
33485,10,5000
33486,10,40000
33487,10,50000
33488,10,50000
33489,10,5000
33490,10,10000
33491,10,20000
33492,10,10000
33493,10,0
33494,10,10000
33495,10,0
33496,10,0
33497,10,20000
33498,10,30000
33499,10,50000
33500,10,30000
33501,10,20000
33502,10,10000
33503,10,10000
33504,10,30000
33505,10,0
33506,10,30000
33507,10,0
33508,10,5000
33509,10,10000
33510,10,30000
33511,10,30000
33512,10,0
33513,10,0
33514,10,10000
33515,10,40000
33516,10,0
33517,10,40000
33518,10,50000
33519,10,50000
33520,10,40000
33521,10,20000
33522,10,0
33523,10,10000
33524,10,40000
33525,10,20000
33526,10,30000
33527,10,0
33528,10,10000
33529,10,50000
33530,10,5000
33531,10,10000
33532,10,10000
33533,10,0
33534,10,5000
33535,10,0
33536,10,0
33537,10,40000
33538,10,0
33539,10,50000
33540,10,0
33541,10,20000
33542,10,50000
33543,10,5000
33544,10,20000
33545,10,20000
33546,10,10000
33547,10,5000
33548,10,20000
33549,10,30000
33550,10,30000
33551,10,20000
33552,10,0
33553,10,10000
33554,10,40000
33555,10,50000
33556,10,40000
33557,10,30000
33558,10,30000
33559,10,20000
33560,10,20000
33561,10,0
33562,10,20000
33563,10,20000
33564,10,40000
33565,10,0
33566,10,30000
33567,10,20000
33568,10,30000
33569,10,0
33570,10,0
33571,10,0
33572,10,40000
33573,10,0
33574,10,0
33575,10,40000
33576,10,0
33577,10,5000
33578,10,5000
33579,10,5000
33580,10,20000
33581,10,40000
33582,10,50000
33583,10,10000
33584,10,50000
33585,10,0
33586,10,50000
33587,10,0
33588,10,0
33589,10,40000
33590,10,0
33591,10,50000
33592,10,40000
33593,10,10000
33594,10,5000
33595,10,50000
33596,10,20000
33597,10,30000
33598,10,20000
33599,10,10000
33600,10,0
33601,10,0
33602,10,40000
33603,10,20000
33604,10,30000
33605,10,30000
33606,10,10000
33607,10,10000
33608,10,40000
33609,10,20000
33610,10,30000
33611,10,20000
33612,10,5000
33613,10,40000
33614,10,30000
33615,10,40000
33616,10,20000
33617,10,5000
33618,10,20000
33619,10,0
33620,10,20000
33621,10,0
33622,10,0
33623,10,0
33624,10,50000
33625,10,5000
33626,10,40000
33627,10,20000
33628,10,10000
33629,10,0
33630,10,50000
33631,10,0
33632,10,10000
33633,10,0
33634,10,5000
33635,10,0
33636,10,10000
33637,10,10000
33638,10,0
33639,10,30000
33640,10,20000
33641,10,30000
33642,10,0
33643,10,0
33644,10,20000
33645,10,40000
33646,10,20000
33647,10,0
33648,10,0
33649,10,20000
33650,10,0
33651,10,30000
33652,10,10000
33653,10,40000
33654,10,20000
33655,10,0
33656,10,5000
33657,10,10000
33658,10,30000
33659,10,0
33660,10,20000
33661,10,40000
33662,10,0
33663,10,30000
33664,10,40000
33665,10,0
33666,10,5000
33667,10,40000
33668,10,0
33669,10,50000
33670,10,40000
33671,10,20000
33672,10,5000
33673,10,10000
33674,10,0
33675,10,20000
33676,10,5000
33677,10,0
33678,10,50000
33679,10,20000
33680,10,0
33681,10,40000
33682,10,0
33683,10,50000
33684,10,20000
33685,10,5000
33686,10,30000
33687,10,5000
33688,10,10000
33689,10,0
33690,10,0
33691,10,20000
33692,10,5000
33693,10,50000
33694,10,0
33695,10,20000
33696,10,30000
33697,10,40000
33698,10,20000
33699,10,5000
33700,10,0
33701,10,20000
33702,10,0
33703,10,40000
33704,10,0
33705,10,5000
33706,10,40000
33707,10,0
33708,10,50000
33709,10,0
33710,10,0
33711,10,5000
33712,10,20000
33713,10,10000
33714,10,30000
33715,10,50000
33716,10,30000
33717,10,10000
33718,10,50000
33719,10,50000
33720,10,50000
33721,10,40000
33722,10,0
33723,10,20000
33724,10,0
33725,10,20000
33726,10,20000
33727,10,20000
33728,10,0
33729,10,5000
33730,10,0
33731,10,5000
33732,10,40000
33733,10,10000
33734,10,50000
33735,10,5000
33736,10,0
33737,10,0
33738,10,0
33739,10,5000
33740,10,5000
33741,10,30000
33742,10,40000
33743,10,30000
33744,10,40000
33745,10,20000
33746,10,0
33747,10,0
33748,10,5000
33749,10,10000
33750,10,20000
33751,10,10000
33752,10,30000
33753,10,0
33754,10,0
33755,10,0
33756,10,10000
33757,10,10000
33758,10,50000
33759,10,50000
33760,10,30000
33761,10,20000
33762,10,30000
33763,10,10000
33764,10,10000
33765,10,0
33766,10,0
33767,10,40000
33768,10,30000
33769,10,5000
33770,10,0
33771,10,10000
33772,10,20000
33773,10,0
33774,10,0
33775,10,30000
33776,10,0
33777,10,5000
33778,10,30000
33779,10,50000
33780,10,30000
33781,10,10000
33782,10,0
33783,10,0
33784,10,30000
33785,10,0
33786,10,5000
33787,10,40000
33788,10,20000
33789,10,10000
33790,10,50000
33791,10,10
33792,10,20000
33793,10,10000
33794,10,0
33795,10,50000
33796,10,0
33797,10,5000
33798,10,30000
33799,10,0
33800,10,20000
33801,10,20000
33802,10,40000
33803,10,30000
33804,10,50000
33805,10,0
33806,10,5000
33807,10,40000
33808,10,20000
33809,10,40000
33810,10,40000
33811,10,5000
33812,10,0
33813,10,20000
33814,10,0
33815,10,0
33816,10,20000
33817,10,5000
33818,10,50000
33819,10,50000
33820,10,0
33821,10,40000
33822,10,50000
33823,10,40000
33824,10,0
33825,10,0
33826,10,0
33827,10,0
33828,10,20000
33829,10,30000
33830,10,40000
33831,10,20000
33832,10,30000
33833,10,0
33834,10,10000
33835,10,20000
33836,10,50000
33837,10,50000
33838,10,30000
33839,10,50000
33840,10,30000
33841,10,0
33842,10,0
33843,10,30000
33844,10,30000
33845,10,0
33846,10,50000
33847,10,10000
33848,10,10000
33849,10,30000
33850,10,50000
33851,10,0
33852,10,20000
33853,10,40000
33854,10,30000
33855,10,0
33856,10,0
33857,10,40000
33858,10,30000
33859,10,10000
33860,10,5000
33861,10,30000
33862,10,0
33863,10,20000
33864,10,40000
33865,10,20000
33866,10,50000
33867,10,0
33868,10,20000
33869,10,50000
33870,10,5000
33871,10,40000
33872,10,20000
33873,10,40000
33874,10,10000
33875,10,50000
33876,10,0
33877,10,20000
33878,10,0
33879,10,50000
33880,10,0
33881,10,10000
33882,10,10000
33883,10,30000
33884,10,0
33885,10,0
33886,10,30000
33887,10,10000
33888,10,0
33889,10,30000
33890,10,0
33891,10,5000
33892,10,0
33893,10,10000
33894,10,5000
33895,10,0
33896,10,0
33897,10,0
33898,10,0
33899,10,0
33900,10,20000
33901,10,50000
33902,10,50000
33903,10,30000
33904,10,5000
33905,10,0
33906,10,0
33907,10,30000
33908,10,20000
33909,10,5000
33910,10,40000
33911,10,0
33912,10,30000
33913,10,0
33914,10,40000
33915,10,5000
33916,10,20000
33917,10,5000
33918,10,30000
33919,10,0
33920,10,50000
33921,10,20000
33922,10,0
33923,10,20000
33924,10,5000
33925,10,5000
33926,10,20000
33927,10,20000
33928,10,40000
33929,10,30000
33930,10,0
33931,10,30000
33932,10,0
33933,10,40000
33934,10,20000
33935,10,30000
33936,10,0
33937,10,10000
33938,10,0
33939,10,0
33940,10,50000
33941,10,10000
33942,10,20000
33943,10,20000
33944,10,30000
33945,10,30000
33946,10,30000
33947,10,5000
33948,10,5000
33949,10,20000
33950,10,0
33951,10,0
33952,10,40000
33953,10,20000
33954,10,5000
33955,10,0
33956,10,0
33957,10,0
33958,10,10000
33959,10,40000
33960,10,0
33961,10,30000
33962,10,50000
33963,10,20000
33964,10,30000
33965,10,5000
33966,10,0
33967,10,50000
33968,10,50000
33969,10,30000
33970,10,0
33971,10,0
33972,10,0
33973,10,30000
33974,10,5000
33975,10,40000
33976,10,50000
33977,10,0
33978,10,50000
33979,10,20000
33980,10,0
33981,10,20000
33982,10,0
33983,10,10000
33984,10,30000
33985,10,30000
33986,10,20000
33987,10,50000
33988,10,50000
33989,10,0
33990,10,0
33991,10,50000
33992,10,0
33993,10,0
33994,10,30000
33995,10,0
33996,10,50000
33997,10,30000
33998,10,50000
33999,10,20000
34000,10,0
34001,10,0
34002,10,5000
34003,10,30000
34004,10,0
34005,10,50000
34006,10,30000
34007,10,30000
34008,10,10000
34009,10,20000
34010,10,10000
34011,10,20000
34012,10,30000
34013,10,40000
34014,10,10000
34015,10,30000
34016,10,10000
34017,10,20000
34018,10,5000
34019,10,5000
34020,10,50000
34021,10,20000
34022,10,10000
34023,10,0
34024,10,50000
34025,10,0
34026,10,30000
34027,10,30000
34028,10,0
34029,10,0
34030,10,5000
34031,10,5000
34032,10,40000
34033,10,0
34034,10,50000
34035,10,20000
34036,10,30000
34037,10,10000
34038,10,0
34039,10,30000
34040,10,50000
34041,10,20000
34042,10,0
34043,10,50000
34044,10,20000
34045,10,0
34046,10,50000
34047,10,5000
34048,10,20000
34049,10,20000
34050,10,0
34051,10,5000
34052,10,10000
34053,10,20000
34054,10,20000
34055,10,20000
34056,10,20000
34057,10,40000
34058,10,10000
34059,10,0
34060,10,30000
34061,10,30000
34062,10,0
34063,10,0
34064,10,10000
34065,10,20000
34066,10,10000
34067,10,30000
34068,10,10000
34069,10,30000
34070,10,40000
34071,10,20000
34072,10,20000
34073,10,30000
34074,10,50000
34075,10,30000
34076,10,0
34077,10,20000
34078,10,5000
34079,10,30000
34080,10,10000
34081,10,10000
34082,10,0
34083,10,0
34084,10,20000
34085,10,30000
34086,10,20000
34087,10,50000
34088,10,50000
34089,10,30000
34090,10,5000
34091,10,30000
34092,10,0
34093,10,30000
34094,10,50000
34095,10,50000
34096,10,0
34097,10,30000
34098,10,50000
34099,10,40000
34100,10,0
34101,10,0
34102,10,5000
34103,10,0
34104,10,30000
34105,10,40000
34106,10,0
34107,10,5000
34108,10,20000
34109,10,0
34110,10,0
34111,10,0
34112,10,10000
34113,10,20000
34114,10,50000
34115,10,40000
34116,10,5000
34117,10,0
34118,10,30000
34119,10,50000
34120,10,20000
34121,10,40000
34122,10,30000
34123,10,20000
34124,10,50000
34125,10,30000
34126,10,0
34127,10,0
34128,10,10000
34129,10,50000
34130,10,5000
34131,10,10000
34132,10,40000
34133,10,40000
34134,10,0
34135,10,30000
34136,10,30000
34137,10,50000
34138,10,20000
34139,10,40000
34140,10,0
34141,10,0
34142,10,40000
34143,10,0
34144,10,30000
34145,10,20000
34146,10,0
34147,10,0
34148,10,10000
34149,10,0
34150,10,0
34151,10,30000
34152,10,10000
34153,10,40000
34154,10,20000
34155,10,30000
34156,10,10000
34157,10,10000
34158,10,10000
34159,10,30000
34160,10,10000
34161,10,5000
34162,10,50000
34163,10,0
34164,10,0
34165,10,30000
34166,10,30000
34167,10,0
34168,10,0
34169,10,10000
34170,10,10000
34171,10,40000
34172,10,0
34173,10,0
34174,10,40000
34175,10,30000
34176,10,20000
34177,10,40000
34178,10,30000
34179,10,0
34180,10,30000
34181,10,20000
34182,10,0
34183,10,30000
34184,10,0
34185,10,50000
34186,10,20000
34187,10,20000
34188,10,20000
34189,10,5000
34190,10,50000
34191,10,20000
34192,10,20000
34193,10,5000
34194,10,40000
34195,10,30000
34196,10,50000
34197,10,50000
34198,10,10000
34199,10,5000
34200,10,50000
34201,10,0
34202,10,30000
34203,10,30000
34204,10,30000
34205,10,50000
34206,10,0
34207,10,30000
34208,10,30000
34209,10,20000
34210,10,30000
34211,10,20000
34212,10,20000
34213,10,30000
34214,10,20000
34215,10,20000
34216,10,20000
34217,10,30000
34218,10,0
34219,10,30000
34220,10,5000
34221,10,50000
34222,10,50000
34223,10,10000
34224,10,10000
34225,10,30000
34226,10,50000
34227,10,50000
34228,10,30000
34229,10,0
34230,10,0
34231,10,20000
34232,10,0
34233,10,30000
34234,10,40000
34235,10,0
34236,10,50000
34237,10,5000
34238,10,30000
34239,10,50000
34240,10,20000
34241,10,0
34242,10,20000
34243,10,50000
34244,10,50000
34245,10,30000
34246,10,10000
34247,10,0
34248,10,0
34249,10,10000
34250,10,5000
34251,10,0
34252,10,5000
34253,10,0
34254,10,30000
34255,10,30000
34256,10,0
34257,10,10000
34258,10,20000
34259,10,50000
34260,10,30000
34261,10,0
34262,10,30000
34263,10,20000
34264,10,10000
34265,10,20000
34266,10,0
34267,10,0
34268,10,30000
34269,10,30000
34270,10,10000
34271,10,0
34272,10,30000
34273,10,0
34274,10,10
34275,10,30000
34276,10,30000
34277,10,40000
34278,10,20000
34279,10,10000
34280,10,50000
34281,10,0
34282,10,10000
34283,10,30000
34284,10,50000
34285,10,5000
34286,10,10000
34287,10,10000
34288,10,50000
34289,10,0
34290,10,50000
34291,10,10000
34292,10,5000
34293,10,0
34294,10,30000
34295,10,50000
34296,10,0
34297,10,30000
34298,10,30000
34299,10,0
34300,10,50000
34301,10,50000
34302,10,10000
34303,10,40000
34304,10,5000
34305,10,0
34306,10,30000
34307,10,40000
34308,10,0
34309,10,30000
34310,10,0
34311,10,0
34312,10,10000
34313,10,30000
34314,10,30000
34315,10,50000
34316,10,0
34317,10,10000
34318,10,10000
34319,10,50000
34320,10,10000
34321,10,50000
34322,10,50000
34323,10,30000
34324,10,40000
34325,10,50000
34326,10,30000
34327,10,5000
34328,10,5000
34329,10,5000
34330,10,30000
34331,10,30000
34332,10,40000
34333,10,0
34334,10,30000
34335,10,0
34336,10,30000
34337,10,50000
34338,10,0
34339,10,30000
34340,10,30000
34341,10,20000
34342,10,0
34343,10,0
34344,10,10000
34345,10,40000
34346,10,10
34347,10,20000
34348,10,40000
34349,10,0
34350,10,20000
34351,10,0
34352,10,0
34353,10,40000
34354,10,30000
34355,10,0
34356,10,20000
34357,10,0
34358,10,50000
34359,10,30000
34360,10,40000
34361,10,20000
34362,10,0
34363,10,30000
34364,10,10000
34365,10,5000
34366,10,0
34367,10,50000
34368,10,5000
34369,10,20000
34370,10,0
34371,10,0
34372,10,40000
34373,10,40000
34374,10,50000
34375,10,50000
34376,10,20000
34377,10,20000
34378,10,5000
34379,10,20000
34380,10,30000
34381,10,0
34382,10,0
34383,10,5000
34384,10,50000
34385,10,50000
34386,10,0
34387,10,0
34388,10,0
34389,10,10000
34390,10,10000
34391,10,5000
34392,10,10
34393,10,0
34394,10,50000
34395,10,20000
34396,10,30000
34397,10,20000
34398,10,30000
34399,10,30000
34400,10,10000
34401,10,20000
34402,10,20000
34403,10,30000
34404,10,50000
34405,10,10000
34406,10,50000
34407,10,40000
34408,10,30000
34409,10,10000
34410,10,40000
34411,10,5000
34412,10,20000
34413,10,0
34414,10,20000
34415,10,0
34416,10,40000
34417,10,0
34418,10,0
34419,10,30000
34420,10,30000
34421,10,5000
34422,10,0
34423,10,40000
34424,10,20000
34425,10,0
34426,10,5000
34427,10,30000
34428,10,30000
34429,10,30000
34430,10,0
34431,10,0
34432,10,0
34433,10,20000
34434,10,0
34435,10,5000
34436,10,50000
34437,10,30000
34438,10,30000
34439,10,50000
34440,10,50000
34441,10,0
34442,10,50000
34443,10,0
34444,10,20000
34445,10,0
34446,10,50000
34447,10,5000
34448,10,5000
34449,10,30000
34450,10,30000
34451,10,40000
34452,10,30000
34453,10,30000
34454,10,30000
34455,10,10000
34456,10,0
34457,10,0
34458,10,10000
34459,10,10000
34460,10,10000
34461,10,50000
34462,10,30000
34463,10,5000
34464,10,40000
34465,10,50000
34466,10,10000
34467,10,40000
34468,10,20000
34469,10,5000
34470,10,10000
34471,10,5000
34472,10,50000
34473,10,50000
34474,10,0
34475,10,0
34476,10,50000
34477,10,5000
34478,10,5000
34479,10,40000
34480,10,30000
34481,10,40000
34482,10,0
34483,10,0
34484,10,20000
34485,10,20000
34486,10,50000
34487,10,30000
34488,10,50000
34489,10,30000
34490,10,0
34491,10,40000
34492,10,0
34493,10,0
34494,10,40000
34495,10,20000
34496,10,10000
34497,10,50000
34498,10,10000
34499,10,30000
34500,10,0
34501,10,5000
34502,10,0
34503,10,5000
34504,10,10000
34505,10,0
34506,10,5000
34507,10,40000
34508,10,10
34509,10,0
34510,10,10000
34511,10,0
34512,10,30000
34513,10,0
34514,10,0
34515,10,10000
34516,10,20000
34517,10,40000
34518,10,50000
34519,10,30000
34520,10,0
34521,10,50000
34522,10,20000
34523,10,10000
34524,10,30000
34525,10,30000
34526,10,5000
34527,10,0
34528,10,50000
34529,10,30000
34530,10,0
34531,10,0
34532,10,0
34533,10,30000
34534,10,30000
34535,10,30000
34536,10,0
34537,10,0
34538,10,50000
34539,10,30000
34540,10,30000
34541,10,5000
34542,10,0
34543,10,30000
34544,10,40000
34545,10,5000
34546,10,20000
34547,10,20000
34548,10,10000
34549,10,20000
34550,10,5000
34551,10,40000
34552,10,50000
34553,10,0
34554,10,5000
34555,10,0
34556,10,0
34557,10,20000
34558,10,0
34559,10,5000
34560,10,0
34561,10,40000
34562,10,40000
34563,10,50000
34564,10,20000
34565,10,20000
34566,10,0
34567,10,5000
34568,10,0
34569,10,50000
34570,10,20000
34571,10,0
34572,10,30000
34573,10,0
34574,10,0
34575,10,20000
34576,10,20000
34577,10,20000
34578,10,20000
34579,10,20000
34580,10,0
34581,10,0
34582,10,30000
34583,10,10000
34584,10,0
34585,10,10000
34586,10,0
34587,10,5000
34588,10,30000
34589,10,30000
34590,10,0
34591,10,30000
34592,10,20000
34593,10,0
34594,10,50000
34595,10,0
34596,10,5000
34597,10,20000
34598,10,30000
34599,10,5000
34600,10,20000
34601,10,50000
34602,10,0
34603,10,20000
34604,10,0
34605,10,0
34606,10,50000
34607,10,30000
34608,10,0
34609,10,50000
34610,10,20000
34611,10,20000
34612,10,30000
34613,10,0
34614,10,30000
34615,10,30000
34616,10,10000
34617,10,20000
34618,10,40000
34619,10,20000
34620,10,20000
34621,10,30000
34622,10,0
34623,10,0
34624,10,0
34625,10,40000
34626,10,50000
34627,10,30000
34628,10,50000
34629,10,20000
34630,10,10000
34631,10,0
34632,10,20000
34633,10,30000
34634,10,40000
34635,10,50000
34636,10,20000
34637,10,20000
34638,10,40000
34639,10,50000
34640,10,20000
34641,10,0
34642,10,40000
34643,10,0
34644,10,0
34645,10,30000
34646,10,0
34647,10,40000
34648,10,0
34649,10,0
34650,10,0
34651,10,0
34652,10,30000
34653,10,20000
34654,10,30000
34655,10,30000
34656,10,10000
34657,10,40000
34658,10,0
34659,10,40000
34660,10,20000
34661,10,40000
34662,10,0
34663,10,5000
34664,10,5000
34665,10,5000
34666,10,0
34667,10,20000
34668,10,20000
34669,10,30000
34670,10,0
34671,10,40000
34672,10,0
34673,10,50000
34674,10,0
34675,10,20000
34676,10,40000
34677,10,5000
34678,10,30000
34679,10,40000
34680,10,20000
34681,10,30000
34682,10,20000
34683,10,5000
34684,10,0
34685,10,20000
34686,10,20000
34687,10,40000
34688,10,50000
34689,10,0
34690,10,0
34691,10,5000
34692,10,30000
34693,10,20000
34694,10,5000
34695,10,10000
34696,10,0
34697,10,20000
34698,10,0
34699,10,10000
34700,10,50000
34701,10,30000
34702,10,20000
34703,10,20000
34704,10,10000
34705,10,50000
34706,10,50000
34707,10,0
34708,10,50000
34709,10,0
34710,10,40000
34711,10,20000
34712,10,20000
34713,10,30000
34714,10,0
34715,10,30000
34716,10,30000
34717,10,20000
34718,10,10000
34719,10,50000
34720,10,40000
34721,10,0
34722,10,30000
34723,10,20000
34724,10,10000
34725,10,0
34726,10,0
34727,10,30000
34728,10,40000
34729,10,10000
34730,10,5000
34731,10,10000
34732,10,50000
34733,10,30000
34734,10,0
34735,10,0
34736,10,0
34737,10,5000
34738,10,0
34739,10,0
34740,10,5000
34741,10,0
34742,10,20000
34743,10,20000
34744,10,30000
34745,10,40000
34746,10,20000
34747,10,0
34748,10,0
34749,10,50000
34750,10,0
34751,10,40000
34752,10,20000
34753,10,10000
34754,10,0
34755,10,0
34756,10,10000
34757,10,20000
34758,10,0
34759,10,5000
34760,10,40000
34761,10,0
34762,10,0
34763,10,10000
34764,10,40000
34765,10,20000
34766,10,0
34767,10,0
34768,10,0
34769,10,10000
34770,10,50000
34771,10,40000
34772,10,0
34773,10,50000
34774,10,0
34775,10,5000
34776,10,20000
34777,10,0
34778,10,50000
34779,10,30000
34780,10,5000
34781,10,20000
34782,10,0
34783,10,0
34784,10,20000
34785,10,10000
34786,10,10000
34787,10,10000
34788,10,5000
34789,10,0
34790,10,5000
34791,10,0
34792,10,0
34793,10,5000
34794,10,20000
34795,10,0
34796,10,50000
34797,10,30000
34798,10,0
34799,10,0
34800,10,40000
34801,10,10000
34802,10,50000
34803,10,0
34804,10,0
34805,10,20000
34806,10,0
34807,10,5000
34808,10,0
34809,10,30000
34810,10,5000
34811,10,10000
34812,10,0
34813,10,30000
34814,10,10000
34815,10,5000
34816,10,50000
34817,10,0
34818,10,0
34819,10,40000
34820,10,20000
34821,10,5000
34822,10,20000
34823,10,0
34824,10,5000
34825,10,50000
34826,10,10000
34827,10,20000
34828,10,30000
34829,10,5000
34830,10,30000
34831,10,0
34832,10,5000
34833,10,50000
34834,10,40000
34835,10,0
34836,10,50000
34837,10,30000
34838,10,50000
34839,10,0
34840,10,20000
34841,10,5000
34842,10,10000
34843,10,50000
34844,10,30000
34845,10,50000
34846,10,0
34847,10,0
34848,10,5000
34849,10,0
34850,10,0
34851,10,0
34852,10,20000
34853,10,20000
34854,10,0
34855,10,0
34856,10,5000
34857,10,40000
34858,10,0
34859,10,50000
34860,10,40000
34861,10,0
34862,10,5000
34863,10,40000
34864,10,0
34865,10,40000
34866,10,20000
34867,10,0
34868,10,50000
34869,10,20000
34870,10,50000
34871,10,30000
34872,10,20000
34873,10,30000
34874,10,30000
34875,10,0
34876,10,30000
34877,10,0
34878,10,30000
34879,10,30000
34880,10,30000
34881,10,50000
34882,10,5000
34883,10,50000
34884,10,0
34885,10,30000
34886,10,30000
34887,10,10000
34888,10,30000
34889,10,0
34890,10,10
34891,10,10000
34892,10,10000
34893,10,0
34894,10,5000
34895,10,40000
34896,10,0
34897,10,20000
34898,10,5000
34899,10,10000
34900,10,10000
34901,10,30000
34902,10,30000
34903,10,30000
34904,10,40000
34905,10,0
34906,10,50000
34907,10,40000
34908,10,30000
34909,10,5000
34910,10,50000
34911,10,10000
34912,10,30000
34913,10,0
34914,10,40000
34915,10,30000
34916,10,0
34917,10,30000
34918,10,40000
34919,10,30000
34920,10,0
34921,10,40000
34922,10,5000
34923,10,0
34924,10,0
34925,10,30000
34926,10,50000
34927,10,30000
34928,10,40000
34929,10,0
34930,10,20000
34931,10,20000
34932,10,20000
34933,10,0
34934,10,0
34935,10,40000
34936,10,20000
34937,10,40000
34938,10,10000
34939,10,50000
34940,10,10000
34941,10,30000
34942,10,30000
34943,10,30000
34944,10,0
34945,10,40000
34946,10,10000
34947,10,0
34948,10,0
34949,10,10000
34950,10,5000
34951,10,10000
34952,10,20000
34953,10,0
34954,10,0
34955,10,20000
34956,10,50000
34957,10,0
34958,10,0
34959,10,5000
34960,10,0
34961,10,50000
34962,10,20000
34963,10,0
34964,10,20000
34965,10,20000
34966,10,20000
34967,10,5000
34968,10,20000
34969,10,0
34970,10,30000
34971,10,20000
34972,10,20000
34973,10,20000
34974,10,5000
34975,10,30000
34976,10,20000
34977,10,30000
34978,10,10000
34979,10,0
34980,10,0
34981,10,10000
34982,10,5000
34983,10,0
34984,10,40000
34985,10,0
34986,10,50000
34987,10,20000
34988,10,30000
34989,10,10000
34990,10,20000
34991,10,20000
34992,10,5000
34993,10,20000
34994,10,5000
34995,10,10000
34996,10,0
34997,10,0
34998,10,0
34999,10,20000
35000,10,50000
35001,10,5000
35002,10,5000
35003,10,30000
35004,10,10000
35005,10,30000
35006,10,0
35007,10,10000
35008,10,10000
35009,10,5000
35010,10,10000
35011,10,10000
35012,10,30000
35013,10,40000
35014,10,0
35015,10,0
35016,10,10000
35017,10,50000
35018,10,50000
35019,10,40000
35020,10,40000
35021,10,10000
35022,10,50000
35023,10,0
35024,10,5000
35025,10,5000
35026,10,30000
35027,10,5000
35028,10,40000
35029,10,50000
35030,10,40000
35031,10,50000
35032,10,0
35033,10,5000
35034,10,5000
35035,10,20000
35036,10,0
35037,10,10000
35038,10,0
35039,10,20000
35040,10,0
35041,10,30000
35042,10,50000
35043,10,20000
35044,10,5000
35045,10,5000
35046,10,20000
35047,10,30000
35048,10,20000
35049,10,0
35050,10,50000
35051,10,0
35052,10,20000
35053,10,20000
35054,10,5000
35055,10,30000
35056,10,50000
35057,10,5000
35058,10,0
35059,10,40000
35060,10,40000
35061,10,30000
35062,10,30000
35063,10,0
35064,10,30000
35065,10,5000
35066,10,10000
35067,10,0
35068,10,0
35069,10,0
35070,10,10000
35071,10,30000
35072,10,0
35073,10,20000
35074,10,0
35075,10,0
35076,10,0
35077,10,40000
35078,10,40000
35079,10,50000
35080,10,50000
35081,10,0
35082,10,20000
35083,10,0
35084,10,5000
35085,10,50000
35086,10,0
35087,10,10000
35088,10,30000
35089,10,20000
35090,10,0
35091,10,5000
35092,10,10000
35093,10,30000
35094,10,30000
35095,10,0
35096,10,10000
35097,10,0
35098,10,0
35099,10,20000
35100,10,0
35101,10,0
35102,10,10000
35103,10,5000
35104,10,40000
35105,10,0
35106,10,5000
35107,10,20000
35108,10,30000
35109,10,50000
35110,10,10000
35111,10,30000
35112,10,5000
35113,10,5000
35114,10,20000
35115,10,0
35116,10,0
35117,10,30000
35118,10,0
35119,10,20000
35120,10,0
35121,10,40000
35122,10,30000
35123,10,40000
35124,10,20000
35125,10,0
35126,10,20000
35127,10,30000
35128,10,0
35129,10,0
35130,10,40000
35131,10,0
35132,10,0
35133,10,40000
35134,10,5000
35135,10,50000
35136,10,0
35137,10,0
35138,10,30000
35139,10,0
35140,10,40000
35141,10,20000
35142,10,0
35143,10,30000
35144,10,40000
35145,10,50000
35146,10,40000
35147,10,30000
35148,10,0
35149,10,30000
35150,10,0
35151,10,50000
35152,10,5000
35153,10,0
35154,10,0
35155,10,5000
35156,10,20000
35157,10,20000
35158,10,20000
35159,10,50000
35160,10,30000
35161,10,20000
35162,10,30000
35163,10,10000
35164,10,30000
35165,10,5000
35166,10,0
35167,10,30000
35168,10,0
35169,10,20000
35170,10,0
35171,10,0
35172,10,50000
35173,10,30000
35174,10,0
35175,10,5000
35176,10,5000
35177,10,0
35178,10,20000
35179,10,30000
35180,10,30000
35181,10,10000
35182,10,0
35183,10,20000
35184,10,0
35185,10,10000
35186,10,20000
35187,10,5000
35188,10,40000
35189,10,30000
35190,10,20000
35191,10,50000
35192,10,5000
35193,10,40000
35194,10,5000
35195,10,0
35196,10,0
35197,10,40000
35198,10,10000
35199,10,0
35200,10,0
35201,10,30000
35202,10,0
35203,10,40000
35204,10,0
35205,10,10000
35206,10,0
35207,10,20000
35208,10,20000
35209,10,30000
35210,10,0
35211,10,0
35212,10,40000
35213,10,0
35214,10,30000
35215,10,5000
35216,10,50000
35217,10,5000
35218,10,40000
35219,10,30000
35220,10,40000
35221,10,20000
35222,10,0
35223,10,0
35224,10,0
35225,10,10000
35226,10,40000
35227,10,10000
35228,10,30000
35229,10,40000
35230,10,30000
35231,10,50000
35232,10,30000
35233,10,0
35234,10,5000
35235,10,40000
35236,10,50000
35237,10,20000
35238,10,40000
35239,10,50000
35240,10,0
35241,10,0
35242,10,20000
35243,10,20000
35244,10,30000
35245,10,5000
35246,10,20000
35247,10,40000
35248,10,0
35249,10,10000
35250,10,5000
35251,10,0
35252,10,0
35253,10,0
35254,10,10000
35255,10,0
35256,10,0
35257,10,5000
35258,10,5000
35259,10,30000
35260,10,30000
35261,10,10000
35262,10,0
35263,10,30000
35264,10,5000
35265,10,40000
35266,10,20000
35267,10,30000
35268,10,40000
35269,10,0
35270,10,10000
35271,10,0
35272,10,10000
35273,10,50000
35274,10,0
35275,10,40000
35276,10,40000
35277,10,30000
35278,10,5000
35279,10,50000
35280,10,40000
35281,10,5000
35282,10,0
35283,10,5000
35284,10,0
35285,10,0
35286,10,0
35287,10,0
35288,10,30000
35289,10,20000
35290,10,10000
35291,10,5000
35292,10,0
35293,10,40000
35294,10,0
35295,10,20000
35296,10,30000
35297,10,40000
35298,10,0
35299,10,50000
35300,10,30000
35301,10,20000
35302,10,10000
35303,10,5000
35304,10,50000
35305,10,40000
35306,10,0
35307,10,30000
35308,10,10000
35309,10,30000
35310,10,0
35311,10,0
35312,10,0
35313,10,0
35314,10,30000
35315,10,20000
35316,10,30000
35317,10,30000
35318,10,5000
35319,10,0
35320,10,5000
35321,10,30000
35322,10,0
35323,10,10000
35324,10,0
35325,10,40000
35326,10,0
35327,10,10000
35328,10,30000
35329,10,50000
35330,10,30000
35331,10,20000
35332,10,5000
35333,10,20000
35334,10,50000
35335,10,0
35336,10,30000
35337,10,20000
35338,10,30000
35339,10,0
35340,10,10000
35341,10,30000
35342,10,30000
35343,10,40000
35344,10,20000
35345,10,50000
35346,10,10000
35347,10,50000
35348,10,0
35349,10,20000
35350,10,50000
35351,10,5000
35352,10,50000
35353,10,0
35354,10,50000
35355,10,30000
35356,10,0
35357,10,0
35358,10,40000
35359,10,50000
35360,10,20000
35361,10,30000
35362,10,30000
35363,10,50000
35364,10,40000
35365,10,50000
35366,10,0
35367,10,0
35368,10,40000
35369,10,50000
35370,10,50000
35371,10,0
35372,10,0
35373,10,0
35374,10,20000
35375,10,0
35376,10,40000
35377,10,30000
35378,10,30000
35379,10,5000
35380,10,30000
35381,10,20000
35382,10,5000
35383,10,0
35384,10,0
35385,10,50000
35386,10,0
35387,10,40000
35388,10,5000
35389,10,0
35390,10,5000
35391,10,20000
35392,10,50000
35393,10,40000
35394,10,20000
35395,10,30000
35396,10,0
35397,10,5000
35398,10,30000
35399,10,10000
35400,10,10000
35401,10,20000
35402,10,5000
35403,10,0
35404,10,0
35405,10,50000
35406,10,10000
35407,10,20000
35408,10,10000
35409,10,20000
35410,10,0
35411,10,0
35412,10,50000
35413,10,50000
35414,10,0
35415,10,0
35416,10,0
35417,10,0
35418,10,10000
35419,10,10000
35420,10,30000
35421,10,30000
35422,10,0
35423,10,0
35424,10,20000
35425,10,20000
35426,10,10000
35427,10,40000
35428,10,0
35429,10,0
35430,10,0
35431,10,20000
35432,10,0
35433,10,40000
35434,10,10000
35435,10,50000
35436,10,0
35437,10,40000
35438,10,40000
35439,10,10000
35440,10,5000
35441,10,30000
35442,10,5000
35443,10,0
35444,10,30000
35445,10,0
35446,10,0
35447,10,0
35448,10,5000
35449,10,50000
35450,10,0
35451,10,40000
35452,10,50000
35453,10,30000
35454,10,10000
35455,10,30000
35456,10,20000
35457,10,30000
35458,10,20000
35459,10,0
35460,10,20000
35461,10,50000
35462,10,30000
35463,10,50000
35464,10,5000
35465,10,50000
35466,10,20000
35467,10,0
35468,10,0
35469,10,10000
35470,10,30000
35471,10,0
35472,10,20000
35473,10,30000
35474,10,10000
35475,10,5000
35476,10,10000
35477,10,0
35478,10,40000
35479,10,5000
35480,10,0
35481,10,40000
35482,10,0
35483,10,30000
35484,10,50000
35485,10,5000
35486,10,0
35487,10,40000
35488,10,30000
35489,10,30000
35490,10,5000
35491,10,40000
35492,10,40000
35493,10,10000
35494,10,30000
35495,10,0
35496,10,20000
35497,10,10000
35498,10,20000
35499,10,10000
35500,10,10000
35501,10,5000
35502,10,10000
35503,10,10000
35504,10,0
35505,10,0
35506,10,10000
35507,10,30000
35508,10,20000
35509,10,10000
35510,10,40000
35511,10,0
35512,10,30000
35513,10,30000
35514,10,40000
35515,10,20000
35516,10,50000
35517,10,5000
35518,10,0
35519,10,10000
35520,10,0
35521,10,50000
35522,10,20000
35523,10,10000
35524,10,20000
35525,10,20000
35526,10,10000
35527,10,5000
35528,10,30000
35529,10,20000
35530,10,0
35531,10,0
35532,10,30000
35533,10,40000
35534,10,50000
35535,10,50000
35536,10,40000
35537,10,50000
35538,10,30000
35539,10,20000
35540,10,0
35541,10,10000
35542,10,40000
35543,10,50000
35544,10,0
35545,10,0
35546,10,0
35547,10,0
35548,10,10000
35549,10,40000
35550,10,5000
35551,10,50000
35552,10,0
35553,10,50000
35554,10,30000
35555,10,0
35556,10,50000
35557,10,0
35558,10,20000
35559,10,30000
35560,10,50000
35561,10,0
35562,10,20000
35563,10,20000
35564,10,40000
35565,10,20000
35566,10,40000
35567,10,0
35568,10,40000
35569,10,5000
35570,10,50000
35571,10,0
35572,10,0
35573,10,10000
35574,10,30000
35575,10,30000
35576,10,0
35577,10,10000
35578,10,0
35579,10,30000
35580,10,30000
35581,10,50000
35582,10,30000
35583,10,0
35584,10,30000
35585,10,20000
35586,10,50000
35587,10,40000
35588,10,30000
35589,10,30000
35590,10,5000
35591,10,0
35592,10,30000
35593,10,0
35594,10,30000
35595,10,30000
35596,10,30000
35597,10,0
35598,10,0
35599,10,20000
35600,10,0
35601,10,0
35602,10,10000
35603,10,0
35604,10,20000
35605,10,20000
35606,10,20000
35607,10,0
35608,10,40000
35609,10,0
35610,10,30000
35611,10,20000
35612,10,5000
35613,10,0
35614,10,5000
35615,10,40000
35616,10,10000
35617,10,0
35618,10,10000
35619,10,5000
35620,10,0
35621,10,50000
35622,10,5000
35623,10,30000
35624,10,20000
35625,10,0
35626,10,50000
35627,10,0
35628,10,10000
35629,10,5000
35630,10,20000
35631,10,5000
35632,10,0
35633,10,50000
35634,10,10000
35635,10,20000
35636,10,5000
35637,10,50000
35638,10,20000
35639,10,40000
35640,10,30000
35641,10,0
35642,10,30000
35643,10,50000
35644,10,5000
35645,10,30000
35646,10,5000
35647,10,50000
35648,10,40000
35649,10,50000
35650,10,40000
35651,10,40000
35652,10,40000
35653,10,20000
35654,10,0
35655,10,10000
35656,10,0
35657,10,50000
35658,10,40000
35659,10,40000
35660,10,0
35661,10,50000
35662,10,20000
35663,10,30000
35664,10,5000
35665,10,0
35666,10,20000
35667,10,50000
35668,10,10000
35669,10,30000
35670,10,20000
35671,10,0
35672,10,10000
35673,10,20000
35674,10,0
35675,10,40000
35676,10,20000
35677,10,30000
35678,10,0
35679,10,5000
35680,10,30000
35681,10,10000
35682,10,5000
35683,10,50000
35684,10,0
35685,10,30000
35686,10,20000
35687,10,0
35688,10,20000
35689,10,10000
35690,10,30000
35691,10,50000
35692,10,30000
35693,10,10000
35694,10,30000
35695,10,40000
35696,10,40000
35697,10,0
35698,10,0
35699,10,10000
35700,10,0
35701,10,0
35702,10,50000
35703,10,20000
35704,10,5000
35705,10,20000
35706,10,40000
35707,10,0
35708,10,30000
35709,10,30000
35710,10,10000
35711,10,10000
35712,10,0
35713,10,50000
35714,10,50000
35715,10,10000
35716,10,30000
35717,10,20000
35718,10,5000
35719,10,0
35720,10,30000
35721,10,0
35722,10,0
35723,10,5000
35724,10,20000
35725,10,0
35726,10,30000
35727,10,50000
35728,10,40000
35729,10,20000
35730,10,30000
35731,10,50000
35732,10,10000
35733,10,50000
35734,10,20000
35735,10,40000
35736,10,50000
35737,10,40000
35738,10,5000
35739,10,40000
35740,10,0
35741,10,10000
35742,10,30000
35743,10,0
35744,10,10000
35745,10,10000
35746,10,20000
35747,10,0
35748,10,30000
35749,10,40000
35750,10,0
35751,10,0
35752,10,5000
35753,10,10000
35754,10,0
35755,10,10000
35756,10,20000
35757,10,20000
35758,10,20000
35759,10,0
35760,10,20000
35761,10,5000
35762,10,40000
35763,10,10000
35764,10,50000
35765,10,50000
35766,10,40000
35767,10,20000
35768,10,50000
35769,10,10000
35770,10,0
35771,10,5000
35772,10,50000
35773,10,20000
35774,10,10000
35775,10,20000
35776,10,5000
35777,10,20000
35778,10,30000
35779,10,0
35780,10,0
35781,10,5000
35782,10,5000
35783,10,0
35784,10,50000
35785,10,30000
35786,10,0
35787,10,10000
35788,10,30000
35789,10,50000
35790,10,5000
35791,10,40000
35792,10,0
35793,10,5000
35794,10,50000
35795,10,20000
35796,10,5000
35797,10,40000
35798,10,5000
35799,10,0
35800,10,0
35801,10,0
35802,10,50000
35803,10,40000
35804,10,40000
35805,10,0
35806,10,30000
35807,10,0
35808,10,10000
35809,10,0
35810,10,5000
35811,10,50000
35812,10,5000
35813,10,40000
35814,10,20000
35815,10,50000
35816,10,10000
35817,10,50000
35818,10,0
35819,10,5000
35820,10,30000
35821,10,10000
35822,10,20000
35823,10,50000
35824,10,0
35825,10,10000
35826,10,50000
35827,10,0
35828,10,20000
35829,10,30000
35830,10,50000
35831,10,50000
35832,10,5000
35833,10,20000
35834,10,50000
35835,10,0
35836,10,0
35837,10,0
35838,10,0
35839,10,5000
35840,10,30000
35841,10,0
35842,10,20000
35843,10,10000
35844,10,20000
35845,10,30000
35846,10,40000
35847,10,0
35848,10,5000
35849,10,10000
35850,10,5000
35851,10,0
35852,10,20000
35853,10,0
35854,10,0
35855,10,20000
35856,10,20000
35857,10,0
35858,10,20000
35859,10,40000
35860,10,30000
35861,10,30000
35862,10,10000
35863,10,0
35864,10,5000
35865,10,5000
35866,10,10000
35867,10,40000
35868,10,5000
35869,10,0
35870,10,40000
35871,10,0
35872,10,30000
35873,10,0
35874,10,20000
35875,10,50000
35876,10,40000
35877,10,30000
35878,10,50000
35879,10,0
35880,10,20000
35881,10,0
35882,10,10000
35883,10,5000
35884,10,40000
35885,10,20000
35886,10,0
35887,10,50000
35888,10,5000
35889,10,10000
35890,10,30000
35891,10,0
35892,10,0
35893,10,10000
35894,10,0
35895,10,20000
35896,10,50000
35897,10,0
35898,10,0
35899,10,20000
35900,10,40000
35901,10,30000
35902,10,40000
35903,10,0
35904,10,5000
35905,10,0
35906,10,0
35907,10,20000
35908,10,0
35909,10,40000
35910,10,50000
35911,10,30000
35912,10,10000
35913,10,30000
35914,10,0
35915,10,0
35916,10,5000
35917,10,40000
35918,10,10000
35919,10,30000
35920,10,40000
35921,10,30000
35922,10,30000
35923,10,40000
35924,10,40000
35925,10,10000
35926,10,0
35927,10,5000
35928,10,20000
35929,10,10000
35930,10,10000
35931,10,0
35932,10,50000
35933,10,20000
35934,10,40000
35935,10,5000
35936,10,30000
35937,10,20000
35938,10,5000
35939,10,50000
35940,10,40000
35941,10,50000
35942,10,40000
35943,10,10000
35944,10,30000
35945,10,50000
35946,10,5000
35947,10,10000
35948,10,40000
35949,10,20000
35950,10,0
35951,10,30000
35952,10,50000
35953,10,50000
35954,10,0
35955,10,5000
35956,10,10000
35957,10,0
35958,10,10000
35959,10,40000
35960,10,20000
35961,10,20000
35962,10,10000
35963,10,0
35964,10,20000
35965,10,10000
35966,10,50000
35967,10,30000
35968,10,20000
35969,10,30000
35970,10,5000
35971,10,0
35972,10,20000
35973,10,20000
35974,10,0
35975,10,5000
35976,10,0
35977,10,20000
35978,10,20000
35979,10,40000
35980,10,30000
35981,10,50000
35982,10,5000
35983,10,30000
35984,10,20000
35985,10,10000
35986,10,20000
35987,10,0
35988,10,10000
35989,10,50000
35990,10,30000
35991,10,0
35992,10,10000
35993,10,20000
35994,10,0
35995,10,40000
35996,10,0
35997,10,50000
35998,10,0
35999,10,20000
36000,10,0
36001,10,20000
36002,10,0
36003,10,0
36004,10,5000
36005,10,20000
36006,10,0
36007,10,50000
36008,10,20000
36009,10,50000
36010,10,0
36011,10,5000
36012,10,20000
36013,10,50000
36014,10,0
36015,10,50000
36016,10,50000
36017,10,30000
36018,10,50000
36019,10,0
36020,10,5000
36021,10,50000
36022,10,50000
36023,10,50000
36024,10,0
36025,10,30000
36026,10,0
36027,10,10000
36028,10,0
36029,10,30000
36030,10,20000
36031,10,5000
36032,10,0
36033,10,0
36034,10,40000
36035,10,50000
36036,10,20000
36037,10,20000
36038,10,50000
36039,10,50000
36040,10,0
36041,10,10000
36042,10,5000
36043,10,0
36044,10,20000
36045,10,40000
36046,10,20000
36047,10,40000
36048,10,50000
36049,10,50000
36050,10,0
36051,10,0
36052,10,0
36053,10,10000
36054,10,50000
36055,10,5000
36056,10,40000
36057,10,10000
36058,10,30000
36059,10,0
36060,10,20000
36061,10,20000
36062,10,0
36063,10,10000
36064,10,10000
36065,10,10000
36066,10,20000
36067,10,10000
36068,10,40000
36069,10,0
36070,10,40000
36071,10,0
36072,10,30000
36073,10,0
36074,10,0
36075,10,10000
36076,10,40000
36077,10,50000
36078,10,20000
36079,10,30000
36080,10,10000
36081,10,20000
36082,10,40000
36083,10,5000
36084,10,50000
36085,10,0
36086,10,10000
36087,10,20000
36088,10,10000
36089,10,30000
36090,10,10000
36091,10,0
36092,10,30000
36093,10,5000
36094,10,5000
36095,10,40000
36096,10,20000
36097,10,20000
36098,10,0
36099,10,0
36100,10,5000
36101,10,50000
36102,10,10000
36103,10,50000
36104,10,50000
36105,10,10000
36106,10,40000
36107,10,0
36108,10,5000
36109,10,5000
36110,10,10000
36111,10,10000
36112,10,5000
36113,10,50000
36114,10,5000
36115,10,0
36116,10,10000
36117,11,40000
36118,10,30000
36119,10,5000
36120,10,0
36121,10,0
36122,10,20000
36123,10,20000
36124,10,50000
36125,10,0
36126,10,0
36127,10,0
36128,10,10000
36129,10,30000
36130,10,0
36131,10,5000
36132,10,20000
36133,10,0
36134,10,20000
36135,10,30000
36136,10,10000
36137,10,20000
36138,10,0
36139,10,0
36140,10,20000
36141,10,0
36142,10,40000
36143,10,5000
36144,10,20000
36145,10,30000
36146,10,0
36147,10,40000
36148,10,20000
36149,10,50000
36150,10,20000
36151,10,50000
36152,10,10000
36153,10,50000
36154,10,0
36155,10,0
36156,10,20000
36157,10,20000
36158,10,10000
36159,10,50000
36160,10,30000
36161,10,50000
36162,10,0
36163,10,10000
36164,10,20000
36165,10,0
36166,10,30000
36167,10,10000
36168,10,30000
36169,10,20000
36170,10,0
36171,10,30000
36172,10,20000
36173,10,40000
36174,10,30000
36175,10,40000
36176,10,30000
36177,10,0
36178,10,0
36179,10,50000
36180,10,40000
36181,10,10000
36182,10,20000
36183,10,10000
36184,10,30000
36185,10,5000
36186,10,40000
36187,10,5000
36188,10,50000
36189,10,30000
36190,10,50000
36191,10,40000
36192,10,40000
36193,10,40000
36194,10,5000
36195,10,40000
36196,10,20000
36197,10,30000
36198,10,20000
36199,10,0
36200,10,20000
36201,10,30000
36202,10,20000
36203,10,20000
36204,10,50000
36205,10,50000
36206,10,40000
36207,10,0
36208,10,5000
36209,10,30000
36210,10,20000
36211,10,0
36212,10,10000
36213,10,0
36214,10,50000
36215,10,40000
36216,10,0
36217,10,0
36218,10,0
36219,10,0
36220,10,0
36221,10,0
36222,10,30000
36223,10,20000
36224,10,50000
36225,10,50000
36226,10,40000
36227,10,50000
36228,10,10000
36229,10,30000
36230,10,0
36231,10,10000
36232,10,20000
36233,10,0
36234,10,5000
36235,10,20000
36236,10,0
36237,10,0
36238,10,0
36239,10,20000
36240,10,0
36241,10,20000
36242,10,30000
36243,10,10000
36244,10,0
36245,10,10000
36246,10,10000
36247,10,0
36248,10,50000
36249,10,30000
36250,10,30000
36251,10,10000
36252,10,30000
36253,10,5000
36254,10,40000
36255,10,0
36256,10,30000
36257,10,40000
36258,10,5000
36259,10,40000
36260,10,0
36261,10,30000
36262,10,20000
36263,10,30000
36264,10,0
36265,10,50000
36266,10,0
36267,10,30000
36268,10,0
36269,10,50000
36270,10,0
36271,10,30000
36272,10,50000
36273,10,5000
36274,10,0
36275,10,50000
36276,10,10
36277,10,10000
36278,10,20000
36279,10,20000
36280,10,0
36281,10,50000
36282,10,30000
36283,10,5000
36284,10,10000
36285,10,20000
36286,10,40000
36287,10,30000
36288,10,0
36289,10,10000
36290,10,0
36291,10,10000
36292,10,10
36293,10,30000
36294,10,40000
36295,10,50000
36296,10,50000
36297,10,40000
36298,10,50000
36299,10,20000
36300,10,20000
36301,10,30000
36302,10,10000
36303,10,30000
36304,10,40000
36305,10,0
36306,10,0
36307,10,0
36308,10,10000
36309,10,40000
36310,10,5000
36311,10,20000
36312,10,30000
36313,10,0
36314,10,5000
36315,10,10000
36316,10,5000
36317,10,20000
36318,10,50000
36319,10,0
36320,10,0
36321,10,50000
36322,10,0
36323,10,0
36324,10,0
36325,10,5000
36326,10,0
36327,10,30000
36328,10,50000
36329,10,0
36330,10,10000
36331,10,30000
36332,10,5000
36333,10,0
36334,10,50000
36335,10,20000
36336,10,20000
36337,10,10000
36338,10,0
36339,10,20000
36340,10,20000
36341,10,20000
36342,10,50000
36343,10,0
36344,10,50000
36345,10,5000
36346,10,30000
36347,10,5000
36348,10,0
36349,10,50000
36350,10,30000
36351,10,40000
36352,10,0
36353,10,20000
36354,10,30000
36355,10,20000
36356,10,50000
36357,10,0
36358,10,20000
36359,10,30000
36360,10,0
36361,10,0
36362,10,0
36363,10,0
36364,10,30000
36365,10,30000
36366,10,0
36367,10,50000
36368,10,50000
36369,10,0
36370,10,20000
36371,10,5000
36372,10,0
36373,10,30000
36374,10,20000
36375,10,50000
36376,10,50000
36377,10,20000
36378,10,0
36379,10,10
36380,10,30000
36381,10,0
36382,10,0
36383,10,0
36384,10,0
36385,10,30000
36386,10,20000
36387,10,0
36388,10,0
36389,10,20000
36390,10,20000
36391,10,30000
36392,10,0
36393,10,0
36394,10,0
36395,10,0
36396,10,20000
36397,10,10000
36398,10,40000
36399,10,30000
36400,10,30000
36401,10,10000
36402,10,0
36403,10,0
36404,10,20000
36405,10,0
36406,10,50000
36407,10,30000
36408,10,40000
36409,10,0
36410,10,50000
36411,10,10000
36412,10,0
36413,10,30000
36414,10,0
36415,10,20000
36416,10,5000
36417,10,0
36418,10,50000
36419,10,0
36420,10,50000
36421,10,0
36422,10,0
36423,10,40000
36424,10,20000
36425,10,0
36426,10,0
36427,10,10000
36428,10,0
36429,10,50000
36430,10,20000
36431,10,0
36432,10,50000
36433,10,0
36434,10,40000
36435,10,10000
36436,10,5000
36437,10,30000
36438,10,30000
36439,10,20000
36440,10,40000
36441,10,0
36442,10,0
36443,10,10
36444,10,30000
36445,10,20000
36446,10,40000
36447,10,40000
36448,10,5000
36449,10,0
36450,10,50000
36451,10,30000
36452,10,0
36453,10,5000
36454,10,0
36455,10,5000
36456,10,0
36457,10,50000
36458,10,0
36459,10,0
36460,10,0
36461,10,30000
36462,10,0
36463,10,20000
36464,10,20000
36465,10,50000
36466,10,0
36467,10,0
36468,10,30000
36469,10,10000
36470,10,40000
36471,10,50000
36472,10,20000
36473,10,5000
36474,10,10000
36475,10,0
36476,10,0
36477,10,5000
36478,10,30000
36479,10,30000
36480,10,0
36481,10,40000
36482,10,30000
36483,10,20000
36484,10,20000
36485,10,10000
36486,10,0
36487,10,40000
36488,10,0
36489,10,0
36490,10,30000
36491,10,0
36492,10,10000
36493,10,0
36494,10,0
36495,10,0
36496,10,50000
36497,10,30000
36498,10,20000
36499,10,40000
36500,10,40000
36501,10,50000
36502,10,30000
36503,10,30000
36504,10,20000
36505,10,0
36506,10,10000
36507,10,30000
36508,10,0
36509,10,30000
36510,10,0
36511,10,0
36512,10,40000
36513,10,20000
36514,10,30000
36515,10,50000
36516,10,5000
36517,10,0
36518,10,0
36519,10,10000
36520,10,0
36521,10,5000
36522,10,50000
36523,10,40000
36524,10,0
36525,10,10000
36526,10,30000
36527,10,0
36528,10,40000
36529,10,0
36530,10,20000
36531,10,5000
36532,10,20000
36533,10,50000
36534,10,0
36535,10,10000
36536,10,10000
36537,10,50000
36538,10,30000
36539,10,0
36540,10,40000
36541,10,0
36542,10,5000
36543,10,50000
36544,10,5000
36545,10,40000
36546,10,50000
36547,10,30000
36548,10,5000
36549,10,0
36550,10,5000
36551,10,50000
36552,10,10000
36553,10,20000
36554,10,20000
36555,10,10000
36556,10,0
36557,10,20000
36558,10,0
36559,10,30000
36560,10,30000
36561,10,50000
36562,10,40000
36563,10,10000
36564,10,50000
36565,10,50000
36566,10,30000
36567,10,20000
36568,10,30000
36569,10,40000
36570,10,0
36571,10,20000
36572,10,30000
36573,10,10000
36574,10,5000
36575,10,0
36576,10,50000
36577,10,5000
36578,10,0
36579,10,50000
36580,10,20000
36581,10,50000
36582,10,0
36583,10,0
36584,10,0
36585,10,0
36586,10,20000
36587,10,5000
36588,10,40000
36589,10,0
36590,10,20000
36591,10,0
36592,10,5000
36593,10,50000
36594,10,30000
36595,10,5000
36596,10,0
36597,10,40000
36598,10,0
36599,10,10000
36600,10,30000
36601,10,5000
36602,10,50000
36603,10,20000
36604,10,30000
36605,10,20000
36606,10,40000
36607,10,40000
36608,10,0
36609,10,50000
36610,10,0
36611,10,50000
36612,10,10000
36613,10,0
36614,10,50000
36615,10,0
36616,10,10000
36617,10,0
36618,10,50000
36619,10,0
36620,10,50000
36621,10,40000
36622,10,0
36623,10,20000
36624,10,20000
36625,10,30000
36626,10,0
36627,10,30000
36628,10,0
36629,10,40000
36630,10,30000
36631,10,50000
36632,10,30000
36633,10,10000
36634,10,10000
36635,10,20000
36636,10,5000
36637,10,50000
36638,10,50000
36639,10,50000
36640,10,0
36641,10,10
36642,10,0
36643,10,30000
36644,10,0
36645,10,0
36646,10,10000
36647,10,20000
36648,10,0
36649,10,30000
36650,10,20000
36651,10,30000
36652,10,30000
36653,10,30000
36654,10,30000
36655,10,50000
36656,10,50000
36657,10,30000
36658,10,5000
36659,10,10000
36660,10,20000
36661,10,0
36662,10,0
36663,10,10
36664,10,5000
36665,10,40000
36666,10,0
36667,10,20000
36668,10,40000
36669,10,20000
36670,10,30000
36671,10,0
36672,10,0
36673,10,50000
36674,10,0
36675,10,10000
36676,10,0
36677,10,0
36678,10,20000
36679,10,0
36680,10,0
36681,10,0
36682,10,30000
36683,10,20000
36684,10,30000
36685,10,5000
36686,10,0
36687,10,50000
36688,10,30000
36689,10,5000
36690,10,20000
36691,10,40000
36692,10,50000
36693,10,0
36694,10,5000
36695,10,20000
36696,10,50000
36697,10,10000
36698,10,0
36699,10,0
36700,10,0
36701,10,5000
36702,10,0
36703,10,20000
36704,10,50000
36705,10,30000
36706,10,0
36707,10,20000
36708,10,50000
36709,10,30000
36710,10,5000
36711,10,0
36712,10,5000
36713,10,0
36714,10,20000
36715,10,5000
36716,10,50000
36717,10,0
36718,10,10000
36719,10,30000
36720,10,0
36721,10,30000
36722,10,30000
36723,10,20000
36724,10,0
36725,10,40000
36726,10,10000
36727,10,10000
36728,10,50000
36729,10,5000
36730,10,50000
36731,10,20000
36732,10,20000
36733,10,30000
36734,10,0
36735,10,5000
36736,10,0
36737,10,0
36738,10,30000
36739,10,0
36740,10,0
36741,10,20000
36742,10,30000
36743,10,5000
36744,10,20000
36745,10,40000
36746,10,50000
36747,10,5000
36748,10,10000
36749,10,40000
36750,10,0
36751,10,10000
36752,10,50000
36753,10,20000
36754,10,0
36755,10,20000
36756,10,5000
36757,10,20000
36758,10,0
36759,10,50000
36760,10,0
36761,10,0
36762,10,0
36763,10,50000
36764,10,5000
36765,10,5000
36766,10,20000
36767,10,10000
36768,10,20000
36769,10,0
36770,10,0
36771,10,10000
36772,10,0
36773,10,10000
36774,10,0
36775,10,5000
36776,10,50000
36777,10,5000
36778,10,20000
36779,10,0
36780,10,50000
36781,10,30000
36782,10,30000
36783,10,0
36784,10,20000
36785,10,40000
36786,10,40000
36787,10,10000
36788,10,20000
36789,10,0
36790,10,0
36791,10,10000
36792,10,0
36793,10,30000
36794,10,40000
36795,10,50000
36796,10,5000
36797,10,0
36798,10,40000
36799,10,5000
36800,10,5000
36801,10,5000
36802,10,0
36803,10,50000
36804,10,20000
36805,10,30000
36806,10,50000
36807,10,10000
36808,10,50000
36809,10,40000
36810,10,20000
36811,10,30000
36812,10,0
36813,10,20000
36814,10,30000
36815,10,50000
36816,10,0
36817,10,10000
36818,10,0
36819,10,40000
36820,10,0
36821,10,0
36822,10,0
36823,10,40000
36824,10,20000
36825,10,0
36826,10,0
36827,10,40000
36828,10,40000
36829,10,30000
36830,10,50000
36831,10,50000
36832,10,10000
36833,10,20000
36834,10,20000
36835,10,20000
36836,10,0
36837,10,0
36838,10,0
36839,10,40000
36840,10,0
36841,10,5000
36842,10,50000
36843,10,30000
36844,10,30000
36845,10,0
36846,10,20000
36847,10,0
36848,10,50000
36849,10,5000
36850,10,30000
36851,10,10
36852,10,30000
36853,10,20000
36854,10,40000
36855,10,0
36856,10,10000
36857,10,30000
36858,10,50000
36859,10,0
36860,10,10000
36861,10,50000
36862,10,30000
36863,10,0
36864,10,5000
36865,10,5000
36866,10,0
36867,10,5000
36868,10,0
36869,10,30000
36870,10,20000
36871,10,0
36872,10,50000
36873,10,10000
36874,10,10000
36875,10,0
36876,10,30000
36877,10,50000
36878,10,20000
36879,10,5000
36880,10,30000
36881,10,30000
36882,10,0
36883,10,0
36884,10,30000
36885,10,50000
36886,10,0
36887,10,0
36888,10,50000
36889,10,0
36890,10,30000
36891,10,0
36892,10,30000
36893,10,20000
36894,10,20000
36895,10,50000
36896,10,10000
36897,10,0
36898,10,50000
36899,10,5000
36900,10,0
36901,10,30000
36902,10,50000
36903,10,0
36904,10,50000
36905,10,5000
36906,10,0
36907,10,30000
36908,10,5000
36909,10,0
36910,10,10000
36911,10,40000
36912,10,40000
36913,10,5000
36914,10,0
36915,10,40000
36916,10,5000
36917,10,50000
36918,10,50000
36919,10,50000
36920,10,5000
36921,10,5000
36922,10,0
36923,10,5000
36924,10,30000
36925,10,40000
36926,10,50000
36927,10,0
36928,10,0
36929,10,30000
36930,10,0
36931,10,30000
36932,10,0
36933,10,0
36934,10,50000
36935,10,30000
36936,10,40000
36937,10,50000
36938,10,30000
36939,10,10000
36940,10,50000
36941,10,30000
36942,10,10000
36943,10,0
36944,10,0
36945,10,5000
36946,10,5000
36947,10,0
36948,10,0
36949,10,50000
36950,10,5000
36951,10,10000
36952,10,40000
36953,10,40000
36954,10,20000
36955,10,0
36956,10,10000
36957,10,50000
36958,10,40000
36959,10,40000
36960,10,30000
36961,10,20000
36962,10,10000
36963,10,30000
36964,10,20000
36965,10,10000
36966,10,20000
36967,10,5000
36968,10,0
36969,10,50000
36970,10,10000
36971,10,10000
36972,10,0
36973,10,50000
36974,10,0
36975,10,20000
36976,10,50000
36977,10,5000
36978,10,20000
36979,10,20000
36980,10,10000
36981,10,20000
36982,10,10000
36983,10,20000
36984,10,50000
36985,10,0
36986,10,20000
36987,10,20000
36988,10,5000
36989,10,20000
36990,10,20000
36991,10,30000
36992,10,30000
36993,10,40000
36994,10,5000
36995,10,5000
36996,10,0
36997,10,0
36998,10,0
36999,10,0
37000,10,10000
37001,10,0
37002,10,20000
37003,10,20000
37004,10,5000
37005,10,0
37006,10,10000
37007,10,0
37008,10,5000
37009,10,0
37010,10,0
37011,10,30000
37012,10,50000
37013,10,0
37014,10,0
37015,10,40000
37016,10,5000
37017,10,40000
37018,10,0
37019,10,5000
37020,10,0
37021,10,0
37022,10,0
37023,10,20000
37024,10,0
37025,10,20000
37026,10,0
37027,10,5000
37028,10,20000
37029,10,50000
37030,10,30000
37031,10,0
37032,10,20000
37033,10,0
37034,10,0
37035,10,20000
37036,10,50000
37037,10,30000
37038,10,5000
37039,10,5000
37040,10,5000
37041,10,20000
37042,10,5000
37043,10,20000
37044,10,40000
37045,10,20000
37046,10,20000
37047,10,40000
37048,10,5000
37049,10,0
37050,10,30000
37051,10,0
37052,10,30000
37053,10,20000
37054,10,20000
37055,10,0
37056,10,10000
37057,10,0
37058,10,0
37059,10,50000
37060,10,20000
37061,10,20000
37062,10,40000
37063,10,30000
37064,10,0
37065,10,10000
37066,10,50000
37067,10,20000
37068,10,0
37069,10,30000
37070,10,30000
37071,10,0
37072,10,40000
37073,10,0
37074,10,5000
37075,10,0
37076,10,50000
37077,10,10000
37078,10,10000
37079,10,0
37080,10,30000
37081,10,5000
37082,10,20000
37083,10,30000
37084,10,10000
37085,10,40000
37086,10,5000
37087,10,40000
37088,10,20000
37089,10,0
37090,10,10000
37091,10,20000
37092,10,0
37093,10,0
37094,10,5000
37095,10,0
37096,10,40000
37097,10,40000
37098,10,10000
37099,10,30000
37100,10,0
37101,10,50000
37102,10,5000
37103,10,30000
37104,10,10000
37105,10,30000
37106,10,20000
37107,10,5000
37108,10,30000
37109,10,20000
37110,10,30000
37111,10,30000
37112,10,50000
37113,10,30000
37114,10,10000
37115,10,10000
37116,10,0
37117,10,40000
37118,10,40000
37119,10,20000
37120,10,20000
37121,10,0
37122,10,30000
37123,10,0
37124,10,30000
37125,10,5000
37126,10,20000
37127,10,5000
37128,10,30000
37129,10,50000
37130,10,0
37131,10,20000
37132,10,0
37133,10,0
37134,10,5000
37135,10,30000
37136,10,0
37137,10,0
37138,10,20000
37139,10,50000
37140,10,20000
37141,10,20000
37142,10,50000
37143,10,0
37144,10,30000
37145,10,20000
37146,10,10000
37147,10,50000
37148,10,40000
37149,10,5000
37150,10,0
37151,10,30000
37152,10,5000
37153,10,30000
37154,10,10000
37155,10,10000
37156,10,30000
37157,10,50000
37158,10,10000
37159,10,30000
37160,10,0
37161,10,50000
37162,10,40000
37163,10,40000
37164,10,0
37165,10,40000
37166,10,40000
37167,10,0
37168,10,20000
37169,10,10000
37170,10,0
37171,10,5000
37172,10,20000
37173,10,0
37174,10,5000
37175,10,10000
37176,10,0
37177,10,10000
37178,10,5000
37179,10,0
37180,10,30000
37181,10,0
37182,10,10000
37183,10,5000
37184,10,30000
37185,10,5000
37186,10,20000
37187,10,0
37188,10,0
37189,10,0
37190,10,0
37191,10,40000
37192,10,5000
37193,10,20000
37194,10,10000
37195,10,10000
37196,10,50000
37197,10,30000
37198,10,20000
37199,10,0
37200,10,30000
37201,10,40000
37202,10,30000
37203,10,20000
37204,10,50000
37205,10,5000
37206,10,0
37207,10,0
37208,10,50000
37209,10,0
37210,10,10000
37211,10,30000
37212,10,0
37213,10,0
37214,10,50000
37215,10,0
37216,10,30000
37217,10,40000
37218,10,20000
37219,10,30000
37220,10,40000
37221,10,50000
37222,10,10000
37223,10,30000
37224,10,0
37225,10,30000
37226,10,5000
37227,10,40000
37228,10,0
37229,10,40000
37230,10,10000
37231,10,50000
37232,10,10000
37233,10,40000
37234,10,0
37235,10,5000
37236,10,20000
37237,10,0
37238,10,30000
37239,10,0
37240,10,20000
37241,10,20000
37242,10,10000
37243,10,20000
37244,10,40000
37245,10,30000
37246,10,0
37247,10,40000
37248,10,0
37249,10,0
37250,10,40000
37251,10,0
37252,10,0
37253,10,20000
37254,10,20000
37255,10,50000
37256,10,0
37257,10,50000
37258,10,10000
37259,10,30000
37260,10,0
37261,10,30000
37262,10,5000
37263,10,40000
37264,10,10000
37265,10,30000
37266,10,0
37267,10,0
37268,10,20000
37269,10,40000
37270,10,40000
37271,10,0
37272,10,0
37273,10,20000
37274,10,30000
37275,10,40000
37276,10,0
37277,10,20000
37278,10,20000
37279,10,30000
37280,10,30000
37281,10,0
37282,10,0
37283,10,20000
37284,10,30000
37285,10,10000
37286,10,0
37287,10,5000
37288,10,0
37289,10,50000
37290,10,10000
37291,10,30000
37292,10,0
37293,10,10000
37294,10,20000
37295,10,0
37296,10,30000
37297,10,5000
37298,10,0
37299,10,50000
37300,10,30000
37301,10,40000
37302,10,20000
37303,10,20000
37304,10,5000
37305,10,0
37306,10,0
37307,10,50000
37308,10,30000
37309,10,20000
37310,10,40000
37311,10,0
37312,10,20000
37313,10,30000
37314,10,0
37315,10,50000
37316,10,30000
37317,10,10000
37318,10,5000
37319,10,0
37320,10,10000
37321,10,20000
37322,10,50000
37323,10,0
37324,10,50000
37325,10,20000
37326,10,50000
37327,10,40000
37328,10,20000
37329,10,20000
37330,10,40000
37331,10,0
37332,10,50000
37333,10,20000
37334,10,10000
37335,10,40000
37336,10,50000
37337,10,30000
37338,10,0
37339,10,0
37340,10,0
37341,10,40000
37342,10,10000
37343,10,5000
37344,10,0
37345,10,50000
37346,10,5000
37347,10,30000
37348,10,40000
37349,10,20000
37350,10,20000
37351,10,0
37352,10,5000
37353,10,0
37354,10,10000
37355,10,50000
37356,10,50000
37357,10,10000
37358,10,30000
37359,10,30000
37360,10,0
37361,10,40000
37362,10,0
37363,10,0
37364,10,0
37365,10,40000
37366,10,30000
37367,10,40000
37368,10,20000
37369,10,0
37370,10,0
37371,10,10000
37372,10,5000
37373,10,0
37374,10,30000
37375,10,40000
37376,10,0
37377,10,10000
37378,10,30000
37379,10,0
37380,10,30000
37381,10,30000
37382,10,0
37383,10,50000
37384,10,20000
37385,10,50000
37386,10,10000
37387,10,20000
37388,10,40000
37389,10,50000
37390,10,0
37391,10,10000
37392,10,30000
37393,10,30000
37394,10,5000
37395,10,5000
37396,10,50000
37397,10,5000
37398,10,30000
37399,10,20000
37400,10,0
37401,10,10000
37402,10,0
37403,10,50000
37404,10,0
37405,10,40000
37406,10,40000
37407,10,40000
37408,10,0
37409,10,30000
37410,10,0
37411,10,30000
37412,10,40000
37413,10,20000
37414,10,0
37415,10,50000
37416,10,0
37417,10,10000
37418,10,5000
37419,10,0
37420,10,0
37421,10,0
37422,10,0
37423,10,50000
37424,10,30000
37425,10,0
37426,10,5000
37427,10,10000
37428,10,0
37429,10,20000
37430,10,0
37431,10,40000
37432,10,0
37433,10,5000
37434,10,20000
37435,10,40000
37436,10,0
37437,10,0
37438,10,5000
37439,10,0
37440,10,30000
37441,10,50000
37442,10,30000
37443,10,0
37444,10,10000
37445,10,0
37446,10,10000
37447,10,0
37448,10,0
37449,10,30000
37450,10,0
37451,10,10000
37452,10,50000
37453,10,50000
37454,10,10000
37455,10,5000
37456,10,0
37457,10,0
37458,10,5000
37459,10,30000
37460,10,30000
37461,10,20000
37462,10,0
37463,10,30000
37464,10,40000
37465,10,30000
37466,10,0
37467,10,0
37468,10,20000
37469,10,30000
37470,10,50000
37471,10,20000
37472,10,0
37473,10,30000
37474,10,0
37475,10,10000
37476,10,0
37477,10,0
37478,10,5000
37479,10,0
37480,10,40000
37481,10,5000
37482,10,50000
37483,10,5000
37484,10,50000
37485,10,10000
37486,10,0
37487,10,20000
37488,10,30000
37489,10,30000
37490,10,20000
37491,10,50000
37492,10,10000
37493,10,30000
37494,10,10000
37495,10,30000
37496,10,5000
37497,10,50000
37498,10,20000
37499,10,0
37500,10,0
37501,10,20000
37502,10,40000
37503,10,30000
37504,10,5000
37505,10,50000
37506,10,20000
37507,10,50000
37508,10,50000
37509,10,50000
37510,10,5000
37511,10,20000
37512,10,0
37513,10,0
37514,10,40000
37515,10,50000
37516,10,40000
37517,10,0
37518,10,30000
37519,10,0
37520,10,20000
37521,10,5000
37522,10,40000
37523,10,20000
37524,10,30000
37525,10,20000
37526,10,0
37527,10,30000
37528,10,5000
37529,10,20000
37530,10,40000
37531,10,50000
37532,10,30000
37533,10,0
37534,10,30000
37535,10,30000
37536,10,30000
37537,10,10000
37538,10,0
37539,10,10000
37540,10,0
37541,10,50000
37542,10,0
37543,10,30000
37544,10,5000
37545,10,30000
37546,10,0
37547,10,20000
37548,10,0
37549,10,10000
37550,10,30000
37551,10,30000
37552,10,10000
37553,10,0
37554,10,20000
37555,10,30000
37556,10,0
37557,10,0
37558,10,50000
37559,10,20000
37560,10,40000
37561,10,0
37562,10,50000
37563,10,50000
37564,10,30000
37565,10,5000
37566,10,40000
37567,10,30000
37568,10,30000
37569,10,20000
37570,10,20000
37571,10,30000
37572,10,20000
37573,10,30000
37574,10,30000
37575,10,30000
37576,10,40000
37577,10,10000
37578,10,50000
37579,10,10000
37580,10,30000
37581,10,5000
37582,10,0
37583,10,20000
37584,10,0
37585,10,5000
37586,10,40000
37587,10,0
37588,10,40000
37589,10,20000
37590,10,10000
37591,10,0
37592,10,0
37593,10,10000
37594,10,0
37595,10,40000
37596,10,20000
37597,10,30000
37598,10,0
37599,10,10000
37600,10,20000
37601,10,0
37602,10,10000
37603,10,0
37604,10,0
37605,10,5000
37606,10,50000
37607,10,0
37608,10,30000
37609,10,30000
37610,10,50000
37611,10,50000
37612,10,20000
37613,10,30000
37614,10,40000
37615,10,0
37616,10,40000
37617,10,50000
37618,10,0
37619,10,30000
37620,10,50000
37621,10,40000
37622,10,40000
37623,10,50000
37624,10,30000
37625,10,40000
37626,10,10000
37627,10,20000
37628,10,0
37629,10,20000
37630,10,5000
37631,10,0
37632,10,20000
37633,10,20000
37634,10,20000
37635,10,5000
37636,10,0
37637,10,0
37638,10,50000
37639,10,10000
37640,10,0
37641,10,5000
37642,10,30000
37643,10,5000
37644,10,0
37645,10,40000
37646,10,20000
37647,10,5000
37648,10,50000
37649,10,0
37650,10,40000
37651,10,0
37652,10,5000
37653,10,40000
37654,10,5000
37655,10,30000
37656,10,10000
37657,10,0
37658,10,30000
37659,10,30000
37660,10,5000
37661,10,20000
37662,10,0
37663,10,50000
37664,10,0
37665,10,40000
37666,10,10000
37667,10,0
37668,10,40000
37669,10,40000
37670,10,5000
37671,10,0
37672,10,30000
37673,10,40000
37674,10,0
37675,10,5000
37676,10,50000
37677,10,0
37678,10,20000
37679,10,30000
37680,10,0
37681,10,0
37682,10,20000
37683,10,5000
37684,10,50000
37685,10,50000
37686,10,0
37687,10,10000
37688,10,0
37689,10,20000
37690,10,0
37691,10,0
37692,10,30000
37693,10,0
37694,10,5000
37695,10,50000
37696,10,0
37697,10,5000
37698,10,10000
37699,10,0
37700,10,5000
37701,10,20000
37702,10,20000
37703,10,30000
37704,10,10000
37705,10,0
37706,10,0
37707,10,5000
37708,10,20000
37709,10,20000
37710,10,0
37711,10,0
37712,10,10000
37713,10,0
37714,10,0
37715,10,5000
37716,10,5000
37717,10,20000
37718,10,20000
37719,10,40000
37720,10,50000
37721,10,50000
37722,10,0
37723,10,0
37724,10,5000
37725,10,30000
37726,10,5000
37727,10,0
37728,10,20000
37729,10,0
37730,10,0
37731,10,0
37732,10,50000
37733,10,40000
37734,10,0
37735,10,0
37736,10,40000
37737,10,20000
37738,10,0
37739,10,10000
37740,10,40000
37741,10,0
37742,10,5000
37743,10,20000
37744,10,20000
37745,10,20000
37746,10,20000
37747,10,50000
37748,10,0
37749,10,40000
37750,10,5000
37751,10,20000
37752,10,5000
37753,10,10
37754,10,30000
37755,10,20000
37756,10,30000
37757,10,50000
37758,10,0
37759,10,30000
37760,10,40000
37761,10,30000
37762,10,20000
37763,10,0
37764,10,0
37765,10,10000
37766,10,0
37767,10,0
37768,10,0
37769,10,0
37770,10,30000
37771,10,0
37772,10,0
37773,10,20000
37774,10,30000
37775,10,10000
37776,10,50000
37777,10,30000
37778,10,0
37779,10,10000
37780,10,30000
37781,10,20000
37782,10,30000
37783,10,40000
37784,10,50000
37785,10,50000
37786,10,10000
37787,10,50000
37788,10,0
37789,10,40000
37790,10,0
37791,10,20000
37792,10,20000
37793,10,0
37794,10,40000
37795,10,50000
37796,10,40000
37797,10,40000
37798,10,20000
37799,10,5000
37800,10,0
37801,10,0
37802,10,0
37803,10,20000
37804,10,30000
37805,10,0
37806,10,40000
37807,10,0
37808,10,0
37809,10,5000
37810,10,0
37811,10,30000
37812,10,0
37813,10,0
37814,10,0
37815,10,40000
37816,10,0
37817,10,20000
37818,10,20000
37819,10,0
37820,10,0
37821,10,20000
37822,10,5000
37823,10,10000
37824,10,30000
37825,10,20000
37826,10,40000
37827,10,10000
37828,10,40000
37829,10,40000
37830,10,50000
37831,10,10000
37832,10,10000
37833,10,0
37834,10,50000
37835,10,20000
37836,10,20000
37837,10,0
37838,10,20000
37839,10,30000
37840,10,10000
37841,10,40000
37842,10,10000
37843,10,5000
37844,10,20000
37845,10,10000
37846,10,50000
37847,10,50000
37848,10,0
37849,10,0
37850,10,0
37851,10,40000
37852,10,20000
37853,10,30000
37854,10,50000
37855,10,40000
37856,10,50000
37857,10,0
37858,10,0
37859,10,30000
37860,10,20000
37861,10,20000
37862,10,40000
37863,10,20000
37864,10,20000
37865,10,0
37866,10,40000
37867,10,30000
37868,10,10000
37869,10,0
37870,10,20000
37871,10,10000
37872,10,0
37873,10,50000
37874,10,10000
37875,10,30000
37876,10,50000
37877,10,30000
37878,10,10000
37879,10,40000
37880,10,0
37881,10,30000
37882,10,0
37883,10,0
37884,10,0
37885,10,0
37886,10,0
37887,10,0
37888,10,30000
37889,10,0
37890,10,30000
37891,10,50000
37892,10,40000
37893,10,50000
37894,10,0
37895,10,10000
37896,10,40000
37897,10,0
37898,10,50000
37899,10,40000
37900,10,50000
37901,10,20000
37902,10,5000
37903,10,20000
37904,10,50000
37905,10,20000
37906,10,40000
37907,10,5000
37908,10,0
37909,10,30000
37910,10,40000
37911,10,40000
37912,10,30000
37913,10,0
37914,10,50000
37915,10,0
37916,10,20000
37917,10,50000
37918,10,20000
37919,10,0
37920,10,30000
37921,10,30000
37922,10,20000
37923,10,40000
37924,10,10000
37925,10,0
37926,10,20000
37927,10,50000
37928,10,10000
37929,10,0
37930,10,0
37931,10,30000
37932,10,30000
37933,10,5000
37934,10,10000
37935,10,50000
37936,10,20000
37937,10,0
37938,10,20000
37939,10,5000
37940,10,10
37941,10,20000
37942,10,50000
37943,10,5000
37944,10,40000
37945,10,5000
37946,10,0
37947,10,30000
37948,10,10000
37949,10,50000
37950,10,0
37951,10,0
37952,10,10000
37953,10,0
37954,10,30000
37955,10,0
37956,10,30000
37957,10,40000
37958,10,40000
37959,10,30000
37960,10,50000
37961,10,40000
37962,10,0
37963,10,50000
37964,10,10000
37965,10,5000
37966,10,0
37967,10,50000
37968,10,40000
37969,10,30000
37970,10,5000
37971,10,5000
37972,10,30000
37973,10,40000
37974,10,20000
37975,10,40000
37976,10,10000
37977,10,10000
37978,10,40000
37979,10,0
37980,10,0
37981,10,30000
37982,10,10000
37983,10,50000
37984,10,0
37985,10,40000
37986,10,40000
37987,10,10000
37988,10,10000
37989,10,0
37990,10,10000
37991,10,20000
37992,10,5000
37993,10,50000
37994,10,20000
37995,10,50000
37996,10,5000
37997,10,30000
37998,10,0
37999,10,40000
38000,10,30000
38001,10,0
38002,10,5000
38003,10,5000
38004,10,20000
38005,10,10000
38006,10,10000
38007,10,0
38008,10,50000
38009,10,20000
38010,10,40000
38011,10,40000
38012,10,40000
38013,10,30000
38014,10,0
38015,10,5000
38016,10,30000
38017,10,0
38018,10,30000
38019,10,5000
38020,10,50000
38021,10,0
38022,10,10000
38023,10,0
38024,10,20000
38025,10,20000
38026,10,0
38027,10,20000
38028,10,0
38029,10,0
38030,10,30000
38031,10,20000
38032,10,30000
38033,10,20000
38034,10,5000
38035,10,20000
38036,10,0
38037,10,10000
38038,10,20000
38039,10,0
38040,10,5000
38041,10,30000
38042,10,20000
38043,10,0
38044,10,30000
38045,10,30000
38046,10,30000
38047,10,20000
38048,10,40000
38049,10,5000
38050,10,0
38051,10,0
38052,10,10000
38053,10,10000
38054,10,50000
38055,10,20000
38056,10,5000
38057,10,10000
38058,10,0
38059,10,0
38060,10,20000
38061,10,40000
38062,10,30000
38063,10,20000
38064,10,20000
38065,10,40000
38066,10,0
38067,10,5000
38068,10,50000
38069,10,0
38070,10,30000
38071,10,40000
38072,10,10000
38073,10,30000
38074,10,0
38075,10,30000
38076,10,50000
38077,10,20000
38078,10,20000
38079,10,50000
38080,10,30000
38081,10,0
38082,10,40000
38083,10,40000
38084,10,0
38085,10,0
38086,10,0
38087,10,0
38088,10,0
38089,10,30000
38090,10,50000
38091,10,0
38092,10,30000
38093,10,0
38094,10,50000
38095,10,30000
38096,10,5000
38097,10,50000
38098,10,50000
38099,10,40000
38100,10,40000
38101,10,10000
38102,10,50000
38103,10,20000
38104,10,0
38105,10,0
38106,10,10000
38107,10,0
38108,10,5000
38109,10,0
38110,10,10000
38111,10,20000
38112,10,10000
38113,10,0
38114,10,5000
38115,10,50000
38116,10,40000
38117,10,50000
38118,10,30000
38119,10,30000
38120,10,40000
38121,10,0
38122,10,40000
38123,10,30000
38124,10,20000
38125,10,0
38126,10,40000
38127,10,30000
38128,10,0
38129,10,5000
38130,10,0
38131,10,30000
38132,10,40000
38133,10,0
38134,10,10000
38135,10,0
38136,10,0
38137,10,30000
38138,10,5000
38139,10,40000
38140,10,0
38141,10,30000
38142,10,0
38143,10,30000
38144,10,50000
38145,10,40000
38146,10,40000
38147,10,50000
38148,10,40000
38149,10,20000
38150,10,20000
38151,10,5000
38152,10,30000
38153,10,20000
38154,10,50000
38155,10,20000
38156,10,30000
38157,10,0
38158,10,10000
38159,10,40000
38160,10,0
38161,10,30000
38162,10,30000
38163,10,10000
38164,10,10000
38165,10,20000
38166,10,0
38167,10,0
38168,10,0
38169,10,40000
38170,10,20000
38171,10,30000
38172,10,40000
38173,10,30000
38174,10,30000
38175,10,0
38176,10,0
38177,10,0
38178,10,0
38179,10,50000
38180,10,0
38181,10,20000
38182,10,0
38183,10,0
38184,10,20000
38185,10,50000
38186,10,0
38187,10,0
38188,10,40000
38189,10,0
38190,10,50000
38191,10,0
38192,10,50000
38193,10,5000
38194,10,30000
38195,10,20000
38196,10,20000
38197,10,0
38198,10,0
38199,10,10000
38200,10,30000
38201,10,0
38202,10,30000
38203,10,10000
38204,10,10000
38205,10,0
38206,10,40000
38207,10,20000
38208,10,0
38209,10,50000
38210,10,30000
38211,10,50000
38212,10,0
38213,10,0
38214,10,5000
38215,10,30000
38216,10,40000
38217,10,0
38218,10,0
38219,10,30000
38220,10,20000
38221,10,50000
38222,10,20000
38223,10,5000
38224,10,20000
38225,10,20000
38226,10,10000
38227,10,0
38228,10,30000
38229,10,0
38230,10,30000
38231,10,20000
38232,10,50000
38233,10,50000
38234,10,0
38235,10,20000
38236,10,30000
38237,10,10000
38238,10,20000
38239,10,0
38240,10,0
38241,10,40000
38242,10,0
38243,10,50000
38244,10,50000
38245,10,20000
38246,10,10000
38247,10,20000
38248,10,0
38249,10,30000
38250,10,40000
38251,10,20000
38252,10,5000
38253,10,50000
38254,10,5000
38255,10,10000
38256,10,0
38257,10,50000
38258,10,10000
38259,10,0
38260,10,0
38261,10,10000
38262,10,50000
38263,10,30000
38264,10,5000
38265,10,5000
38266,10,0
38267,10,20000
38268,10,30000
38269,10,50000
38270,10,20000
38271,10,10000
38272,10,50000
38273,10,40000
38274,10,50000
38275,10,30000
38276,10,50000
38277,10,10000
38278,10,30000
38279,10,30000
38280,10,0
38281,10,40000
38282,10,40000
38283,10,5000
38284,10,30000
38285,10,0
38286,10,0
38287,10,50000
38288,10,0
38289,10,0
38290,10,0
38291,10,50000
38292,10,0
38293,10,40000
38294,10,50000
38295,10,40000
38296,10,30000
38297,10,40000
38298,10,20000
38299,10,0
38300,10,40000
38301,10,50000
38302,10,40000
38303,10,50000
38304,10,30000
38305,10,10000
38306,10,50000
38307,10,40000
38308,10,10000
38309,10,0
38310,10,0
38311,10,10000
38312,10,5000
38313,10,20000
38314,10,0
38315,10,40000
38316,10,20000
38317,10,0
38318,10,20000
38319,10,10
38320,10,0
38321,10,50000
38322,10,40000
38323,10,0
38324,10,20000
38325,10,0
38326,10,20000
38327,10,50000
38328,10,0
38329,10,30000
38330,10,0
38331,10,50000
38332,10,0
38333,10,50000
38334,10,0
38335,10,0
38336,10,0
38337,10,0
38338,10,20000
38339,10,0
38340,10,30000
38341,10,0
38342,10,40000
38343,10,10000
38344,10,5000
38345,10,20000
38346,10,5000
38347,10,50000
38348,10,30000
38349,10,0
38350,10,20000
38351,10,0
38352,10,0
38353,10,0
38354,10,0
38355,10,50000
38356,10,0
38357,10,0
38358,10,0
38359,10,0
38360,10,20000
38361,10,30000
38362,10,0
38363,10,30000
38364,10,0
38365,10,5000
38366,10,30000
38367,10,0
38368,10,0
38369,10,0
38370,10,0
38371,10,40000
38372,10,10000
38373,10,30000
38374,10,0
38375,10,30000
38376,10,10000
38377,10,5000
38378,10,0
38379,10,30000
38380,10,0
38381,10,0
38382,10,5000
38383,10,5000
38384,10,40000
38385,10,10
38386,10,10
38387,10,30000
38388,10,5000
38389,10,0
38390,10,20000
38391,10,10000
38392,10,0
38393,10,0
38394,10,0
38395,10,50000
38396,10,50000
38397,10,50000
38398,10,0
38399,10,40000
38400,10,10000
38401,10,0
38402,10,5000
38403,10,10000
38404,10,5000
38405,10,5000
38406,10,40000
38407,10,10000
38408,10,0
38409,10,10000
38410,10,40000
38411,10,30000
38412,10,20000
38413,10,50000
38414,10,10000
38415,10,0
38416,10,40000
38417,10,0
38418,10,0
38419,10,0
38420,10,40000
38421,10,30000
38422,10,30000
38423,10,0
38424,10,30000
38425,10,10000
38426,10,5000
38427,10,50000
38428,10,0
38429,10,0
38430,10,50000
38431,10,10000
38432,10,30000
38433,10,20000
38434,10,20000
38435,10,40000
38436,10,30000
38437,10,30000
38438,10,50000
38439,10,40000
38440,10,50000
38441,10,5000
38442,10,0
38443,10,50000
38444,10,40000
38445,10,5000
38446,10,50000
38447,10,40000
38448,10,0
38449,10,30000
38450,10,0
38451,10,0
38452,10,50000
38453,10,0
38454,10,10000
38455,10,0
38456,10,0
38457,10,20000
38458,10,0
38459,10,0
38460,10,20000
38461,10,30000
38462,10,30000
38463,10,20000
38464,10,30000
38465,10,30000
38466,10,10000
38467,10,0
38468,10,40000
38469,10,50000
38470,10,10000
38471,10,40000
38472,10,5000
38473,10,20000
38474,10,0
38475,10,30000
38476,10,10000
38477,10,30000
38478,10,10
38479,10,5000
38480,10,40000
38481,10,50000
38482,10,0
38483,10,0
38484,10,20000
38485,10,0
38486,10,0
38487,10,20000
38488,10,50000
38489,10,10000
38490,10,5000
38491,10,30000
38492,10,0
38493,10,20000
38494,10,30000
38495,10,40000
38496,10,50000
38497,10,40000
38498,10,0
38499,10,30000
38500,10,5000
38501,10,0
38502,10,10000
38503,10,50000
38504,10,20000
38505,10,0
38506,10,30000
38507,10,0
38508,10,0
38509,10,50000
38510,10,10000
38511,10,0
38512,10,50000
38513,10,5000
38514,10,0
38515,10,5000
38516,10,0
38517,10,20000
38518,10,0
38519,10,20000
38520,10,10000
38521,10,0
38522,10,0
38523,10,50000
38524,10,30000
38525,10,10000
38526,10,40000
38527,10,30000
38528,10,20000
38529,10,50000
38530,10,40000
38531,10,0
38532,10,0
38533,10,0
38534,10,20000
38535,10,50000
38536,10,50000
38537,10,5000
38538,10,40000
38539,10,30000
38540,10,30000
38541,10,40000
38542,10,50000
38543,10,0
38544,10,5000
38545,10,5000
38546,10,40000
38547,10,40000
38548,10,20000
38549,10,20000
38550,10,20000
38551,10,20000
38552,10,20000
38553,10,0
38554,10,40000
38555,10,30000
38556,10,5000
38557,10,20000
38558,10,50000
38559,10,30000
38560,10,50000
38561,10,30000
38562,10,20000
38563,10,20000
38564,10,20000
38565,10,5000
38566,10,5000
38567,10,10000
38568,10,0
38569,10,50000
38570,10,40000
38571,10,20000
38572,10,50000
38573,10,0
38574,10,20000
38575,10,20000
38576,10,30000
38577,10,0
38578,10,50000
38579,10,20000
38580,10,20000
38581,10,20000
38582,10,0
38583,10,0
38584,10,40000
38585,10,50000
38586,10,10000
38587,10,0
38588,10,30000
38589,10,0
38590,10,20000
38591,10,0
38592,10,5000
38593,10,20000
38594,10,0
38595,10,0
38596,10,20000
38597,10,30000
38598,10,50000
38599,10,20000
38600,10,5000
38601,10,20000
38602,10,0
38603,10,0
38604,10,0
38605,10,10000
38606,10,30000
38607,10,30000
38608,10,40000
38609,10,5000
38610,10,40000
38611,10,30000
38612,10,0
38613,10,50000
38614,10,0
38615,10,20000
38616,10,10
38617,10,0
38618,10,50000
38619,10,30000
38620,10,5000
38621,10,10000
38622,10,50000
38623,10,0
38624,10,50000
38625,10,30000
38626,10,50000
38627,10,0
38628,10,0
38629,10,0
38630,10,5000
38631,10,0
38632,10,0
38633,10,0
38634,10,0
38635,10,30000
38636,10,30000
38637,10,0
38638,10,5000
38639,10,0
38640,10,30000
38641,10,20000
38642,10,10000
38643,10,10000
38644,10,30000
38645,10,0
38646,10,5000
38647,10,30000
38648,10,40000
38649,10,40000
38650,10,10000
38651,10,20000
38652,10,40000
38653,10,40000
38654,10,0
38655,10,0
38656,10,10000
38657,10,20000
38658,10,0
38659,10,20000
38660,10,10000
38661,10,30000
38662,10,30000
38663,10,0
38664,10,20000
38665,10,0
38666,10,0
38667,10,30000
38668,10,40000
38669,10,50000
38670,10,30000
38671,10,30000
38672,10,0
38673,10,0
38674,10,0
38675,10,10000
38676,10,20000
38677,10,0
38678,10,40000
38679,10,0
38680,10,0
38681,10,5000
38682,10,10000
38683,10,0
38684,10,10000
38685,10,0
38686,10,50000
38687,10,0
38688,10,30000
38689,10,0
38690,10,0
38691,10,5000
38692,10,0
38693,10,40000
38694,10,10000
38695,10,20000
38696,10,20000
38697,10,30000
38698,10,5000
38699,10,10000
38700,10,5000
38701,10,30000
38702,10,30000
38703,10,30000
38704,10,10000
38705,10,0
38706,10,0
38707,10,50000
38708,10,10000
38709,10,0
38710,10,40000
38711,10,40000
38712,10,0
38713,10,10000
38714,10,0
38715,10,30000
38716,10,30000
38717,10,50000
38718,10,40000
38719,10,0
38720,10,30000
38721,10,20000
38722,10,20000
38723,10,20000
38724,10,30000
38725,10,5000
38726,10,5000
38727,10,30000
38728,10,0
38729,10,50000
38730,10,5000
38731,10,30000
38732,10,50000
38733,10,0
38734,10,40000
38735,10,0
38736,10,10000
38737,10,20000
38738,10,0
38739,10,30000
38740,10,10000
38741,10,10000
38742,10,0
38743,10,0
38744,10,20000
38745,10,0
38746,10,20000
38747,10,0
38748,10,0
38749,10,20000
38750,10,30000
38751,10,40000
38752,10,5000
38753,10,5000
38754,10,0
38755,10,40000
38756,10,30000
38757,10,0
38758,10,10000
38759,10,5000
38760,10,40000
38761,10,20000
38762,10,0
38763,10,30000
38764,10,30000
38765,10,30000
38766,10,50000
38767,10,10000
38768,10,30000
38769,10,5000
38770,10,30000
38771,10,5000
38772,10,20000
38773,10,50000
38774,10,0
38775,10,0
38776,10,50000
38777,10,10000
38778,10,0
38779,10,30000
38780,10,10000
38781,10,30000
38782,10,50000
38783,10,30000
38784,10,5000
38785,10,30000
38786,10,10000
38787,10,20000
38788,10,20000
38789,10,30000
38790,10,20000
38791,10,5000
38792,10,10000
38793,10,40000
38794,10,5000
38795,10,50000
38796,10,10000
38797,10,50000
38798,10,40000
38799,10,0
38800,10,0
38801,10,5000
38802,10,0
38803,10,50000
38804,10,5000
38805,10,20000
38806,10,0
38807,10,0
38808,10,10000
38809,10,30000
38810,10,50000
38811,10,20000
38812,10,50000
38813,10,50000
38814,10,40000
38815,10,50000
38816,10,0
38817,10,20000
38818,10,40000
38819,10,30000
38820,10,20000
38821,10,40000
38822,10,5000
38823,10,50000
38824,10,10000
38825,10,30000
38826,10,50000
38827,10,0
38828,10,0
38829,10,0
38830,10,20000
38831,10,20000
38832,10,30000
38833,10,0
38834,10,0
38835,10,20000
38836,10,30000
38837,10,30000
38838,10,5000
38839,10,30000
38840,10,20000
38841,10,5000
38842,10,5000
38843,10,40000
38844,10,0
38845,10,0
38846,10,0
38847,10,50000
38848,10,0
38849,10,20000
38850,10,0
38851,10,30000
38852,10,0
38853,10,30000
38854,10,30000
38855,10,5000
38856,10,20000
38857,10,5000
38858,10,20000
38859,10,30000
38860,10,20000
38861,10,5000
38862,10,0
38863,10,5000
38864,10,0
38865,10,20000
38866,10,0
38867,10,40000
38868,10,50000
38869,10,0
38870,10,5000
38871,10,30000
38872,10,30000
38873,10,20000
38874,10,10000
38875,10,5000
38876,10,20000
38877,10,20000
38878,10,5000
38879,10,0
38880,10,10000
38881,10,0
38882,10,0
38883,10,20000
38884,10,40000
38885,10,5000
38886,10,0
38887,10,10
38888,10,0
38889,10,0
38890,10,0
38891,10,20000
38892,10,0
38893,10,10000
38894,10,30000
38895,10,10000
38896,10,5000
38897,10,30000
38898,10,50000
38899,10,30000
38900,10,40000
38901,10,30000
38902,10,0
38903,10,10000
38904,10,0
38905,10,20000
38906,10,10000
38907,10,30000
38908,10,5000
38909,10,0
38910,10,0
38911,10,30000
38912,10,30000
38913,10,20000
38914,10,30000
38915,10,30000
38916,10,0
38917,10,30000
38918,10,5000
38919,10,20000
38920,10,10000
38921,10,50000
38922,10,50000
38923,10,50000
38924,10,0
38925,10,10000
38926,10,40000
38927,10,40000
38928,10,50000
38929,10,30000
38930,10,20000
38931,10,0
38932,10,10000
38933,10,50000
38934,10,40000
38935,10,50000
38936,10,30000
38937,10,40000
38938,10,5000
38939,10,40000
38940,10,20000
38941,10,20000
38942,10,50000
38943,10,20000
38944,10,0
38945,10,5000
38946,10,5000
38947,10,0
38948,10,50000
38949,10,0
38950,10,0
38951,10,0
38952,10,20000
38953,10,10000
38954,10,10000
38955,10,0
38956,10,20000
38957,10,0
38958,10,10000
38959,10,5000
38960,10,30000
38961,10,5000
38962,10,0
38963,10,20000
38964,10,20000
38965,10,20000
38966,10,0
38967,10,0
38968,10,50000
38969,10,30000
38970,10,50000
38971,10,20000
38972,10,0
38973,10,40000
38974,10,10000
38975,10,20000
38976,10,10000
38977,10,10000
38978,10,0
38979,10,5000
38980,10,40000
38981,10,50000
38982,10,30000
38983,10,40000
38984,10,0
38985,10,10000
38986,10,50000
38987,10,50000
38988,10,0
38989,10,20000
38990,10,20000
38991,10,20000
38992,10,50000
38993,10,40000
38994,10,0
38995,10,20000
38996,10,30000
38997,10,0
38998,10,10
38999,10,40000
39000,10,50000
39001,10,20000
39002,10,0
39003,10,10000
39004,10,0
39005,10,50000
39006,10,40000
39007,10,0
39008,10,40000
39009,10,30000
39010,10,0
39011,10,5000
39012,10,20000
39013,10,20000
39014,10,20000
39015,10,5000
39016,10,50000
39017,10,0
39018,10,40000
39019,10,10000
39020,10,30000
39021,10,10000
39022,10,0
39023,10,20000
39024,10,30000
39025,10,0
39026,10,40000
39027,10,50000
39028,10,5000
39029,10,5000
39030,10,20000
39031,10,50000
39032,10,0
39033,10,10000
39034,10,10000
39035,10,30000
39036,10,5000
39037,10,5000
39038,10,0
39039,10,0
39040,10,10000
39041,10,20000
39042,10,20000
39043,10,40000
39044,10,0
39045,10,30000
39046,10,20000
39047,10,20000
39048,10,5000
39049,10,20000
39050,10,0
39051,10,20000
39052,10,0
39053,10,0
39054,10,20000
39055,10,0
39056,10,40000
39057,10,5000
39058,10,20000
39059,10,20000
39060,10,0
39061,10,0
39062,10,5000
39063,10,5000
39064,10,5000
39065,10,5000
39066,10,40000
39067,10,40000
39068,10,5000
39069,10,0
39070,10,10
39071,10,0
39072,10,50000
39073,10,50000
39074,10,20000
39075,10,40000
39076,10,30000
39077,10,5000
39078,10,10000
39079,10,0
39080,10,10000
39081,10,0
39082,10,20000
39083,10,40000
39084,10,5000
39085,10,0
39086,10,20000
39087,10,20000
39088,10,50000
39089,10,30000
39090,10,30000
39091,10,20000
39092,10,5000
39093,10,5000
39094,10,50000
39095,10,0
39096,10,0
39097,10,10000
39098,10,20000
39099,10,30000
39100,10,40000
39101,10,0
39102,10,10000
39103,10,20000
39104,10,20000
39105,10,40000
39106,10,20000
39107,10,5000
39108,10,50000
39109,10,0
39110,10,50000
39111,10,0
39112,10,50000
39113,10,0
39114,10,0
39115,10,0
39116,10,10000
39117,10,0
39118,10,0
39119,10,5000
39120,10,0
39121,10,10000
39122,10,0
39123,10,0
39124,10,50000
39125,10,50000
39126,10,30000
39127,10,0
39128,10,10000
39129,10,30000
39130,10,5000
39131,10,10000
39132,10,10000
39133,10,0
39134,10,10000
39135,10,50000
39136,10,5000
39137,10,0
39138,10,20000
39139,10,30000
39140,10,0
39141,10,20000
39142,10,0
39143,10,0
39144,10,30000
39145,10,50000
39146,10,10000
39147,10,30000
39148,10,40000
39149,10,30000
39150,10,20000
39151,10,0
39152,10,30000
39153,10,30000
39154,10,20000
39155,10,0
39156,10,30000
39157,10,10000
39158,10,40000
39159,10,5000
39160,10,40000
39161,10,0
39162,10,10000
39163,10,30000
39164,10,20000
39165,10,40000
39166,10,5000
39167,10,50000
39168,10,5000
39169,10,30000
39170,10,20000
39171,10,30000
39172,10,30000
39173,10,30000
39174,10,10000
39175,10,0
39176,10,30000
39177,10,0
39178,10,30000
39179,10,30000
39180,10,20000
39181,10,5000
39182,10,0
39183,10,30000
39184,10,30000
39185,10,40000
39186,10,40000
39187,10,20000
39188,10,10000
39189,10,0
39190,10,30000
39191,10,40000
39192,10,50000
39193,10,30000
39194,10,40000
39195,10,30000
39196,10,10000
39197,10,30000
39198,10,0
39199,10,10000
39200,10,20000
39201,10,20000
39202,10,20000
39203,10,10
39204,10,30000
39205,10,0
39206,10,5000
39207,10,0
39208,10,40000
39209,10,30000
39210,10,50000
39211,10,20000
39212,10,50000
39213,10,30000
39214,10,40000
39215,10,50000
39216,10,0
39217,10,40000
39218,10,40000
39219,10,0
39220,10,30000
39221,10,40000
39222,10,20000
39223,10,10000
39224,10,5000
39225,10,30000
39226,10,0
39227,10,30000
39228,10,30000
39229,10,40000
39230,10,0
39231,10,40000
39232,10,0
39233,10,20000
39234,10,30000
39235,10,0
39236,10,10000
39237,10,5000
39238,10,50000
39239,10,40000
39240,10,0
39241,10,0
39242,10,40000
39243,10,50000
39244,10,0
39245,10,20000
39246,10,5000
39247,10,40000
39248,10,0
39249,10,0
39250,10,0
39251,10,10000
39252,10,0
39253,10,50000
39254,10,10000
39255,10,40000
39256,10,50000
39257,10,20000
39258,10,0
39259,10,0
39260,10,50000
39261,10,20000
39262,10,20000
39263,10,10000
39264,10,0
39265,10,0
39266,10,10000
39267,10,0
39268,10,0
39269,10,0
39270,10,0
39271,10,10000
39272,10,30000
39273,10,30000
39274,10,0
39275,10,50000
39276,10,50000
39277,10,0
39278,10,50000
39279,10,0
39280,10,50000
39281,10,30000
39282,10,10000
39283,10,40000
39284,10,0
39285,10,20000
39286,10,20000
39287,10,50000
39288,10,30000
39289,10,20000
39290,10,20000
39291,10,50000
39292,10,20000
39293,10,0
39294,10,30000
39295,10,20000
39296,10,20000
39297,10,50000
39298,10,50000
39299,10,20000
39300,10,40000
39301,10,50000
39302,10,0
39303,10,0
39304,10,30000
39305,10,5000
39306,10,0
39307,10,40000
39308,10,20000
39309,10,30000
39310,10,30000
39311,10,0
39312,10,0
39313,10,40000
39314,10,0
39315,10,20000
39316,10,20000
39317,10,20000
39318,10,0
39319,10,40000
39320,10,20000
39321,10,0
39322,10,5000
39323,10,40000
39324,10,0
39325,10,40000
39326,10,5000
39327,10,30000
39328,10,30000
39329,10,50000
39330,10,20000
39331,10,0
39332,10,40000
39333,10,30000
39334,10,50000
39335,10,10000
39336,10,0
39337,10,10000
39338,10,30000
39339,10,30000
39340,10,50000
39341,10,5000
39342,10,0
39343,10,0
39344,10,0
39345,10,30000
39346,10,10000
39347,10,30000
39348,10,50000
39349,10,0
39350,10,50000
39351,10,40000
39352,10,30000
39353,10,10000
39354,10,5000
39355,10,20000
39356,10,0
39357,10,30000
39358,10,30000
39359,10,30000
39360,10,0
39361,10,50000
39362,10,5000
39363,10,10000
39364,10,50000
39365,10,10000
39366,10,20000
39367,10,0
39368,10,50000
39369,10,0
39370,10,30000
39371,10,50000
39372,10,50000
39373,10,50000
39374,10,5000
39375,10,50000
39376,10,30000
39377,10,0
39378,10,30000
39379,10,30000
39380,10,0
39381,10,0
39382,10,0
39383,10,20000
39384,10,40000
39385,10,30000
39386,10,20000
39387,10,50000
39388,10,20000
39389,10,0
39390,10,0
39391,10,0
39392,10,20000
39393,10,40000
39394,10,30000
39395,10,10000
39396,10,10000
39397,10,50000
39398,10,0
39399,10,30000
39400,10,30000
39401,10,5000
39402,10,10000
39403,10,0
39404,10,40000
39405,10,20000
39406,10,0
39407,10,0
39408,10,0
39409,10,50000
39410,10,30000
39411,10,0
39412,10,10000
39413,10,5000
39414,10,0
39415,10,30000
39416,10,20000
39417,10,0
39418,10,20000
39419,10,40000
39420,10,0
39421,10,40000
39422,10,20000
39423,10,20000
39424,10,40000
39425,10,50000
39426,10,20000
39427,10,0
39428,10,20000
39429,10,20000
39430,10,5000
39431,10,20000
39432,10,5000
39433,10,0
39434,10,20000
39435,10,10000
39436,10,30000
39437,10,20000
39438,10,0
39439,10,0
39440,10,0
39441,10,20000
39442,10,10000
39443,10,20000
39444,10,50000
39445,10,30000
39446,10,30000
39447,10,30000
39448,10,0
39449,10,20000
39450,10,5000
39451,10,30000
39452,10,0
39453,10,0
39454,10,0
39455,10,40000
39456,10,40000
39457,10,5000
39458,10,30000
39459,10,0
39460,10,50000
39461,10,10000
39462,10,30000
39463,10,0
39464,10,30000
39465,10,5000
39466,10,30000
39467,10,20000
39468,10,0
39469,10,0
39470,10,30000
39471,10,30000
39472,10,30000
39473,10,40000
39474,10,0
39475,10,40000
39476,10,5000
39477,10,40000
39478,10,30000
39479,10,30000
39480,10,0
39481,10,0
39482,10,20000
39483,10,10000
39484,10,10000
39485,10,50000
39486,10,0
39487,10,20000
39488,10,30000
39489,10,0
39490,10,40000
39491,10,50000
39492,10,30000
39493,10,10000
39494,10,30000
39495,10,40000
39496,10,20000
39497,10,5000
39498,10,0
39499,10,50000
39500,10,30000
39501,10,0
39502,10,40000
39503,10,50000
39504,10,0
39505,10,20000
39506,10,0
39507,10,50000
39508,10,5000
39509,10,5000
39510,10,0
39511,10,20000
39512,10,20000
39513,10,20000
39514,10,50000
39515,10,50000
39516,10,30000
39517,10,50000
39518,10,50000
39519,10,20000
39520,10,5000
39521,10,20000
39522,10,5000
39523,10,10000
39524,10,30000
39525,10,30000
39526,10,0
39527,10,30000
39528,10,5000
39529,10,0
39530,10,0
39531,10,30000
39532,10,10000
39533,10,20000
39534,10,30000
39535,10,40000
39536,10,20000
39537,10,0
39538,10,0
39539,10,0
39540,10,30000
39541,10,0
39542,10,30000
39543,10,5000
39544,10,0
39545,10,30000
39546,10,50000
39547,10,5000
39548,10,20000
39549,10,10000
39550,10,30000
39551,10,10000
39552,10,40000
39553,10,0
39554,10,20000
39555,10,0
39556,10,20000
39557,10,50000
39558,10,50000
39559,10,10000
39560,10,40000
39561,10,20000
39562,10,50000
39563,10,0
39564,10,20000
39565,10,20000
39566,10,0
39567,10,50000
39568,10,30000
39569,10,30000
39570,10,10000
39571,10,30000
39572,10,5000
39573,10,10000
39574,10,50000
39575,10,30000
39576,10,0
39577,10,20000
39578,10,0
39579,10,30000
39580,10,20000
39581,10,5000
39582,10,30000
39583,10,5000
39584,10,30000
39585,10,50000
39586,10,10000
39587,10,20000
39588,10,10000
39589,10,20000
39590,10,10000
39591,10,0
39592,10,20000
39593,10,20000
39594,10,5000
39595,10,20000
39596,10,0
39597,10,5000
39598,10,40000
39599,10,40000
39600,10,20000
39601,10,40000
39602,10,10000
39603,10,10000
39604,10,0
39605,10,10000
39606,10,0
39607,10,40000
39608,10,20000
39609,10,50000
39610,10,5000
39611,10,20000
39612,10,0
39613,10,0
39614,10,20000
39615,10,0
39616,10,30000
39617,10,30000
39618,10,40000
39619,10,50000
39620,10,20000
39621,10,30000
39622,10,5000
39623,10,50000
39624,10,10000
39625,10,30000
39626,10,50000
39627,10,10000
39628,10,10000
39629,10,0
39630,10,30000
39631,10,30000
39632,10,20000
39633,10,30000
39634,10,40000
39635,10,20000
39636,10,20000
39637,10,0
39638,10,0
39639,10,10000
39640,10,30000
39641,10,40000
39642,10,50000
39643,10,0
39644,10,20000
39645,10,40000
39646,10,0
39647,10,0
39648,10,5000
39649,10,50000
39650,10,0
39651,10,5000
39652,10,20000
39653,10,20000
39654,10,5000
39655,10,50000
39656,10,20000
39657,10,30000
39658,10,30000
39659,10,50000
39660,10,20000
39661,10,0
39662,10,0
39663,10,20000
39664,10,5000
39665,10,40000
39666,10,50000
39667,10,5000
39668,10,40000
39669,10,5000
39670,10,20000
39671,10,50000
39672,10,10000
39673,10,0
39674,10,0
39675,10,20000
39676,10,20000
39677,10,20000
39678,10,10000
39679,10,10
39680,10,30000
39681,10,50000
39682,10,20000
39683,10,20000
39684,10,30000
39685,10,20000
39686,10,20000
39687,10,20000
39688,10,40000
39689,10,40000
39690,10,50000
39691,10,0
39692,10,0
39693,10,50000
39694,10,0
39695,10,40000
39696,10,0
39697,10,5000
39698,10,20000
39699,10,5000
39700,10,30000
39701,10,5000
39702,10,40000
39703,10,0
39704,10,30000
39705,10,10000
39706,10,50000
39707,10,40000
39708,10,30000
39709,10,5000
39710,10,30000
39711,10,20000
39712,10,40000
39713,10,0
39714,10,10000
39715,10,20000
39716,10,5000
39717,10,5000
39718,10,30000
39719,10,30000
39720,10,30000
39721,10,0
39722,10,0
39723,10,0
39724,10,0
39725,10,30000
39726,10,20000
39727,10,0
39728,10,50000
39729,10,20000
39730,10,30000
39731,10,20000
39732,10,0
39733,10,50000
39734,10,30000
39735,10,5000
39736,10,10000
39737,10,20000
39738,10,0
39739,10,0
39740,10,40000
39741,10,5000
39742,10,50000
39743,10,5000
39744,10,10000
39745,10,20000
39746,10,10000
39747,10,50000
39748,10,0
39749,10,20000
39750,10,50000
39751,10,40000
39752,10,30000
39753,10,50000
39754,10,20000
39755,10,30000
39756,10,20000
39757,10,0
39758,10,50000
39759,10,40000
39760,10,10000
39761,10,5000
39762,10,20000
39763,10,20000
39764,10,40000
39765,10,10000
39766,10,0
39767,10,5000
39768,10,50000
39769,10,0
39770,10,0
39771,10,0
39772,10,30000
39773,10,30000
39774,10,0
39775,10,20000
39776,10,40000
39777,10,20000
39778,10,0
39779,10,5000
39780,10,20000
39781,10,0
39782,10,5000
39783,10,20000
39784,10,30000
39785,10,10000
39786,10,0
39787,10,20000
39788,10,30000
39789,10,5000
39790,10,0
39791,10,30000
39792,10,50000
39793,10,0
39794,10,0
39795,10,0
39796,10,0
39797,10,20000
39798,10,0
39799,10,0
39800,10,5000
39801,10,30000
39802,10,50000
39803,10,40000
39804,10,20000
39805,10,40000
39806,10,40000
39807,10,50000
39808,10,10000
39809,10,20000
39810,10,10000
39811,10,0
39812,10,50000
39813,10,40000
39814,10,0
39815,10,0
39816,10,0
39817,10,10000
39818,10,0
39819,10,30000
39820,10,0
39821,10,50000
39822,10,20000
39823,10,5000
39824,10,20000
39825,10,40000
39826,10,40000
39827,10,50000
39828,10,0
39829,10,20000
39830,10,5000
39831,10,10000
39832,10,0
39833,10,20000
39834,10,20000
39835,10,40000
39836,10,0
39837,10,0
39838,10,0
39839,10,50000
39840,10,20000
39841,10,20000
39842,10,0
39843,10,30000
39844,10,40000
39845,10,5000
39846,10,0
39847,10,5000
39848,10,50000
39849,10,50000
39850,10,50000
39851,10,30000
39852,10,30000
39853,10,30000
39854,10,10000
39855,10,0
39856,10,0
39857,10,50000
39858,10,5000
39859,10,10000
39860,10,20000
39861,10,5000
39862,10,0
39863,10,10000
39864,10,30000
39865,10,20000
39866,10,10000
39867,10,10000
39868,10,20000
39869,10,0
39870,10,0
39871,10,10000
39872,10,0
39873,10,10000
39874,10,5000
39875,10,20000
39876,10,30000
39877,10,20000
39878,10,10000
39879,10,40000
39880,10,10000
39881,10,30000
39882,10,5000
39883,10,50000
39884,10,5000
39885,10,0
39886,10,5000
39887,10,10000
39888,10,40000
39889,10,50000
39890,10,5000
39891,10,50000
39892,10,50000
39893,10,30000
39894,10,0
39895,10,50000
39896,10,0
39897,10,50000
39898,10,5000
39899,10,20000
39900,10,0
39901,10,40000
39902,10,10000
39903,10,50000
39904,10,30000
39905,10,10000
39906,10,50000
39907,10,0
39908,10,0
39909,10,50000
39910,10,20000
39911,10,10000
39912,10,20000
39913,10,0
39914,10,0
39915,10,30000
39916,10,0
39917,10,5000
39918,10,10000
39919,10,0
39920,10,40000
39921,10,10000
39922,10,40000
39923,10,5000
39924,10,5000
39925,10,0
39926,10,0
39927,10,0
39928,10,0
39929,10,5000
39930,10,30000
39931,10,50000
39932,10,20000
39933,10,5000
39934,10,0
39935,10,50000
39936,10,0
39937,10,30000
39938,10,50000
39939,10,0
39940,10,0
39941,10,0
39942,10,0
39943,10,0
39944,10,0
39945,10,0
39946,10,40000
39947,10,50000
39948,10,40000
39949,10,40000
39950,10,0
39951,10,0
39952,10,0
39953,10,20000
39954,10,30000
39955,10,50000
39956,10,30000
39957,10,0
39958,10,5000
39959,10,30000
39960,10,20000
39961,10,0
39962,10,10000
39963,10,10000
39964,10,10000
39965,10,20000
39966,10,50000
39967,10,20000
39968,10,20000
39969,10,30000
39970,10,50000
39971,10,0
39972,10,0
39973,10,50000
39974,10,20000
39975,10,5000
39976,10,0
39977,10,20000
39978,10,10000
39979,10,20000
39980,10,40000
39981,10,10000
39982,10,20000
39983,10,0
39984,10,50000
39985,10,0
39986,10,0
39987,10,0
39988,10,20000
39989,10,30000
39990,10,20000
39991,10,20000
39992,10,10000
39993,10,30000
39994,10,0
39995,10,40000
39996,10,10
39997,10,30000
39998,10,30000
39999,10,40000
40000,10,50000
40001,10,0
40002,10,10000
40003,10,30000
40004,10,40000
40005,10,0
40006,10,10000
40007,10,30000
40008,10,20000
40009,10,0
40010,10,20000
40011,10,50000
40012,10,10000
40013,10,20000
40014,10,10000
40015,10,0
40016,10,30000
40017,10,50000
40018,10,5000
40019,10,50000
40020,10,10000
40021,10,0
40022,10,50000
40023,10,50000
40024,10,5000
40025,10,5000
40026,10,20000
40027,10,30000
40028,10,10000
40029,10,0
40030,10,30000
40031,10,20000
40032,10,20000
40033,10,30000
40034,10,40000
40035,10,20000
40036,10,20000
40037,10,5000
40038,10,50000
40039,10,40000
40040,10,40000
40041,10,30000
40042,10,20000
40043,10,0
40044,10,30000
40045,10,0
40046,10,20000
40047,10,0
40048,10,40000
40049,10,30000
40050,10,50000
40051,10,10000
40052,10,0
40053,10,0
40054,10,5000
40055,10,20000
40056,10,20000
40057,10,0
40058,10,20000
40059,10,50000
40060,10,40000
40061,10,5000
40062,10,5000
40063,10,10000
40064,10,10000
40065,10,30000
40066,10,0
40067,10,0
40068,10,0
40069,10,0
40070,10,30000
40071,10,10000
40072,10,5000
40073,10,0
40074,10,20000
40075,10,5000
40076,10,50000
40077,10,0
40078,10,0
40079,10,50000
40080,10,20000
40081,10,0
40082,10,0
40083,10,20000
40084,10,40000
40085,10,20000
40086,10,10000
40087,10,30000
40088,10,40000
40089,10,0
40090,10,20000
40091,10,20000
40092,10,20000
40093,10,40000
40094,10,0
40095,10,0
40096,10,0
40097,10,0
40098,10,50000
40099,10,40000
40100,10,50000
40101,10,30000
40102,10,50000
40103,10,20000
40104,10,40000
40105,10,40000
40106,10,0
40107,10,5000
40108,10,40000
40109,10,40000
40110,10,50000
40111,10,30000
40112,10,20000
40113,10,40000
40114,10,0
40115,10,30000
40116,10,40000
40117,10,30000
40118,10,50000
40119,10,0
40120,10,5000
40121,10,0
40122,10,10000
40123,10,0
40124,10,50000
40125,10,10000
40126,10,30000
40127,10,0
40128,10,50000
40129,10,20000
40130,10,20000
40131,10,40000
40132,10,40000
40133,10,10000
40134,10,10000
40135,10,40000
40136,10,0
40137,10,30000
40138,10,0
40139,10,0
40140,10,30000
40141,10,5000
40142,10,0
40143,10,0
40144,10,0
40145,10,40000
40146,10,20000
40147,10,0
40148,10,50000
40149,10,50000
40150,10,0
40151,10,0
40152,10,40000
40153,10,50000
40154,10,5000
40155,10,20000
40156,10,50000
40157,10,0
40158,10,10000
40159,10,40000
40160,10,30000
40161,10,20000
40162,10,0
40163,10,20000
40164,10,30000
40165,10,10000
40166,10,0
40167,10,30000
40168,10,20000
40169,10,5000
40170,10,30000
40171,10,0
40172,10,30000
40173,10,20000
40174,10,50000
40175,10,0
40176,10,50000
40177,10,30000
40178,10,50000
40179,10,0
40180,10,0
40181,10,40000
40182,10,20000
40183,10,0
40184,10,0
40185,10,50000
40186,10,0
40187,10,20000
40188,10,20000
40189,10,50000
40190,10,40000
40191,10,0
40192,10,30000
40193,10,5000
40194,10,0
40195,10,5000
40196,10,0
40197,10,30000
40198,10,40000
40199,10,30000
40200,10,20000
40201,10,5000
40202,10,20000
40203,10,5000
40204,10,20000
40205,10,20000
40206,10,30000
40207,10,5000
40208,10,0
40209,10,50000
40210,10,30000
40211,10,40000
40212,10,0
40213,10,40000
40214,10,10000
40215,10,10000
40216,10,30000
40217,10,30000
40218,10,0
40219,10,10000
40220,10,20000
40221,10,0
40222,10,20000
40223,10,10000
40224,10,30000
40225,10,50000
40226,10,10000
40227,10,20000
40228,10,0
40229,10,40000
40230,10,20000
40231,10,20000
40232,10,5000
40233,10,20000
40234,10,5000
40235,10,40000
40236,10,0
40237,10,50000
40238,10,0
40239,10,0
40240,10,30000
40241,10,5000
40242,10,30000
40243,10,0
40244,10,20000
40245,10,50000
40246,10,0
40247,10,0
40248,10,5000
40249,10,40000
40250,10,0
40251,10,5000
40252,10,20000
40253,10,30000
40254,10,5000
40255,10,10000
40256,10,30000
40257,10,20000
40258,10,5000
40259,10,5000
40260,10,30000
40261,10,5000
40262,10,5000
40263,10,0
40264,10,0
40265,10,0
40266,10,20000
40267,10,50000
40268,10,50000
40269,10,0
40270,10,5000
40271,10,10000
40272,10,20000
40273,10,0
40274,10,50000
40275,10,0
40276,10,50000
40277,10,10000
40278,10,0
40279,10,5000
40280,10,0
40281,10,0
40282,10,50000
40283,10,20000
40284,10,30000
40285,10,0
40286,10,5000
40287,10,10000
40288,10,40000
40289,10,50000
40290,10,20000
40291,10,0
40292,10,10000
40293,10,10000
40294,10,30000
40295,10,0
40296,10,0
40297,10,10000
40298,10,0
40299,10,10000
40300,10,30000
40301,10,20000
40302,10,0
40303,10,0
40304,10,10000
40305,10,50000
40306,10,10000
40307,10,10000
40308,10,0
40309,10,30000
40310,10,10000
40311,10,5000
40312,10,30000
40313,10,0
40314,10,10000
40315,10,40000
40316,10,0
40317,10,30000
40318,10,20000
40319,10,40000
40320,10,20000
40321,10,30000
40322,10,0
40323,10,30000
40324,10,20000
40325,10,10000
40326,10,5000
40327,10,20000
40328,10,5000
40329,10,10000
40330,10,0
40331,10,10000
40332,10,20000
40333,10,5000
40334,10,0
40335,10,30000
40336,10,0
40337,10,50000
40338,10,40000
40339,10,0
40340,10,20000
40341,10,50000
40342,10,40000
40343,10,10000
40344,10,20000
40345,10,30000
40346,10,0
40347,10,10000
40348,10,30000
40349,10,0
40350,10,10000
40351,10,50000
40352,10,0
40353,10,0
40354,10,20000
40355,10,40000
40356,10,0
40357,10,0
40358,10,40000
40359,10,5000
40360,10,5000
40361,10,5000
40362,10,50000
40363,10,10000
40364,10,5000
40365,10,0
40366,10,20000
40367,10,40000
40368,10,0
40369,10,10000
40370,10,30000
40371,10,5000
40372,10,0
40373,10,0
40374,10,0
40375,10,0
40376,10,20000
40377,10,20000
40378,10,30000
40379,10,0
40380,10,40000
40381,10,20000
40382,10,0
40383,10,20000
40384,10,30000
40385,10,30000
40386,10,5000
40387,10,50000
40388,10,40000
40389,10,0
40390,10,0
40391,10,5000
40392,10,40000
40393,10,0
40394,10,20000
40395,10,0
40396,10,10000
40397,10,30000
40398,10,5000
40399,10,0
40400,10,40000
40401,10,30000
40402,10,30000
40403,10,30000
40404,10,50000
40405,10,40000
40406,10,40000
40407,10,30000
40408,10,20000
40409,10,30000
40410,10,0
40411,10,0
40412,10,50000
40413,10,30000
40414,10,30000
40415,10,0
40416,10,0
40417,10,40000
40418,10,50000
40419,10,50000
40420,10,20000
40421,10,5000
40422,10,0
40423,10,20000
40424,10,0
40425,10,0
40426,10,0
40427,10,20000
40428,10,50000
40429,10,50000
40430,10,50000
40431,10,10000
40432,10,0
40433,10,50000
40434,10,5000
40435,10,30000
40436,10,10000
40437,10,20000
40438,10,30000
40439,10,20000
40440,10,20000
40441,10,20000
40442,10,30000
40443,10,20000
40444,10,0
40445,10,50000
40446,10,20000
40447,10,0
40448,10,50000
40449,10,0
40450,10,0
40451,10,0
40452,10,40000
40453,10,0
40454,10,30000
40455,10,20000
40456,10,0
40457,10,30000
40458,10,5000
40459,10,20000
40460,10,10000
40461,10,20000
40462,10,0
40463,10,50000
40464,10,50000
40465,10,10000
40466,10,0
40467,10,5000
40468,10,0
40469,10,30000
40470,10,10
40471,10,5000
40472,10,10000
40473,10,30000
40474,10,0
40475,10,50000
40476,10,40000
40477,10,40000
40478,10,40000
40479,10,40000
40480,10,0
40481,10,0
40482,10,20000
40483,10,20000
40484,10,0
40485,10,20000
40486,10,30000
40487,10,10000
40488,10,40000
40489,10,30000
40490,10,20000
40491,10,0
40492,10,0
40493,10,10000
40494,10,10000
40495,10,0
40496,10,0
40497,10,30000
40498,10,0
40499,10,50000
40500,10,0
40501,10,10000
40502,10,50000
40503,10,5000
40504,10,50000
40505,10,50000
40506,10,5000
40507,10,5000
40508,10,0
40509,10,0
40510,10,20000
40511,10,10000
40512,10,20000
40513,10,20000
40514,10,0
40515,10,20000
40516,10,5000
40517,10,0
40518,10,0
40519,10,30000
40520,10,10000
40521,10,30000
40522,10,20000
40523,10,30000
40524,10,40000
40525,10,0
40526,10,0
40527,10,30000
40528,10,5000
40529,10,30000
40530,10,0
40531,10,30000
40532,10,10000
40533,10,40000
40534,10,5000
40535,10,10000
40536,10,0
40537,10,5000
40538,10,30000
40539,10,50000
40540,10,0
40541,10,20000
40542,10,30000
40543,10,40000
40544,10,0
40545,10,50000
40546,10,40000
40547,10,20000
40548,10,20000
40549,10,0
40550,10,20000
40551,10,20000
40552,10,40000
40553,10,0
40554,10,10000
40555,10,50000
40556,10,0
40557,10,0
40558,10,10000
40559,10,20000
40560,10,20000
40561,10,30000
40562,10,0
40563,10,40000
40564,10,0
40565,10,40000
40566,10,50000
40567,10,20000
40568,10,10000
40569,10,0
40570,10,50000
40571,10,0
40572,10,5000
40573,10,40000
40574,10,50000
40575,10,0
40576,10,20000
40577,10,30000
40578,10,40000
40579,10,30000
40580,10,0
40581,10,0
40582,10,0
40583,10,0
40584,10,0
40585,10,0
40586,10,0
40587,10,10000
40588,10,30000
40589,10,30000
40590,10,5000
40591,10,10000
40592,10,50000
40593,10,50000
40594,10,50000
40595,10,30000
40596,10,40000
40597,10,10000
40598,10,30000
40599,10,20000
40600,10,20000
40601,10,30000
40602,10,30000
40603,10,50000
40604,10,20000
40605,10,50000
40606,10,10000
40607,10,10000
40608,10,30000
40609,10,30000
40610,10,50000
40611,10,0
40612,10,30000
40613,10,0
40614,10,30000
40615,10,30000
40616,10,40000
40617,10,20000
40618,10,0
40619,10,20000
40620,10,40000
40621,10,0
40622,10,10000
40623,10,20000
40624,10,20000
40625,10,0
40626,10,30000
40627,10,30000
40628,10,50000
40629,10,20000
40630,10,0
40631,10,5000
40632,10,50000
40633,10,20000
40634,10,5000
40635,10,0
40636,10,5000
40637,10,20000
40638,10,30000
40639,10,0
40640,10,0
40641,10,20000
40642,10,20000
40643,10,40000
40644,10,0
40645,10,40000
40646,10,30000
40647,10,30000
40648,10,50000
40649,10,0
40650,10,10000
40651,10,5000
40652,10,0
40653,10,5000
40654,10,10000
40655,10,50000
40656,10,50000
40657,10,0
40658,10,40000
40659,10,20000
40660,10,40000
40661,10,20000
40662,10,0
40663,10,0
40664,10,10000
40665,10,10
40666,10,20000
40667,10,0
40668,10,40000
40669,10,0
40670,10,5000
40671,10,50000
40672,10,40000
40673,10,10000
40674,10,30000
40675,10,0
40676,10,30000
40677,10,0
40678,10,5000
40679,10,10000
40680,10,10000
40681,10,30000
40682,10,40000
40683,10,20000
40684,10,10000
40685,10,10000
40686,10,40000
40687,10,10000
40688,10,30000
40689,10,30000
40690,10,40000
40691,10,30000
40692,10,5000
40693,10,20000
40694,10,10000
40695,10,0
40696,10,10000
40697,10,0
40698,10,10000
40699,10,0
40700,10,20000
40701,10,10000
40702,10,10000
40703,10,0
40704,10,0
40705,10,20000
40706,10,20000
40707,10,30000
40708,10,10000
40709,10,50000
40710,10,0
40711,10,30000
40712,10,20000
40713,10,5000
40714,10,20000
40715,10,5000
40716,10,50000
40717,10,30000
40718,10,50000
40719,10,10000
40720,10,0
40721,10,5000
40722,10,20000
40723,10,10000
40724,10,0
40725,10,40000
40726,10,50000
40727,10,0
40728,10,0
40729,10,0
40730,10,50000
40731,10,30000
40732,10,40000
40733,10,40000
40734,10,20000
40735,10,50000
40736,10,0
40737,10,0
40738,10,30000
40739,10,30000
40740,10,5000
40741,10,5000
40742,10,30000
40743,10,30000
40744,10,10000
40745,10,0
40746,10,0
40747,10,30000
40748,10,0
40749,10,30000
40750,10,10000
40751,10,30000
40752,10,20000
40753,10,0
40754,10,30000
40755,10,30000
40756,10,40000
40757,10,10000
40758,10,0
40759,10,30000
40760,10,50000
40761,10,40000
40762,10,50000
40763,10,20000
40764,10,5000
40765,10,30000
40766,10,30000
40767,10,30000
40768,10,30000
40769,10,50000
40770,10,10000
40771,10,50000
40772,10,30000
40773,10,20000
40774,10,0
40775,10,30000
40776,10,0
40777,10,20000
40778,10,20000
40779,10,0
40780,10,0
40781,10,0
40782,10,30000
40783,10,0
40784,10,50000
40785,10,0
40786,10,50000
40787,10,40000
40788,10,0
40789,10,10000
40790,10,20000
40791,10,0
40792,10,10000
40793,10,10000
40794,10,0
40795,10,0
40796,10,30000
40797,10,50000
40798,10,5000
40799,10,40000
40800,10,50000
40801,10,0
40802,10,20000
40803,10,50000
40804,10,0
40805,10,5000
40806,10,0
40807,10,40000
40808,10,0
40809,10,5000
40810,10,0
40811,10,0
40812,10,20000
40813,10,40000
40814,10,0
40815,10,50000
40816,10,10000
40817,10,40000
40818,10,30000
40819,10,5000
40820,10,20000
40821,10,0
40822,10,30000
40823,10,50000
40824,10,30000
40825,10,5000
40826,10,40000
40827,10,20000
40828,10,0
40829,10,20000
40830,10,40000
40831,10,20000
40832,10,0
40833,10,0
40834,10,0
40835,10,30000
40836,10,40000
40837,10,40000
40838,10,20000
40839,10,50000
40840,10,30000
40841,10,30000
40842,10,20000
40843,10,0
40844,10,0
40845,10,20000
40846,10,10000
40847,10,0
40848,10,30000
40849,10,0
40850,10,5000
40851,10,30000
40852,10,30000
40853,10,20000
40854,10,0
40855,10,10000
40856,10,20000
40857,10,0
40858,10,0
40859,10,30000
40860,10,40000
40861,10,40000
40862,10,40000
40863,10,0
40864,10,30000
40865,10,0
40866,10,50000
40867,10,5000
40868,10,10000
40869,10,0
40870,10,30000
40871,10,0
40872,10,0
40873,10,0
40874,10,20000
40875,10,10000
40876,10,20000
40877,10,50000
40878,10,5000
40879,10,0
40880,10,0
40881,10,20000
40882,10,0
40883,10,0
40884,10,50000
40885,10,30000
40886,10,5000
40887,10,30000
40888,10,40000
40889,10,40000
40890,10,50000
40891,10,30000
40892,10,50000
40893,10,30000
40894,10,0
40895,10,0
40896,10,40000
40897,10,50000
40898,10,0
40899,10,10000
40900,10,30000
40901,10,10000
40902,10,0
40903,10,30000
40904,10,10000
40905,10,0
40906,10,50000
40907,10,5000
40908,10,0
40909,10,5000
40910,10,30000
40911,10,5000
40912,10,0
40913,10,50000
40914,10,50000
40915,10,30000
40916,10,0
40917,10,30000
40918,10,0
40919,10,0
40920,10,0
40921,10,30000
40922,10,30000
40923,10,0
40924,10,50000
40925,10,0
40926,10,5000
40927,10,30000
40928,10,0
40929,10,40000
40930,10,50000
40931,10,10000
40932,10,20000
40933,10,5000
40934,10,0
40935,10,30000
40936,10,10000
40937,10,50000
40938,10,0
40939,10,40000
40940,10,30000
40941,10,30000
40942,10,10000
40943,10,50000
40944,10,10000
40945,10,0
40946,10,10000
40947,10,30000
40948,10,20000
40949,10,20000
40950,10,5000
40951,10,0
40952,10,0
40953,10,0
40954,10,5000
40955,10,30000
40956,10,30000
40957,10,0
40958,10,20000
40959,10,10000
40960,10,20000
40961,10,20000
40962,10,0
40963,10,5000
40964,10,0
40965,10,0
40966,10,0
40967,10,0
40968,10,30000
40969,10,20000
40970,10,30000
40971,10,50000
40972,10,30000
40973,10,20000
40974,10,0
40975,10,0
40976,10,30000
40977,10,20000
40978,10,30000
40979,10,0
40980,10,50000
40981,10,0
40982,10,20000
40983,10,50000
40984,10,20000
40985,10,50000
40986,10,0
40987,10,30000
40988,10,0
40989,10,0
40990,10,10000
40991,10,40000
40992,10,0
40993,10,40000
40994,10,20000
40995,10,40000
40996,10,20000
40997,10,0
40998,10,20000
40999,10,30000
41000,10,20000
41001,10,50000
41002,10,20000
41003,10,40000
41004,10,5000
41005,10,10000
41006,10,10000
41007,10,10000
41008,10,30000
41009,10,20000
41010,10,30000
41011,10,20000
41012,10,40000
41013,10,0
41014,10,10000
41015,10,30000
41016,10,5000
41017,10,40000
41018,10,30000
41019,10,40000
41020,10,0
41021,10,50000
41022,10,40000
41023,10,30000
41024,10,10000
41025,10,5000
41026,10,0
41027,10,50000
41028,10,0
41029,10,0
41030,10,0
41031,10,0
41032,10,40000
41033,10,50000
41034,10,40000
41035,10,20000
41036,10,20000
41037,10,30000
41038,10,10000
41039,10,0
41040,10,40000
41041,10,10000
41042,10,0
41043,10,0
41044,10,0
41045,10,0
41046,10,0
41047,10,50000
41048,10,10000
41049,10,10000
41050,10,50000
41051,10,20000
41052,10,5000
41053,10,40000
41054,10,5000
41055,10,5000
41056,10,0
41057,10,30000
41058,10,40000
41059,10,30000
41060,10,10000
41061,10,40000
41062,10,5000
41063,10,5000
41064,10,0
41065,10,0
41066,10,5000
41067,10,30000
41068,10,50000
41069,10,20000
41070,10,50000
41071,10,40000
41072,10,0
41073,10,30000
41074,10,0
41075,10,20000
41076,10,0
41077,10,30000
41078,10,40000
41079,10,40000
41080,10,0
41081,10,0
41082,10,10000
41083,10,10000
41084,10,0
41085,10,10000
41086,10,0
41087,10,0
41088,10,30000
41089,10,0
41090,10,50000
41091,10,20000
41092,10,5000
41093,10,40000
41094,10,10000
41095,10,0
41096,10,40000
41097,10,20000
41098,10,0
41099,10,0
41100,10,50000
41101,10,40000
41102,10,5000
41103,10,50000
41104,10,0
41105,10,20000
41106,10,10000
41107,10,20000
41108,10,30000
41109,10,0
41110,10,50000
41111,10,30000
41112,10,10000
41113,10,20000
41114,10,0
41115,10,30000
41116,10,30000
41117,10,0
41118,10,40000
41119,10,40000
41120,10,50000
41121,10,10000
41122,10,30000
41123,10,50000
41124,10,30000
41125,10,50000
41126,10,40000
41127,10,50000
41128,10,0
41129,10,30000
41130,10,30000
41131,10,0
41132,10,50000
41133,10,10000
41134,10,30000
41135,10,20000
41136,10,0
41137,10,0
41138,10,0
41139,10,10000
41140,10,0
41141,10,30000
41142,10,20000
41143,10,0
41144,10,30000
41145,10,50000
41146,10,50000
41147,10,40000
41148,10,0
41149,10,30000
41150,10,50000
41151,10,50000
41152,10,0
41153,10,20000
41154,10,40000
41155,10,30000
41156,10,5000
41157,10,5000
41158,10,0
41159,10,40000
41160,10,0
41161,10,20000
41162,10,40000
41163,10,50000
41164,10,5000
41165,10,0
41166,10,30000
41167,10,30000
41168,10,0
41169,10,5000
41170,10,20000
41171,10,20000
41172,10,30000
41173,10,30000
41174,10,0
41175,10,0
41176,10,30000
41177,10,30000
41178,10,20000
41179,10,10000
41180,10,0
41181,10,0
41182,10,50000
41183,10,20000
41184,10,0
41185,10,0
41186,10,0
41187,10,5000
41188,10,50000
41189,10,30000
41190,10,5000
41191,10,0
41192,10,0
41193,10,5000
41194,10,30000
41195,10,10000
41196,10,5000
41197,10,40000
41198,10,5000
41199,10,50000
41200,10,50000
41201,10,10000
41202,10,10000
41203,10,20000
41204,10,10000
41205,10,30000
41206,10,30000
41207,10,50000
41208,10,0
41209,10,20000
41210,10,10000
41211,10,40000
41212,10,10000
41213,10,50000
41214,10,40000
41215,10,50000
41216,10,0
41217,10,50000
41218,10,40000
41219,10,30000
41220,10,10000
41221,10,0
41222,10,10000
41223,10,30000
41224,10,0
41225,10,40000
41226,10,0
41227,10,50000
41228,10,0
41229,10,50000
41230,10,0
41231,10,30000
41232,10,30000
41233,10,30000
41234,10,30000
41235,10,5000
41236,10,40000
41237,10,30000
41238,10,30000
41239,10,40000
41240,10,0
41241,10,30000
41242,10,50000
41243,10,10000
41244,10,0
41245,10,20000
41246,10,50000
41247,10,0
41248,10,0
41249,10,20000
41250,10,50000
41251,10,40000
41252,10,5000
41253,10,0
41254,10,30000
41255,10,0
41256,10,20000
41257,10,40000
41258,10,40000
41259,10,10000
41260,10,50000
41261,10,0
41262,10,0
41263,10,0
41264,10,40000
41265,10,0
41266,10,0
41267,10,10000
41268,10,20000
41269,10,5000
41270,10,40000
41271,10,30000
41272,10,0
41273,10,50000
41274,10,50000
41275,10,50000
41276,10,10000
41277,10,40000
41278,10,5000
41279,10,10000
41280,10,0
41281,10,50000
41282,10,40000
41283,10,20000
41284,10,0
41285,10,0
41286,10,0
41287,10,40000
41288,10,5000
41289,10,40000
41290,10,0
41291,10,20000
41292,10,50000
41293,10,30000
41294,10,20000
41295,10,50000
41296,10,10000
41297,10,50000
41298,10,20000
41299,10,10000
41300,10,30000
41301,10,0
41302,10,5000
41303,10,10000
41304,10,20000
41305,10,10000
41306,10,30000
41307,10,5000
41308,10,10000
41309,10,20000
41310,10,5000
41311,10,50000
41312,10,50000
41313,10,20000
41314,10,10000
41315,10,40000
41316,10,40000
41317,10,0
41318,10,30000
41319,10,50000
41320,10,20000
41321,10,0
41322,10,40000
41323,10,0
41324,10,50000
41325,10,10000
41326,10,20000
41327,10,0
41328,10,40000
41329,10,10000
41330,10,0
41331,10,0
41332,10,0
41333,10,20000
41334,10,50000
41335,10,5000
41336,10,50000
41337,10,30000
41338,10,5000
41339,10,10000
41340,10,0
41341,10,30000
41342,10,40000
41343,10,30000
41344,10,20000
41345,10,30000
41346,10,50000
41347,10,40000
41348,10,10000
41349,10,10000
41350,10,50000
41351,10,20000
41352,10,50000
41353,10,0
41354,10,20000
41355,10,0
41356,10,0
41357,10,0
41358,10,0
41359,10,40000
41360,10,0
41361,10,0
41362,10,20000
41363,10,50000
41364,10,20000
41365,10,20000
41366,10,5000
41367,10,0
41368,10,30000
41369,10,0
41370,10,30000
41371,10,20000
41372,10,50000
41373,10,40000
41374,10,30000
41375,10,30000
41376,10,30000
41377,10,0
41378,10,5000
41379,10,0
41380,10,30000
41381,10,0
41382,10,50000
41383,10,20000
41384,10,20000
41385,10,40000
41386,10,0
41387,10,20000
41388,10,0
41389,10,5000
41390,10,20000
41391,10,20000
41392,10,10000
41393,10,10000
41394,10,0
41395,10,0
41396,10,0
41397,10,30000
41398,10,30000
41399,10,30000
41400,10,5000
41401,10,30000
41402,10,0
41403,10,40000
41404,10,50000
41405,10,40000
41406,10,50000
41407,10,30000
41408,10,40000
41409,10,40000
41410,10,10000
41411,10,40000
41412,10,40000
41413,10,30000
41414,10,20000
41415,10,5000
41416,10,30000
41417,10,0
41418,10,10000
41419,10,40000
41420,10,50000
41421,10,30000
41422,10,20000
41423,10,30000
41424,10,30000
41425,10,50000
41426,10,10000
41427,10,40000
41428,10,0
41429,10,10000
41430,10,30000
41431,10,0
41432,10,5000
41433,10,0
41434,10,10000
41435,10,30000
41436,10,0
41437,10,50000
41438,10,50000
41439,10,0
41440,10,30000
41441,10,30000
41442,10,0
41443,10,50000
41444,10,0
41445,10,20000
41446,10,20000
41447,10,10000
41448,10,50000
41449,10,10000
41450,10,10000
41451,10,20000
41452,10,40000
41453,10,0
41454,10,10
41455,10,30000
41456,10,0
41457,10,20000
41458,10,50000
41459,10,50000
41460,10,20000
41461,10,0
41462,10,20000
41463,10,0
41464,10,0
41465,10,50000
41466,10,20000
41467,10,20000
41468,10,0
41469,10,40000
41470,10,0
41471,10,5000
41472,10,20000
41473,10,50000
41474,10,40000
41475,10,10000
41476,10,0
41477,10,30000
41478,10,5000
41479,10,0
41480,10,30000
41481,10,40000
41482,10,20000
41483,10,5000
41484,10,0
41485,10,20000
41486,10,40000
41487,10,0
41488,10,0
41489,10,0
41490,10,40000
41491,10,40000
41492,10,10000
41493,10,20000
41494,10,20000
41495,10,0
41496,10,0
41497,10,0
41498,10,50000
41499,10,10000
41500,10,0
41501,10,5000
41502,10,50000
41503,10,0
41504,10,30000
41505,10,20000
41506,10,20000
41507,10,5000
41508,10,20000
41509,10,30000
41510,10,30000
41511,10,10
41512,10,0
41513,10,10000
41514,10,5000
41515,10,5000
41516,10,10000
41517,10,0
41518,10,0
41519,10,0
41520,10,0
41521,10,5000
41522,10,5000
41523,10,30000
41524,10,50000
41525,10,0
41526,10,10000
41527,10,30000
41528,10,5000
41529,10,30000
41530,10,10000
41531,10,30000
41532,10,30000
41533,10,0
41534,10,20000
41535,10,20000
41536,10,0
41537,10,0
41538,10,0
41539,10,20000
41540,10,0
41541,10,40000
41542,10,50000
41543,10,0
41544,10,50000
41545,10,40000
41546,10,0
41547,10,50000
41548,10,50000
41549,10,5000
41550,10,30000
41551,10,50000
41552,10,0
41553,10,0
41554,10,20000
41555,10,10000
41556,10,0
41557,10,20000
41558,10,30000
41559,10,0
41560,10,0
41561,10,30000
41562,10,20000
41563,10,30000
41564,10,30000
41565,10,20000
41566,10,10000
41567,10,5000
41568,10,50000
41569,10,0
41570,10,50000
41571,10,50000
41572,10,20000
41573,10,20000
41574,10,20000
41575,10,30000
41576,10,30000
41577,10,0
41578,10,30000
41579,10,30000
41580,10,0
41581,10,10000
41582,10,50000
41583,10,0
41584,10,0
41585,10,5000
41586,10,50000
41587,10,0
41588,10,50000
41589,10,5000
41590,10,0
41591,10,10000
41592,10,0
41593,10,0
41594,10,10000
41595,10,5000
41596,10,5000
41597,10,30000
41598,10,5000
41599,10,40000
41600,10,0
41601,10,0
41602,10,0
41603,10,5000
41604,10,30000
41605,10,0
41606,10,20000
41607,10,20000
41608,10,40000
41609,10,0
41610,10,0
41611,10,10000
41612,10,30000
41613,10,0
41614,10,0
41615,10,0
41616,10,20000
41617,10,0
41618,10,50000
41619,10,0
41620,10,20000
41621,10,0
41622,10,10000
41623,10,0
41624,10,5000
41625,10,5000
41626,10,5000
41627,10,50000
41628,10,10000
41629,10,5000
41630,10,20000
41631,10,20000
41632,10,30000
41633,10,50000
41634,10,40000
41635,10,30000
41636,10,30000
41637,10,0
41638,10,0
41639,10,0
41640,10,5000
41641,10,10000
41642,10,0
41643,10,20000
41644,10,50000
41645,10,50000
41646,10,50000
41647,10,50000
41648,10,5000
41649,10,0
41650,10,30000
41651,10,30000
41652,10,50000
41653,10,20000
41654,10,30000
41655,10,0
41656,10,5000
41657,10,30000
41658,10,0
41659,10,30000
41660,10,10000
41661,10,0
41662,10,5000
41663,10,0
41664,10,30000
41665,10,50000
41666,10,10000
41667,10,30000
41668,10,5000
41669,10,10000
41670,10,5000
41671,10,30000
41672,10,50000
41673,10,30000
41674,10,0
41675,10,40000
41676,10,5000
41677,10,50000
41678,10,5000
41679,10,30000
41680,10,10000
41681,10,10000
41682,10,5000
41683,10,50000
41684,10,20000
41685,10,30000
41686,10,30000
41687,10,0
41688,10,0
41689,10,50000
41690,10,30000
41691,10,20000
41692,10,0
41693,10,30000
41694,10,0
41695,10,40000
41696,10,0
41697,10,10000
41698,10,0
41699,10,0
41700,10,0
41701,10,0
41702,10,30000
41703,10,5000
41704,10,0
41705,10,5000
41706,10,0
41707,10,5000
41708,10,20000
41709,10,30000
41710,10,0
41711,10,30000
41712,10,0
41713,10,0
41714,10,0
41715,10,50000
41716,10,5000
41717,10,30000
41718,10,20000
41719,10,20000
41720,10,30000
41721,10,0
41722,10,5000
41723,10,30000
41724,10,20000
41725,10,20000
41726,10,10000
41727,10,0
41728,10,40000
41729,10,40000
41730,10,20000
41731,10,20000
41732,10,40000
41733,10,20000
41734,10,0
41735,10,40000
41736,10,20000
41737,10,30000
41738,10,30000
41739,10,5000
41740,10,10000
41741,10,40000
41742,10,30000
41743,10,0
41744,10,30000
41745,10,50000
41746,10,50000
41747,10,0
41748,10,20000
41749,10,20000
41750,10,20000
41751,10,20000
41752,10,20000
41753,10,40000
41754,10,0
41755,10,0
41756,10,5000
41757,10,30000
41758,10,10000
41759,10,5000
41760,10,20000
41761,10,5000
41762,10,5000
41763,10,50000
41764,10,20000
41765,10,0
41766,10,20000
41767,10,30000
41768,10,50000
41769,10,0
41770,10,40000
41771,10,10000
41772,10,0
41773,10,0
41774,10,0
41775,10,20000
41776,10,5000
41777,10,5000
41778,10,20000
41779,10,0
41780,10,5000
41781,10,40000
41782,10,0
41783,10,40000
41784,10,5000
41785,10,30000
41786,10,40000
41787,10,50000
41788,10,20000
41789,10,0
41790,10,30000
41791,10,0
41792,10,50000
41793,10,10000
41794,10,5000
41795,10,40000
41796,10,0
41797,10,40000
41798,10,0
41799,10,0
41800,10,10000
41801,10,0
41802,10,30000
41803,10,5000
41804,10,50000
41805,10,20000
41806,10,0
41807,10,30000
41808,10,5000
41809,10,10000
41810,10,0
41811,10,30000
41812,10,50000
41813,10,30000
41814,10,0
41815,10,5000
41816,10,5000
41817,10,0
41818,10,0
41819,10,50000
41820,10,5000
41821,10,0
41822,10,50000
41823,10,50000
41824,10,10000
41825,10,30000
41826,10,5000
41827,10,50000
41828,10,50000
41829,10,40000
41830,10,40000
41831,10,0
41832,10,0
41833,10,50000
41834,10,5000
41835,10,0
41836,10,40000
41837,10,40000
41838,10,0
41839,10,5000
41840,10,10000
41841,10,5000
41842,10,20000
41843,10,30000
41844,10,5000
41845,10,30000
41846,10,30000
41847,10,0
41848,10,5000
41849,10,10
41850,10,30000
41851,10,0
41852,10,20000
41853,10,0
41854,10,0
41855,10,0
41856,10,40000
41857,10,30000
41858,10,20000
41859,10,10000
41860,10,0
41861,10,0
41862,10,0
41863,10,10000
41864,10,0
41865,10,0
41866,10,0
41867,10,5000
41868,10,0
41869,10,0
41870,10,20000
41871,10,20000
41872,10,30000
41873,10,20000
41874,10,40000
41875,10,30000
41876,10,10000
41877,10,40000
41878,10,50000
41879,10,20000
41880,10,50000
41881,10,5000
41882,10,5000
41883,10,0
41884,10,20000
41885,10,20000
41886,10,0
41887,10,50000
41888,10,0
41889,10,0
41890,10,40000
41891,10,30000
41892,10,5000
41893,10,0
41894,10,5000
41895,10,0
41896,10,20000
41897,10,0
41898,10,5000
41899,10,0
41900,10,10000
41901,10,10000
41902,10,20000
41903,10,30000
41904,10,40000
41905,10,30000
41906,10,10000
41907,10,50000
41908,10,5000
41909,10,0
41910,10,0
41911,10,20000
41912,10,0
41913,10,30000
41914,10,20000
41915,10,20000
41916,10,40000
41917,10,20000
41918,10,10000
41919,10,30000
41920,10,0
41921,10,10000
41922,10,20000
41923,10,40000
41924,10,5000
41925,10,5000
41926,10,5000
41927,10,50000
41928,10,20000
41929,10,40000
41930,10,0
41931,10,20000
41932,10,40000
41933,10,50000
41934,10,5000
41935,10,5000
41936,10,30000
41937,10,30000
41938,10,0
41939,10,5000
41940,10,0
41941,10,50000
41942,10,0
41943,10,20000
41944,10,20000
41945,10,5000
41946,10,10000
41947,10,20000
41948,10,0
41949,10,10
41950,10,5000
41951,10,5000
41952,10,20000
41953,10,5000
41954,10,40000
41955,10,0
41956,10,10000
41957,10,30000
41958,10,10000
41959,10,20000
41960,10,30000
41961,10,30000
41962,10,0
41963,10,10000
41964,10,30000
41965,10,0
41966,10,0
41967,10,5000
41968,10,40000
41969,10,50000
41970,10,50000
41971,10,20000
41972,10,20000
41973,10,5000
41974,10,10000
41975,10,40000
41976,10,0
41977,10,10000
41978,10,10000
41979,10,10
41980,10,20000
41981,10,0
41982,10,30000
41983,10,10000
41984,10,10000
41985,10,30000
41986,10,0
41987,10,50000
41988,10,30000
41989,10,0
41990,10,0
41991,10,20000
41992,10,30000
41993,10,30000
41994,10,20000
41995,10,50000
41996,10,40000
41997,10,0
41998,10,0
41999,10,50000
42000,10,50000
42001,10,50000
42002,10,30000
42003,10,50000
42004,10,40000
42005,10,0
42006,10,0
42007,10,30000
42008,10,20000
42009,10,50000
42010,10,10000
42011,10,20000
42012,10,50000
42013,10,0
42014,10,0
42015,10,40000
42016,10,0
42017,10,0
42018,10,20000
42019,10,20000
42020,10,0
42021,10,0
42022,10,0
42023,10,30000
42024,10,20000
42025,10,0
42026,10,0
42027,10,0
42028,10,30000
42029,10,10000
42030,10,30000
42031,10,50000
42032,10,0
42033,10,10000
42034,10,0
42035,10,5000
42036,10,10000
42037,10,0
42038,10,0
42039,10,0
42040,10,0
42041,10,30000
42042,10,30000
42043,10,30000
42044,10,20000
42045,10,10000
42046,10,5000
42047,10,30000
42048,10,0
42049,10,5000
42050,10,50000
42051,10,0
42052,10,30000
42053,10,20000
42054,10,5000
42055,10,40000
42056,10,0
42057,10,0
42058,10,0
42059,10,0
42060,10,10000
42061,10,5000
42062,10,0
42063,10,0
42064,10,20000
42065,10,40000
42066,10,40000
42067,10,40000
42068,10,0
42069,10,10
42070,10,20000
42071,10,50000
42072,10,20000
42073,10,0
42074,10,10000
42075,10,30000
42076,10,0
42077,10,40000
42078,10,10000
42079,10,50000
42080,10,5000
42081,10,0
42082,10,0
42083,10,40000
42084,10,20000
42085,10,40000
42086,10,40000
42087,10,30000
42088,10,50000
42089,10,0
42090,10,30000
42091,10,50000
42092,10,5000
42093,10,10000
42094,10,20000
42095,10,5000
42096,10,50000
42097,10,5000
42098,10,30000
42099,10,40000
42100,10,0
42101,10,20000
42102,10,30000
42103,10,0
42104,10,40000
42105,10,5000
42106,10,0
42107,10,0
42108,10,30000
42109,10,20000
42110,10,0
42111,10,10000
42112,10,20000
42113,10,5000
42114,10,5000
42115,10,5000
42116,10,30000
42117,10,30000
42118,10,0
42119,10,20000
42120,10,10000
42121,10,30000
42122,10,0
42123,10,5000
42124,10,0
42125,10,40000
42126,10,20000
42127,10,5000
42128,10,50000
42129,10,50000
42130,10,50000
42131,10,0
42132,10,30000
42133,10,30000
42134,10,30000
42135,10,0
42136,10,0
42137,10,40000
42138,10,0
42139,10,0
42140,10,0
42141,10,0
42142,10,0
42143,10,50000
42144,10,5000
42145,10,50000
42146,10,0
42147,10,50000
42148,10,0
42149,10,5000
42150,10,10000
42151,10,5000
42152,10,30000
42153,10,0
42154,10,40000
42155,10,50000
42156,10,40000
42157,10,5000
42158,10,10000
42159,10,5000
42160,10,50000
42161,10,0
42162,10,5000
42163,10,30000
42164,10,5000
42165,10,30000
42166,10,20000
42167,10,30000
42168,10,30000
42169,10,20000
42170,10,5000
42171,10,0
42172,10,0
42173,10,50000
42174,10,30000
42175,10,20000
42176,10,10000
42177,10,10000
42178,10,0
42179,10,40000
42180,10,20000
42181,10,0
42182,10,5000
42183,10,20000
42184,10,5000
42185,10,5000
42186,10,50000
42187,10,10000
42188,10,0
42189,10,0
42190,10,10000
42191,10,0
42192,10,5000
42193,10,50000
42194,10,20000
42195,10,10000
42196,10,20000
42197,10,20000
42198,10,50000
42199,10,40000
42200,10,50000
42201,10,5000
42202,10,0
42203,10,50000
42204,10,30000
42205,10,10000
42206,10,30000
42207,10,30000
42208,10,30000
42209,10,20000
42210,10,30000
42211,10,40000
42212,10,30000
42213,10,5000
42214,10,20000
42215,10,30000
42216,10,0
42217,10,5000
42218,10,20000
42219,10,0
42220,10,30000
42221,10,0
42222,10,0
42223,10,40000
42224,10,0
42225,10,0
42226,10,5000
42227,10,30000
42228,10,20000
42229,10,50000
42230,10,30000
42231,10,0
42232,10,10000
42233,10,30000
42234,10,20000
42235,10,0
42236,10,0
42237,10,20000
42238,10,0
42239,10,0
42240,10,30000
42241,10,20000
42242,10,0
42243,10,30000
42244,10,30000
42245,10,20000
42246,10,10000
42247,10,30000
42248,10,30000
42249,10,50000
42250,10,5000
42251,10,20000
42252,10,0
42253,10,0
42254,10,50000
42255,10,20000
42256,10,30000
42257,10,0
42258,10,5000
42259,10,5000
42260,10,5000
42261,10,40000
42262,10,10000
42263,10,50000
42264,10,0
42265,10,50000
42266,10,0
42267,10,0
42268,10,5000
42269,10,20000
42270,10,30000
42271,10,50000
42272,10,40000
42273,10,20000
42274,10,50000
42275,10,50000
42276,10,20000
42277,10,30000
42278,10,40000
42279,10,50000
42280,10,20000
42281,10,50000
42282,10,5000
42283,10,50000
42284,10,20000
42285,10,40000
42286,10,0
42287,10,50000
42288,10,30000
42289,10,0
42290,10,0
42291,10,0
42292,10,20000
42293,10,20000
42294,10,50000
42295,10,0
42296,10,0
42297,10,0
42298,10,30000
42299,10,50000
42300,10,30000
42301,10,20000
42302,10,10000
42303,10,50000
42304,10,20000
42305,10,30000
42306,10,5000
42307,10,40000
42308,10,50000
42309,10,0
42310,10,20000
42311,10,10000
42312,10,50000
42313,10,0
42314,10,40000
42315,10,20000
42316,10,0
42317,10,0
42318,10,40000
42319,10,50000
42320,10,40000
42321,10,30000
42322,10,0
42323,10,5000
42324,10,0
42325,10,30000
42326,10,30000
42327,10,0
42328,10,40000
42329,10,0
42330,10,40000
42331,10,20000
42332,10,0
42333,10,50000
42334,10,50000
42335,10,50000
42336,10,20000
42337,10,50000
42338,10,5000
42339,10,0
42340,10,50000
42341,10,0
42342,10,30000
42343,10,30000
42344,10,40000
42345,10,50000
42346,10,30000
42347,10,0
42348,10,30000
42349,10,0
42350,10,50000
42351,10,20000
42352,10,20000
42353,10,0
42354,10,30000
42355,10,0
42356,10,5000
42357,10,5000
42358,10,20000
42359,10,0
42360,10,30000
42361,10,10000
42362,10,40000
42363,10,20000
42364,10,0
42365,10,50000
42366,10,30000
42367,10,50000
42368,10,0
42369,10,10000
42370,10,40000
42371,10,40000
42372,10,0
42373,10,40000
42374,10,40000
42375,10,40000
42376,10,50000
42377,10,40000
42378,10,50000
42379,10,20000
42380,10,20000
42381,10,40000
42382,10,20000
42383,10,30000
42384,10,0
42385,10,30000
42386,10,0
42387,10,0
42388,10,0
42389,10,5000
42390,10,50000
42391,10,40000
42392,10,20000
42393,10,0
42394,10,30000
42395,10,40000
42396,10,0
42397,10,0
42398,10,30000
42399,10,0
42400,10,0
42401,10,0
42402,10,50000
42403,10,5000
42404,10,50000
42405,10,10000
42406,10,20000
42407,10,0
42408,10,50000
42409,10,5000
42410,10,5000
42411,10,10000
42412,10,30000
42413,10,20000
42414,10,0
42415,10,40000
42416,10,50000
42417,10,10000
42418,10,0
42419,10,5000
42420,10,0
42421,10,40000
42422,10,30000
42423,10,20000
42424,10,50000
42425,10,30000
42426,10,50000
42427,10,20000
42428,10,50000
42429,10,10000
42430,10,0
42431,10,20000
42432,10,0
42433,10,20000
42434,10,0
42435,10,10000
42436,10,5000
42437,10,40000
42438,10,20000
42439,10,0
42440,10,0
42441,10,0
42442,10,30000
42443,10,0
42444,10,50000
42445,10,50000
42446,10,0
42447,10,50000
42448,10,50000
42449,10,20000
42450,10,40000
42451,10,30000
42452,10,0
42453,10,30000
42454,10,0
42455,10,20000
42456,10,30000
42457,10,5000
42458,10,0
42459,10,10000
42460,10,30000
42461,10,20000
42462,10,5000
42463,10,5000
42464,10,0
42465,10,0
42466,10,0
42467,10,30000
42468,10,10000
42469,10,50000
42470,10,30000
42471,10,0
42472,10,0
42473,10,30000
42474,10,0
42475,10,50000
42476,10,20000
42477,10,20000
42478,10,0
42479,10,20000
42480,10,0
42481,10,20000
42482,10,20000
42483,10,20000
42484,10,40000
42485,10,40000
42486,10,30000
42487,10,0
42488,10,40000
42489,10,0
42490,10,0
42491,10,0
42492,10,50000
42493,10,50000
42494,10,0
42495,10,50000
42496,10,50000
42497,10,30000
42498,10,0
42499,10,50000
42500,10,20000
42501,10,40000
42502,10,0
42503,10,10000
42504,10,10000
42505,10,10000
42506,10,30000
42507,10,0
42508,10,0
42509,10,50000
42510,10,0
42511,10,0
42512,10,0
42513,10,30000
42514,10,0
42515,10,0
42516,10,40000
42517,10,20000
42518,10,30000
42519,10,20000
42520,10,0
42521,10,20000
42522,10,20000
42523,10,30000
42524,10,0
42525,10,40000
42526,10,0
42527,10,0
42528,10,50000
42529,10,50000
42530,10,10000
42531,10,0
42532,10,40000
42533,10,50000
42534,10,0
42535,10,0
42536,10,50000
42537,10,5000
42538,10,10000
42539,10,10000
42540,10,30000
42541,10,0
42542,10,50000
42543,10,20000
42544,10,40000
42545,10,50000
42546,10,5000
42547,10,30000
42548,10,50000
42549,10,20000
42550,10,10000
42551,10,10000
42552,10,0
42553,10,0
42554,10,0
42555,10,40000
42556,10,0
42557,10,0
42558,10,50000
42559,10,10000
42560,10,20000
42561,10,10000
42562,10,20000
42563,10,10000
42564,10,0
42565,10,20000
42566,10,20000
42567,10,20000
42568,10,0
42569,10,0
42570,10,50000
42571,10,20000
42572,10,10000
42573,10,0
42574,10,0
42575,10,0
42576,10,30000
42577,10,5000
42578,10,30000
42579,10,20000
42580,10,40000
42581,10,0
42582,10,0
42583,10,0
42584,10,50000
42585,10,40000
42586,10,20000
42587,10,20000
42588,10,0
42589,10,50000
42590,10,0
42591,10,20000
42592,10,50000
42593,10,40000
42594,10,10000
42595,10,50000
42596,10,0
42597,10,20000
42598,10,5000
42599,10,30000
42600,10,0
42601,10,0
42602,10,10000
42603,10,10000
42604,10,30000
42605,10,0
42606,10,30000
42607,10,0
42608,10,0
42609,10,50000
42610,10,0
42611,10,10000
42612,10,20000
42613,10,30000
42614,10,0
42615,10,30000
42616,10,20000
42617,10,0
42618,10,0
42619,10,30000
42620,10,40000
42621,10,20000
42622,10,20000
42623,10,10000
42624,10,30000
42625,10,30000
42626,10,5000
42627,10,0
42628,10,10000
42629,10,40000
42630,10,10000
42631,10,50000
42632,10,0
42633,10,10000
42634,10,50000
42635,10,0
42636,10,20000
42637,10,30000
42638,10,0
42639,10,0
42640,10,40000
42641,10,5000
42642,10,20000
42643,10,10000
42644,10,30000
42645,10,20000
42646,10,30000
42647,10,50000
42648,10,20000
42649,10,0
42650,10,0
42651,10,5000
42652,10,0
42653,10,5000
42654,10,10000
42655,10,40000
42656,10,30000
42657,10,10000
42658,10,0
42659,10,40000
42660,10,30000
42661,10,0
42662,10,50000
42663,10,20000
42664,10,0
42665,10,20000
42666,10,20000
42667,10,20000
42668,10,50000
42669,10,5000
42670,10,10000
42671,10,0
42672,10,50000
42673,10,20000
42674,10,0
42675,10,10000
42676,10,5000
42677,10,0
42678,10,20000
42679,10,0
42680,10,0
42681,10,0
42682,10,50000
42683,10,5000
42684,10,50000
42685,10,0
42686,10,40000
42687,10,0
42688,10,50000
42689,10,50000
42690,10,10000
42691,10,0
42692,10,20000
42693,10,10
42694,10,30000
42695,10,50000
42696,10,5000
42697,10,10000
42698,10,0
42699,10,30000
42700,10,40000
42701,10,0
42702,10,0
42703,10,40000
42704,10,20000
42705,10,20000
42706,10,5000
42707,10,0
42708,10,0
42709,10,20000
42710,10,5000
42711,10,20000
42712,10,50000
42713,10,40000
42714,10,40000
42715,10,5000
42716,10,0
42717,10,50000
42718,10,0
42719,10,5000
42720,10,10000
42721,10,0
42722,10,0
42723,10,30000
42724,10,50000
42725,10,0
42726,10,0
42727,10,40000
42728,10,0
42729,10,0
42730,10,0
42731,10,0
42732,10,0
42733,10,30000
42734,10,30000
42735,10,20000
42736,10,0
42737,10,40000
42738,10,10000
42739,10,0
42740,10,50000
42741,10,50000
42742,10,50000
42743,10,30000
42744,10,0
42745,10,20000
42746,10,20000
42747,10,10000
42748,10,0
42749,10,0
42750,10,10000
42751,10,10000
42752,10,50000
42753,10,5000
42754,10,5000
42755,10,20000
42756,10,20000
42757,10,0
42758,10,0
42759,10,0
42760,10,50000
42761,10,5000
42762,10,20000
42763,10,0
42764,10,0
42765,10,30000
42766,10,20000
42767,10,10000
42768,10,30000
42769,10,0
42770,10,20000
42771,10,20000
42772,10,30000
42773,10,5000
42774,10,0
42775,10,40000
42776,10,10000
42777,10,5000
42778,10,50000
42779,10,0
42780,10,0
42781,10,0
42782,10,5000
42783,10,50000
42784,10,30000
42785,10,0
42786,10,5000
42787,10,0
42788,10,10000
42789,10,20000
42790,10,0
42791,10,0
42792,10,0
42793,10,10000
42794,10,30000
42795,10,50000
42796,10,20000
42797,10,30000
42798,10,40000
42799,10,50000
42800,10,20000
42801,10,0
42802,10,20000
42803,10,40000
42804,10,50000
42805,10,0
42806,10,20000
42807,10,0
42808,10,5000
42809,10,30000
42810,10,0
42811,10,20000
42812,10,20000
42813,10,40000
42814,10,30000
42815,10,0
42816,10,0
42817,10,5000
42818,10,0
42819,10,5000
42820,10,0
42821,10,50000
42822,10,50000
42823,10,10000
42824,10,30000
42825,10,50000
42826,10,10000
42827,10,10000
42828,10,50000
42829,10,20000
42830,10,0
42831,10,50000
42832,10,50000
42833,10,0
42834,10,30000
42835,10,0
42836,10,30000
42837,10,0
42838,10,20000
42839,10,10000
42840,10,10
42841,10,0
42842,10,50000
42843,10,10000
42844,10,20000
42845,10,20000
42846,10,0
42847,10,10000
42848,10,0
42849,10,5000
42850,10,5000
42851,10,0
42852,10,40000
42853,10,5000
42854,10,20000
42855,10,0
42856,10,10000
42857,10,50000
42858,10,0
42859,10,40000
42860,10,0
42861,10,20000
42862,10,20000
42863,10,20000
42864,10,40000
42865,10,0
42866,10,0
42867,10,5000
42868,10,0
42869,10,0
42870,10,20000
42871,10,50000
42872,10,5000
42873,10,0
42874,10,30000
42875,10,50000
42876,10,10000
42877,10,50000
42878,10,40000
42879,10,10000
42880,10,0
42881,10,0
42882,10,0
42883,10,50000
42884,10,10000
42885,10,5000
42886,10,0
42887,10,10000
42888,10,0
42889,10,20000
42890,10,50000
42891,10,0
42892,10,10000
42893,10,5000
42894,10,40000
42895,10,10000
42896,10,20000
42897,10,30000
42898,10,30000
42899,10,50000
42900,10,0
42901,10,30000
42902,10,0
42903,10,0
42904,10,30000
42905,10,0
42906,10,0
42907,10,20000
42908,10,30000
42909,10,5000
42910,10,20000
42911,10,0
42912,10,20000
42913,10,50000
42914,10,50000
42915,10,0
42916,10,0
42917,10,20000
42918,10,0
42919,10,0
42920,10,40000
42921,10,40000
42922,10,40000
42923,10,20000
42924,10,40000
42925,10,0
42926,10,30000
42927,10,30000
42928,10,10000
42929,10,0
42930,10,50000
42931,10,5000
42932,10,0
42933,10,30000
42934,10,40000
42935,10,5000
42936,10,0
42937,10,5000
42938,10,50000
42939,10,30000
42940,10,20000
42941,10,40000
42942,10,30000
42943,10,5000
42944,10,40000
42945,10,50000
42946,10,40000
42947,10,40000
42948,10,0
42949,10,20000
42950,10,5000
42951,10,30000
42952,10,30000
42953,10,5000
42954,10,5000
42955,10,20000
42956,10,20000
42957,10,0
42958,10,30000
42959,10,10000
42960,10,50000
42961,10,0
42962,10,0
42963,10,40000
42964,10,20000
42965,10,5000
42966,10,40000
42967,10,40000
42968,10,20000
42969,10,20000
42970,10,40000
42971,10,5000
42972,10,0
42973,10,30000
42974,10,10000
42975,10,50000
42976,10,5000
42977,10,40000
42978,10,0
42979,10,0
42980,10,10000
42981,10,0
42982,10,40000
42983,10,0
42984,10,30000
42985,10,10000
42986,10,20000
42987,10,10000
42988,10,30000
42989,10,30000
42990,10,0
42991,10,30000
42992,10,0
42993,10,0
42994,10,40000
42995,10,5000
42996,10,50000
42997,10,0
42998,10,0
42999,10,30000
43000,10,50000
43001,10,20000
43002,10,40000
43003,10,30000
43004,10,50000
43005,10,10000
43006,10,0
43007,10,20000
43008,10,0
43009,10,0
43010,10,50000
43011,10,0
43012,10,0
43013,10,0
43014,10,0
43015,10,20000
43016,10,20000
43017,10,50000
43018,10,30000
43019,10,0
43020,10,20000
43021,10,10000
43022,10,20000
43023,10,50000
43024,10,50000
43025,10,40000
43026,10,20000
43027,10,0
43028,10,20000
43029,10,0
43030,10,20000
43031,10,10000
43032,10,50000
43033,10,20000
43034,10,20000
43035,10,30000
43036,10,0
43037,10,20000
43038,10,20000
43039,10,20000
43040,10,0
43041,10,10000
43042,10,0
43043,10,0
43044,10,0
43045,10,20000
43046,10,5000
43047,10,20000
43048,10,20000
43049,10,5000
43050,10,20000
43051,10,30000
43052,10,0
43053,10,10000
43054,10,5000
43055,10,0
43056,10,50000
43057,10,50000
43058,10,20000
43059,10,0
43060,10,40000
43061,10,30000
43062,10,0
43063,10,5000
43064,10,0
43065,10,0
43066,10,30000
43067,10,20000
43068,10,50000
43069,10,0
43070,10,40000
43071,10,10000
43072,10,30000
43073,10,30000
43074,10,0
43075,10,20000
43076,10,10000
43077,10,20000
43078,10,20000
43079,10,30000
43080,10,5000
43081,10,50000
43082,10,10000
43083,10,0
43084,10,30000
43085,10,20000
43086,10,10000
43087,10,5000
43088,10,10000
43089,10,5000
43090,10,30000
43091,10,10000
43092,10,10000
43093,10,30000
43094,10,50000
43095,10,50000
43096,10,0
43097,10,10000
43098,10,20000
43099,10,50000
43100,10,30000
43101,10,10000
43102,10,30000
43103,10,20000
43104,10,10000
43105,10,0
43106,10,10000
43107,10,20000
43108,10,0
43109,10,20000
43110,10,10000
43111,10,0
43112,10,20000
43113,10,0
43114,10,0
43115,10,0
43116,10,10000
43117,10,10000
43118,10,0
43119,10,30000
43120,10,0
43121,10,5000
43122,10,30000
43123,10,30000
43124,10,50000
43125,10,20000
43126,10,20000
43127,10,50000
43128,10,0
43129,10,0
43130,10,0
43131,10,50000
43132,10,20000
43133,10,0
43134,10,10000
43135,10,5000
43136,10,50000
43137,10,20000
43138,10,40000
43139,10,50000
43140,10,30000
43141,10,30000
43142,10,5000
43143,10,5000
43144,10,0
43145,10,50000
43146,10,40000
43147,10,5000
43148,10,0
43149,10,0
43150,10,50000
43151,10,50000
43152,10,0
43153,10,20000
43154,10,0
43155,10,5000
43156,10,30000
43157,10,0
43158,10,30000
43159,10,20000
43160,10,10000
43161,10,10000
43162,10,0
43163,10,10000
43164,10,0
43165,10,0
43166,10,10000
43167,10,0
43168,10,0
43169,10,20000
43170,10,40000
43171,10,50000
43172,10,40000
43173,10,20000
43174,10,20000
43175,10,30000
43176,10,30000
43177,10,30000
43178,10,50000
43179,10,10000
43180,10,50000
43181,10,0
43182,10,10000
43183,10,30000
43184,10,30000
43185,10,40000
43186,10,20000
43187,10,0
43188,10,30000
43189,10,10000
43190,10,10000
43191,10,0
43192,10,0
43193,10,40000
43194,10,20000
43195,10,10000
43196,10,0
43197,10,50000
43198,10,5000
43199,10,20000
43200,10,0
43201,10,50000
43202,10,0
43203,10,40000
43204,10,50000
43205,10,40000
43206,10,5000
43207,10,30000
43208,10,40000
43209,10,20000
43210,10,0
43211,10,40000
43212,10,50000
43213,10,50000
43214,10,0
43215,10,5000
43216,10,50000
43217,10,20000
43218,10,20000
43219,10,5000
43220,10,30000
43221,10,10000
43222,10,0
43223,10,30000
43224,10,0
43225,10,20000
43226,10,30000
43227,10,30000
43228,10,50000
43229,10,0
43230,10,0
43231,10,10000
43232,10,0
43233,10,40000
43234,10,40000
43235,10,0
43236,10,10000
43237,10,0
43238,10,0
43239,10,50000
43240,10,0
43241,10,30000
43242,10,10000
43243,10,20000
43244,10,10000
43245,10,30000
43246,10,5000
43247,10,0
43248,10,20000
43249,10,20000
43250,10,30000
43251,10,20000
43252,10,30000
43253,10,20000
43254,10,0
43255,10,50000
43256,10,5000
43257,10,20000
43258,10,0
43259,10,20000
43260,10,50000
43261,10,50000
43262,10,20000
43263,10,0
43264,10,50000
43265,10,50000
43266,10,30000
43267,10,10000
43268,10,5000
43269,10,10000
43270,10,50000
43271,10,5000
43272,10,20000
43273,10,40000
43274,10,0
43275,10,0
43276,10,5000
43277,10,30000
43278,10,0
43279,10,0
43280,10,20000
43281,10,40000
43282,10,10000
43283,10,20000
43284,10,10000
43285,10,30000
43286,10,0
43287,10,0
43288,10,5000
43289,10,40000
43290,10,0
43291,10,30000
43292,10,0
43293,10,5000
43294,10,5000
43295,10,30000
43296,10,0
43297,10,0
43298,10,0
43299,10,0
43300,10,0
43301,10,5000
43302,10,0
43303,10,20000
43304,10,30000
43305,10,5000
43306,10,50000
43307,10,0
43308,10,50000
43309,10,0
43310,10,10000
43311,10,0
43312,10,20000
43313,10,20000
43314,10,40000
43315,10,0
43316,10,20000
43317,10,0
43318,10,0
43319,10,50000
43320,10,0
43321,10,50000
43322,10,5000
43323,10,50000
43324,10,0
43325,10,0
43326,10,0
43327,10,5000
43328,10,50000
43329,10,30000
43330,10,20000
43331,10,40000
43332,10,30000
43333,10,30000
43334,10,50000
43335,10,50000
43336,10,30000
43337,10,20000
43338,10,0
43339,10,50000
43340,10,20000
43341,10,30000
43342,10,0
43343,10,0
43344,10,0
43345,10,40000
43346,10,0
43347,10,30000
43348,10,5000
43349,10,20000
43350,10,50000
43351,10,0
43352,10,30000
43353,10,0
43354,10,50000
43355,10,10000
43356,10,30000
43357,10,40000
43358,10,0
43359,10,30000
43360,10,10000
43361,10,30000
43362,10,20000
43363,10,30000
43364,10,0
43365,10,40000
43366,10,0
43367,10,20000
43368,10,30000
43369,10,0
43370,10,0
43371,10,10000
43372,10,10000
43373,10,50000
43374,10,0
43375,10,0
43376,10,0
43377,10,20000
43378,10,20000
43379,10,40000
43380,10,10000
43381,10,50000
43382,10,10000
43383,10,5000
43384,10,40000
43385,10,0
43386,10,5000
43387,10,10000
43388,10,0
43389,10,30000
43390,10,20000
43391,10,30000
43392,10,10000
43393,10,0
43394,10,5000
43395,10,50000
43396,10,10000
43397,10,20000
43398,10,0
43399,10,0
43400,10,50000
43401,10,10000
43402,10,30000
43403,10,50000
43404,10,20000
43405,10,30000
43406,10,20000
43407,10,20000
43408,10,30000
43409,10,40000
43410,10,10
43411,10,0
43412,10,50000
43413,10,0
43414,10,40000
43415,10,5000
43416,10,20000
43417,10,0
43418,10,5000
43419,10,10000
43420,10,0
43421,10,0
43422,10,10000
43423,10,50000
43424,10,30000
43425,10,20000
43426,10,40000
43427,10,0
43428,10,0
43429,10,0
43430,10,50000
43431,10,30000
43432,10,50000
43433,10,20000
43434,10,40000
43435,10,50000
43436,10,30000
43437,10,0
43438,10,5000
43439,10,20000
43440,10,0
43441,10,10000
43442,10,30000
43443,10,50000
43444,10,30000
43445,10,10000
43446,10,20000
43447,10,0
43448,10,10000
43449,10,50000
43450,10,40000
43451,10,5000
43452,10,0
43453,10,20000
43454,10,30000
43455,10,0
43456,10,40000
43457,10,40000
43458,10,0
43459,10,0
43460,10,0
43461,10,10000
43462,10,20000
43463,10,0
43464,10,5000
43465,10,0
43466,10,40000
43467,10,5000
43468,10,0
43469,10,20000
43470,10,20000
43471,10,50000
43472,10,50000
43473,10,30000
43474,10,0
43475,10,0
43476,10,0
43477,10,5000
43478,10,5000
43479,10,10000
43480,10,10000
43481,10,50000
43482,10,10000
43483,10,0
43484,10,5000
43485,10,10000
43486,10,30000
43487,10,0
43488,10,40000
43489,10,5000
43490,10,20000
43491,10,0
43492,10,20000
43493,10,0
43494,10,50000
43495,10,0
43496,10,0
43497,10,10000
43498,10,0
43499,10,50000
43500,10,10000
43501,10,20000
43502,10,0
43503,10,50000
43504,10,0
43505,10,10
43506,10,0
43507,10,20000
43508,10,50000
43509,10,30000
43510,10,30000
43511,10,0
43512,10,20000
43513,10,20000
43514,10,30000
43515,10,50000
43516,10,0
43517,10,0
43518,10,20000
43519,10,10000
43520,10,0
43521,10,50000
43522,10,50000
43523,10,40000
43524,10,50000
43525,10,10000
43526,10,0
43527,10,30000
43528,10,20000
43529,10,20000
43530,10,20000
43531,10,0
43532,10,0
43533,10,0
43534,10,10000
43535,10,40000
43536,10,20000
43537,10,30000
43538,10,5000
43539,10,20000
43540,10,20000
43541,10,0
43542,10,0
43543,10,5000
43544,10,0
43545,10,10000
43546,10,50000
43547,10,0
43548,10,0
43549,10,40000
43550,10,0
43551,10,20000
43552,10,40000
43553,10,30000
43554,10,20000
43555,10,30000
43556,10,30000
43557,10,5000
43558,10,0
43559,10,0
43560,10,50000
43561,10,50000
43562,10,20000
43563,10,20000
43564,10,30000
43565,10,20000
43566,10,40000
43567,10,40000
43568,10,10000
43569,10,0
43570,10,0
43571,10,50000
43572,10,40000
43573,10,50000
43574,10,40000
43575,10,50000
43576,10,5000
43577,10,20000
43578,10,0
43579,10,5000
43580,10,5000
43581,10,20000
43582,10,10000
43583,10,20000
43584,10,40000
43585,10,30000
43586,10,30000
43587,10,0
43588,10,0
43589,10,40000
43590,10,0
43591,10,40000
43592,10,10000
43593,10,50000
43594,10,10000
43595,10,50000
43596,10,30000
43597,10,0
43598,10,0
43599,10,30000
43600,10,5000
43601,10,0
43602,10,20000
43603,10,5000
43604,10,0
43605,10,40000
43606,10,20000
43607,10,0
43608,10,0
43609,10,50000
43610,10,50000
43611,10,0
43612,10,50000
43613,10,5000
43614,10,5000
43615,10,40000
43616,10,10000
43617,10,30000
43618,10,0
43619,10,30000
43620,10,10000
43621,10,50000
43622,10,0
43623,10,30000
43624,10,20000
43625,10,0
43626,10,30000
43627,10,20000
43628,10,50000
43629,10,0
43630,10,30000
43631,10,40000
43632,10,40000
43633,10,30000
43634,10,40000
43635,10,0
43636,10,30000
43637,10,0
43638,10,50000
43639,10,50000
43640,10,5000
43641,10,0
43642,10,0
43643,10,40000
43644,10,10000
43645,10,40000
43646,10,5000
43647,10,40000
43648,10,0
43649,10,30000
43650,10,0
43651,10,0
43652,10,50000
43653,10,10000
43654,10,40000
43655,10,5000
43656,10,40000
43657,10,30000
43658,10,20000
43659,10,40000
43660,10,0
43661,10,30000
43662,10,40000
43663,10,30000
43664,10,50000
43665,10,10000
43666,10,30000
43667,10,10000
43668,10,20000
43669,10,40000
43670,10,0
43671,10,50000
43672,10,5000
43673,10,30000
43674,10,5000
43675,10,20000
43676,10,50000
43677,10,0
43678,10,10000
43679,10,50000
43680,10,50000
43681,10,30000
43682,10,0
43683,10,0
43684,10,20000
43685,10,50000
43686,10,20000
43687,10,5000
43688,10,10000
43689,10,0
43690,10,40000
43691,10,5000
43692,10,5000
43693,10,0
43694,10,0
43695,10,0
43696,10,10000
43697,10,40000
43698,10,5000
43699,10,50000
43700,10,30000
43701,10,40000
43702,10,30000
43703,10,20000
43704,10,0
43705,10,0
43706,10,30000
43707,10,0
43708,10,20000
43709,10,50000
43710,10,0
43711,10,50000
43712,10,50000
43713,10,20000
43714,10,30000
43715,10,10000
43716,10,20000
43717,10,20000
43718,10,50000
43719,10,10000
43720,10,40000
43721,10,40000
43722,10,50000
43723,10,0
43724,10,30000
43725,10,50000
43726,10,0
43727,10,5000
43728,10,20000
43729,10,40000
43730,10,5000
43731,10,30000
43732,10,40000
43733,10,0
43734,10,0
43735,10,20000
43736,10,0
43737,10,0
43738,10,50000
43739,10,30000
43740,10,30000
43741,10,10000
43742,10,50000
43743,10,10000
43744,10,40000
43745,10,0
43746,10,0
43747,10,0
43748,10,0
43749,10,0
43750,10,5000
43751,10,0
43752,10,5000
43753,10,0
43754,10,10000
43755,10,0
43756,10,0
43757,10,40000
43758,10,5000
43759,10,0
43760,10,20000
43761,10,30000
43762,10,20000
43763,10,40000
43764,10,5000
43765,10,30000
43766,10,0
43767,10,20000
43768,10,0
43769,10,0
43770,10,0
43771,10,10000
43772,10,20000
43773,10,10000
43774,10,30000
43775,10,30000
43776,10,5000
43777,10,20000
43778,10,20000
43779,10,0
43780,10,10000
43781,10,5000
43782,10,0
43783,10,10000
43784,10,50000
43785,10,20000
43786,10,40000
43787,10,0
43788,10,0
43789,10,10000
43790,10,40000
43791,10,30000
43792,10,5000
43793,10,50000
43794,10,50000
43795,10,40000
43796,10,30000
43797,10,0
43798,10,0
43799,10,30000
43800,10,0
43801,10,20000
43802,10,0
43803,10,50000
43804,10,5000
43805,10,40000
43806,10,20000
43807,10,30000
43808,10,20000
43809,10,20000
43810,10,40000
43811,10,0
43812,10,10000
43813,10,10000
43814,10,30000
43815,10,10000
43816,10,20000
43817,10,10
43818,10,40000
43819,10,0
43820,10,10000
43821,10,40000
43822,10,0
43823,10,50000
43824,10,0
43825,10,50000
43826,10,0
43827,10,30000
43828,10,20000
43829,10,30000
43830,10,10000
43831,10,20000
43832,10,10000
43833,10,0
43834,10,50000
43835,10,5000
43836,10,40000
43837,10,0
43838,10,0
43839,10,5000
43840,10,5000
43841,10,0
43842,10,20000
43843,10,50000
43844,10,5000
43845,10,5000
43846,10,10
43847,10,10000
43848,10,0
43849,10,20000
43850,10,20000
43851,10,50000
43852,10,40000
43853,10,30000
43854,10,20000
43855,10,5000
43856,10,10000
43857,10,50000
43858,10,20000
43859,10,0
43860,10,30000
43861,10,50000
43862,10,0
43863,10,30000
43864,10,30000
43865,10,0
43866,10,30000
43867,10,50000
43868,10,0
43869,10,5000
43870,10,50000
43871,10,10000
43872,10,0
43873,10,50000
43874,10,50000
43875,10,0
43876,10,30000
43877,10,0
43878,10,0
43879,10,0
43880,10,20000
43881,10,0
43882,10,10000
43883,10,5000
43884,10,40000
43885,10,20000
43886,10,10000
43887,10,50000
43888,10,40000
43889,10,20000
43890,10,30000
43891,10,10000
43892,10,20000
43893,10,30000
43894,10,50000
43895,10,20000
43896,10,50000
43897,10,30000
43898,10,50000
43899,10,20000
43900,10,30000
43901,10,40000
43902,10,50000
43903,10,10000
43904,10,40000
43905,10,50000
43906,10,30000
43907,10,50000
43908,10,40000
43909,10,0
43910,10,0
43911,10,5000
43912,10,40000
43913,10,30000
43914,10,10000
43915,10,30000
43916,10,0
43917,10,30000
43918,10,30000
43919,10,30000
43920,10,50000
43921,10,20000
43922,10,40000
43923,10,50000
43924,10,20000
43925,10,0
43926,10,10000
43927,10,20000
43928,10,30000
43929,10,20000
43930,10,5000
43931,10,20000
43932,10,20000
43933,10,40000
43934,10,50000
43935,10,40000
43936,10,0
43937,10,10000
43938,10,0
43939,10,50000
43940,10,0
43941,10,0
43942,10,30000
43943,10,5000
43944,10,30000
43945,10,50000
43946,10,0
43947,10,40000
43948,10,30000
43949,10,20000
43950,10,50000
43951,10,0
43952,10,20000
43953,10,0
43954,10,40000
43955,10,20000
43956,10,5000
43957,10,30000
43958,10,30000
43959,10,30000
43960,10,40000
43961,10,10000
43962,10,0
43963,10,30000
43964,10,0
43965,10,20000
43966,10,40000
43967,10,5000
43968,10,50000
43969,10,10000
43970,10,0
43971,10,5000
43972,10,10000
43973,10,5000
43974,10,40000
43975,10,20000
43976,10,0
43977,10,0
43978,10,40000
43979,10,20000
43980,10,0
43981,10,30000
43982,10,0
43983,10,20000
43984,10,5000
43985,10,0
43986,10,40000
43987,10,5000
43988,10,20000
43989,10,0
43990,10,0
43991,10,30000
43992,10,0
43993,10,30000
43994,10,30000
43995,10,40000
43996,10,20000
43997,10,10000
43998,10,0
43999,10,5000
44000,10,50000
44001,10,20000
44002,10,0
44003,10,30000
44004,10,10000
44005,10,50000
44006,10,30000
44007,10,10000
44008,10,30000
44009,10,0
44010,10,30000
44011,10,10000
44012,10,30000
44013,10,0
44014,10,0
44015,10,0
44016,10,20000
44017,10,0
44018,10,0
44019,10,0
44020,10,40000
44021,10,20000
44022,10,10000
44023,10,0
44024,10,50000
44025,10,30000
44026,10,0
44027,10,20000
44028,10,30000
44029,10,5000
44030,10,0
44031,10,50000
44032,10,30000
44033,10,40000
44034,10,20000
44035,10,40000
44036,10,10000
44037,10,20000
44038,10,50000
44039,10,10000
44040,10,0
44041,10,0
44042,10,40000
44043,10,30000
44044,10,40000
44045,10,0
44046,10,30000
44047,10,0
44048,10,0
44049,10,40000
44050,10,40000
44051,10,0
44052,10,0
44053,10,50000
44054,10,0
44055,10,30000
44056,10,0
44057,10,5000
44058,10,20000
44059,10,30000
44060,10,10000
44061,10,40000
44062,10,20000
44063,10,50000
44064,10,10000
44065,10,0
44066,10,10000
44067,10,40000
44068,10,20000
44069,10,10000
44070,10,20000
44071,10,50000
44072,10,20000
44073,10,20000
44074,10,50000
44075,10,0
44076,10,0
44077,10,40000
44078,10,40000
44079,10,10
44080,10,50000
44081,10,40000
44082,10,0
44083,10,10000
44084,10,0
44085,10,40000
44086,10,10000
44087,10,40000
44088,10,0
44089,10,0
44090,10,50000
44091,10,40000
44092,10,0
44093,10,40000
44094,10,20000
44095,10,0
44096,10,5000
44097,10,30000
44098,10,30000
44099,10,20000
44100,10,20000
44101,10,0
44102,10,5000
44103,10,50000
44104,10,0
44105,10,0
44106,10,50000
44107,10,5000
44108,10,0
44109,10,40000
44110,10,5000
44111,10,50000
44112,10,0
44113,10,40000
44114,10,0
44115,10,50000
44116,10,10000
44117,10,0
44118,10,50000
44119,10,10000
44120,10,20000
44121,10,0
44122,10,0
44123,10,0
44124,10,0
44125,10,50000
44126,10,0
44127,10,0
44128,10,50000
44129,10,30000
44130,10,40000
44131,10,0
44132,10,50000
44133,10,10000
44134,10,40000
44135,10,20000
44136,10,50000
44137,10,20000
44138,10,0
44139,10,0
44140,10,40000
44141,10,50000
44142,10,5000
44143,10,0
44144,10,50000
44145,10,20000
44146,10,0
44147,10,40000
44148,10,20000
44149,10,20000
44150,10,0
44151,10,40000
44152,10,30000
44153,10,30000
44154,10,0
44155,10,5000
44156,10,10000
44157,10,20000
44158,10,30000
44159,10,0
44160,10,5000
44161,10,20000
44162,10,0
44163,10,0
44164,10,50000
44165,10,10000
44166,10,0
44167,10,20000
44168,10,50000
44169,10,0
44170,10,0
44171,10,40000
44172,10,5000
44173,10,0
44174,10,5000
44175,10,30000
44176,10,30000
44177,10,30000
44178,10,50000
44179,10,0
44180,10,0
44181,10,10000
44182,10,40000
44183,10,0
44184,10,20000
44185,10,20000
44186,10,5000
44187,10,5000
44188,10,10000
44189,10,0
44190,10,40000
44191,10,40000
44192,10,0
44193,10,5000
44194,10,10000
44195,10,30000
44196,10,20000
44197,10,10000
44198,10,50000
44199,10,30000
44200,10,30000
44201,10,40000
44202,10,0
44203,10,40000
44204,10,20000
44205,10,0
44206,10,0
44207,10,20000
44208,10,50000
44209,10,10000
44210,10,40000
44211,10,30000
44212,10,50000
44213,10,30000
44214,10,10000
44215,10,10000
44216,10,0
44217,10,50000
44218,10,0
44219,10,40000
44220,10,40000
44221,10,50000
44222,10,0
44223,10,20000
44224,10,20000
44225,10,50000
44226,10,0
44227,10,30000
44228,10,40000
44229,10,0
44230,10,20000
44231,10,0
44232,10,20000
44233,10,30000
44234,10,0
44235,10,20000
44236,10,0
44237,10,30000
44238,10,40000
44239,10,50000
44240,10,50000
44241,10,40000
44242,10,20000
44243,10,20000
44244,10,0
44245,10,30000
44246,10,20000
44247,10,0
44248,10,20000
44249,10,0
44250,10,20000
44251,10,40000
44252,10,5000
44253,10,20000
44254,10,50000
44255,10,20000
44256,10,5000
44257,10,20000
44258,10,20000
44259,10,30000
44260,10,0
44261,10,20000
44262,10,30000
44263,10,5000
44264,10,10000
44265,10,20000
44266,10,40000
44267,10,5000
44268,10,0
44269,10,30000
44270,10,40000
44271,10,5000
44272,10,50000
44273,10,5000
44274,10,50000
44275,10,30000
44276,10,30000
44277,10,30000
44278,10,20000
44279,10,0
44280,10,40000
44281,10,0
44282,10,5000
44283,10,0
44284,10,0
44285,10,10000
44286,10,50000
44287,10,50000
44288,10,0
44289,10,10000
44290,10,0
44291,10,50000
44292,10,30000
44293,10,0
44294,10,50000
44295,10,0
44296,10,0
44297,10,50000
44298,10,0
44299,10,50000
44300,10,0
44301,10,50000
44302,10,40000
44303,10,20000
44304,10,30000
44305,10,10
44306,10,20000
44307,10,0
44308,10,0
44309,10,50000
44310,10,30000
44311,10,50000
44312,10,30000
44313,10,30000
44314,10,20000
44315,10,5000
44316,10,30000
44317,10,40000
44318,10,5000
44319,10,30000
44320,10,20000
44321,10,0
44322,10,5000
44323,10,0
44324,10,50000
44325,10,10000
44326,10,0
44327,10,5000
44328,10,20000
44329,10,30000
44330,10,20000
44331,10,40000
44332,10,0
44333,10,30000
44334,10,30000
44335,10,40000
44336,10,30000
44337,10,30000
44338,10,30000
44339,10,50000
44340,10,0
44341,10,50000
44342,10,50000
44343,10,0
44344,10,0
44345,10,5000
44346,10,40000
44347,10,0
44348,10,0
44349,10,0
44350,10,30000
44351,10,0
44352,10,0
44353,10,40000
44354,10,40000
44355,10,20000
44356,10,20000
44357,10,20000
44358,10,10000
44359,10,0
44360,10,0
44361,10,50000
44362,10,20000
44363,10,50000
44364,10,20000
44365,10,10000
44366,10,40000
44367,10,20000
44368,10,30000
44369,10,30000
44370,10,30000
44371,10,5000
44372,10,30000
44373,10,30000
44374,10,40000
44375,10,40000
44376,10,10000
44377,10,0
44378,10,0
44379,10,0
44380,10,0
44381,10,50000
44382,10,0
44383,10,20000
44384,10,40000
44385,10,0
44386,10,0
44387,10,5000
44388,10,40000
44389,10,5000
44390,10,10000
44391,10,10000
44392,10,5000
44393,10,10000
44394,10,0
44395,10,5000
44396,10,50000
44397,10,40000
44398,10,40000
44399,10,20000
44400,10,20000
44401,10,0
44402,10,50000
44403,10,10000
44404,10,20000
44405,10,10000
44406,10,0
44407,10,10000
44408,10,5000
44409,10,10
44410,10,0
44411,10,0
44412,10,10000
44413,10,10000
44414,10,0
44415,10,20000
44416,10,0
44417,10,50000
44418,10,50000
44419,10,5000
44420,10,10000
44421,10,5000
44422,10,50000
44423,10,40000
44424,10,40000
44425,10,20000
44426,10,30000
44427,10,30000
44428,10,0
44429,10,5000
44430,10,40000
44431,10,30000
44432,10,20000
44433,10,50000
44434,10,0
44435,10,30000
44436,10,50000
44437,10,5000
44438,10,20000
44439,10,20000
44440,10,40000
44441,10,0
44442,10,40000
44443,10,5000
44444,10,10
44445,10,50000
44446,10,50000
44447,10,20000
44448,10,40000
44449,10,50000
44450,10,20000
44451,10,0
44452,10,0
44453,10,20000
44454,10,40000
44455,10,40000
44456,10,10000
44457,10,30000
44458,10,0
44459,10,0
44460,10,10000
44461,10,20000
44462,10,30000
44463,10,20000
44464,10,40000
44465,10,40000
44466,10,50000
44467,10,0
44468,10,5000
44469,10,50000
44470,10,30000
44471,10,20000
44472,10,40000
44473,10,10000
44474,10,0
44475,10,50000
44476,10,5000
44477,10,0
44478,10,5000
44479,10,0
44480,10,50000
44481,10,30000
44482,10,40000
44483,10,5000
44484,10,0
44485,10,0
44486,10,30000
44487,10,0
44488,10,30000
44489,10,40000
44490,10,10000
44491,10,0
44492,10,5000
44493,10,30000
44494,10,0
44495,10,20000
44496,10,0
44497,10,10000
44498,10,40000
44499,10,20000
44500,10,0
44501,10,50000
44502,10,50000
44503,10,30000
44504,10,30000
44505,10,0
44506,10,0
44507,10,30000
44508,10,10000
44509,10,30000
44510,10,10000
44511,10,20000
44512,10,50000
44513,10,20000
44514,10,20000
44515,10,30000
44516,10,20000
44517,10,20000
44518,10,20000
44519,10,0
44520,10,0
44521,10,0
44522,10,0
44523,10,30000
44524,10,20000
44525,10,50000
44526,10,40000
44527,10,40000
44528,10,10000
44529,10,0
44530,10,40000
44531,10,50000
44532,10,10000
44533,10,0
44534,10,0
44535,10,20000
44536,10,0
44537,10,20000
44538,10,10000
44539,10,10000
44540,10,0
44541,10,5000
44542,10,0
44543,10,20000
44544,10,50000
44545,10,0
44546,10,5000
44547,10,30000
44548,10,0
44549,10,30000
44550,10,50000
44551,10,0
44552,10,10000
44553,10,20000
44554,10,0
44555,10,20000
44556,10,10000
44557,10,50000
44558,10,20000
44559,10,0
44560,10,20000
44561,10,10000
44562,10,10000
44563,10,20000
44564,10,0
44565,10,40000
44566,10,50000
44567,10,10000
44568,10,30000
44569,10,5000
44570,10,20000
44571,10,30000
44572,10,0
44573,10,10000
44574,10,50000
44575,10,0
44576,10,0
44577,10,0
44578,10,0
44579,10,40000
44580,10,40000
44581,10,50000
44582,10,30000
44583,10,5000
44584,10,0
44585,10,50000
44586,10,0
44587,10,0
44588,10,5000
44589,10,5000
44590,10,20000
44591,10,20000
44592,10,20000
44593,10,0
44594,10,0
44595,10,50000
44596,10,20000
44597,10,40000
44598,10,5000
44599,10,0
44600,10,10000
44601,10,0
44602,10,0
44603,10,50000
44604,10,40000
44605,10,40000
44606,10,20000
44607,10,0
44608,10,40000
44609,10,50000
44610,10,30000
44611,10,40000
44612,10,30000
44613,10,20000
44614,10,10000
44615,10,0
44616,10,0
44617,10,10000
44618,10,50000
44619,10,40000
44620,10,20000
44621,10,0
44622,10,20000
44623,10,0
44624,10,40000
44625,10,50000
44626,10,0
44627,10,10
44628,10,20000
44629,10,40000
44630,10,0
44631,10,50000
44632,10,50000
44633,10,5000
44634,10,20000
44635,10,20000
44636,10,20000
44637,10,10000
44638,10,0
44639,10,5000
44640,10,20000
44641,10,20000
44642,10,0
44643,10,0
44644,10,0
44645,10,50000
44646,10,40000
44647,10,20000
44648,10,0
44649,10,40000
44650,10,50000
44651,10,40000
44652,10,40000
44653,10,0
44654,10,30000
44655,10,10000
44656,10,0
44657,10,0
44658,10,20000
44659,10,20000
44660,10,50000
44661,10,30000
44662,10,0
44663,10,0
44664,10,5000
44665,10,40000
44666,10,0
44667,10,0
44668,10,50000
44669,10,0
44670,10,30000
44671,10,10000
44672,10,30000
44673,10,5000
44674,10,10000
44675,10,40000
44676,10,5000
44677,10,30000
44678,10,10000
44679,10,20000
44680,10,20000
44681,10,30000
44682,10,20000
44683,10,50000
44684,10,0
44685,10,20000
44686,10,50000
44687,10,0
44688,10,0
44689,10,0
44690,10,0
44691,10,40000
44692,10,0
44693,10,0
44694,10,20000
44695,10,30000
44696,10,0
44697,10,40000
44698,10,50000
44699,10,40000
44700,10,40000
44701,10,0
44702,10,40000
44703,10,0
44704,10,40000
44705,10,20000
44706,10,0
44707,10,20000
44708,10,20000
44709,10,20000
44710,10,40000
44711,10,5000
44712,10,20000
44713,10,40000
44714,10,30000
44715,10,30000
44716,10,50000
44717,10,20000
44718,10,0
44719,10,30000
44720,10,0
44721,10,0
44722,10,0
44723,10,5000
44724,10,50000
44725,10,30000
44726,10,20000
44727,10,0
44728,10,20000
44729,10,0
44730,10,5000
44731,10,0
44732,10,50000
44733,10,5000
44734,10,10000
44735,10,50000
44736,10,20000
44737,10,20000
44738,10,0
44739,10,0
44740,10,5000
44741,10,50000
44742,10,30000
44743,10,20000
44744,10,0
44745,10,0
44746,10,30000
44747,10,20000
44748,10,5000
44749,10,10000
44750,10,5000
44751,10,5000
44752,10,10000
44753,10,0
44754,10,0
44755,10,0
44756,10,30000
44757,10,10000
44758,10,20000
44759,10,20000
44760,10,10000
44761,10,10000
44762,10,0
44763,10,0
44764,10,5000
44765,10,10000
44766,10,50000
44767,10,0
44768,10,5000
44769,10,0
44770,10,20000
44771,10,5000
44772,10,40000
44773,10,0
44774,10,30000
44775,10,50000
44776,10,20000
44777,10,5000
44778,10,5000
44779,10,40000
44780,10,20000
44781,10,0
44782,10,0
44783,10,20000
44784,10,20000
44785,10,40000
44786,10,10000
44787,10,30000
44788,10,20000
44789,10,0
44790,10,40000
44791,10,0
44792,10,40000
44793,10,5000
44794,10,20000
44795,10,0
44796,10,5000
44797,10,50000
44798,10,0
44799,10,0
44800,10,0
44801,10,50000
44802,10,10000
44803,10,50000
44804,10,30000
44805,10,20000
44806,10,50000
44807,10,10000
44808,10,30000
44809,10,50000
44810,10,0
44811,10,50000
44812,10,0
44813,10,30000
44814,10,20000
44815,10,5000
44816,10,0
44817,10,0
44818,10,0
44819,10,40000
44820,10,5000
44821,10,10000
44822,10,0
44823,10,50000
44824,10,30000
44825,10,10000
44826,10,10000
44827,10,10000
44828,10,0
44829,10,40000
44830,10,50000
44831,10,40000
44832,10,50000
44833,10,40000
44834,10,40000
44835,10,30000
44836,10,0
44837,10,0
44838,10,50000
44839,10,30000
44840,10,10000
44841,10,0
44842,10,0
44843,10,20000
44844,10,10
44845,10,10000
44846,10,5000
44847,10,50000
44848,10,40000
44849,10,5000
44850,10,30000
44851,10,50000
44852,10,10000
44853,10,5000
44854,10,5000
44855,10,40000
44856,10,50000
44857,10,20000
44858,10,30000
44859,10,40000
44860,10,20000
44861,10,10000
44862,10,0
44863,10,0
44864,10,30000
44865,10,20000
44866,10,5000
44867,10,40000
44868,10,40000
44869,10,5000
44870,10,10000
44871,10,50000
44872,10,30000
44873,10,10000
44874,10,5000
44875,10,50000
44876,10,0
44877,10,0
44878,10,0
44879,10,0
44880,10,0
44881,10,50000
44882,10,30000
44883,10,5000
44884,10,50000
44885,10,20000
44886,10,10000
44887,10,10000
44888,10,10000
44889,10,20000
44890,10,20000
44891,10,10000
44892,10,10000
44893,10,5000
44894,10,30000
44895,10,0
44896,10,0
44897,10,50000
44898,10,30000
44899,10,50000
44900,10,10000
44901,10,0
44902,10,10000
44903,10,40000
44904,10,10000
44905,10,5000
44906,10,0
44907,10,30000
44908,10,30000
44909,10,30000
44910,10,10000
44911,10,30000
44912,10,10000
44913,10,30000
44914,10,40000
44915,10,50000
44916,10,10000
44917,10,5000
44918,10,50000
44919,10,5000
44920,10,40000
44921,10,30000
44922,10,10000
44923,10,5000
44924,10,40000
44925,10,0
44926,10,20000
44927,10,0
44928,10,50000
44929,10,50000
44930,10,50000
44931,10,10
44932,10,5000
44933,10,0
44934,10,30000
44935,10,0
44936,10,0
44937,10,40000
44938,10,20000
44939,10,10000
44940,10,5000
44941,10,50000
44942,10,5000
44943,10,40000
44944,10,0
44945,10,20000
44946,10,10000
44947,10,40000
44948,10,50000
44949,10,10000
44950,10,50000
44951,10,30000
44952,10,0
44953,10,40000
44954,10,30000
44955,10,20000
44956,10,30000
44957,10,0
44958,10,20000
44959,10,50000
44960,10,0
44961,10,0
44962,10,0
44963,10,50000
44964,10,0
44965,10,50000
44966,10,0
44967,10,5000
44968,10,0
44969,10,20000
44970,10,50000
44971,10,5000
44972,10,5000
44973,10,10000
44974,10,30000
44975,10,30000
44976,10,5000
44977,10,20000
44978,10,0
44979,10,20000
44980,10,0
44981,10,50000
44982,10,20000
44983,10,20000
44984,10,0
44985,10,0
44986,10,0
44987,10,40000
44988,10,30000
44989,10,20000
44990,10,10000
44991,10,5000
44992,10,10000
44993,10,40000
44994,10,40000
44995,10,20000
44996,10,0
44997,10,5000
44998,10,30000
44999,10,20000
45000,10,0
45001,10,30000
45002,10,0
45003,10,50000
45004,10,5000
45005,10,40000
45006,10,40000
45007,10,40000
45008,10,50000
45009,10,0
45010,10,0
45011,10,10000
45012,10,50000
45013,10,5000
45014,10,20000
45015,10,0
45016,10,30000
45017,10,10000
45018,10,10000
45019,10,20000
45020,10,0
45021,10,10000
45022,10,30000
45023,10,20000
45024,10,30000
45025,10,0
45026,10,0
45027,10,0
45028,10,20000
45029,10,30000
45030,10,10000
45031,10,5000
45032,10,50000
45033,10,10000
45034,10,5000
45035,10,10000
45036,10,40000
45037,10,20000
45038,10,50000
45039,10,0
45040,10,30000
45041,10,30000
45042,10,30000
45043,10,0
45044,10,0
45045,10,20000
45046,10,0
45047,10,50000
45048,10,20000
45049,10,20000
45050,10,40000
45051,10,20000
45052,10,40000
45053,10,10000
45054,10,50000
45055,10,50000
45056,10,20000
45057,10,10000
45058,10,5000
45059,10,5000
45060,10,0
45061,10,10000
45062,10,0
45063,10,40000
45064,10,5000
45065,10,50000
45066,10,40000
45067,10,0
45068,10,0
45069,10,40000
45070,10,50000
45071,10,40000
45072,10,50000
45073,10,5000
45074,10,20000
45075,10,30000
45076,10,0
45077,10,0
45078,10,30000
45079,10,5000
45080,10,50000
45081,10,30000
45082,10,30000
45083,10,5000
45084,10,0
45085,10,5000
45086,10,0
45087,10,40000
45088,10,20000
45089,10,40000
45090,10,0
45091,10,0
45092,10,0
45093,10,40000
45094,10,20000
45095,10,10000
45096,10,0
45097,10,40000
45098,10,5000
45099,10,0
45100,10,30000
45101,10,30000
45102,10,0
45103,10,0
45104,10,40000
45105,10,0
45106,10,30000
45107,10,50000
45108,10,0
45109,10,20000
45110,10,50000
45111,10,10000
45112,10,0
45113,10,30000
45114,10,50000
45115,10,20000
45116,10,5000
45117,10,20000
45118,10,30000
45119,10,20000
45120,10,10000
45121,10,10000
45122,10,10000
45123,10,0
45124,10,50000
45125,10,0
45126,10,0
45127,10,10000
45128,10,5000
45129,10,0
45130,10,0
45131,10,30000
45132,10,10000
45133,10,5000
45134,10,30000
45135,10,0
45136,10,20000
45137,10,30000
45138,10,20000
45139,10,50000
45140,10,0
45141,10,40000
45142,10,30000
45143,10,30000
45144,10,20000
45145,10,5000
45146,10,30000
45147,10,10000
45148,10,10000
45149,10,0
45150,10,30000
45151,10,20000
45152,10,30000
45153,10,20000
45154,10,20000
45155,10,5000
45156,10,0
45157,10,50000
45158,10,0
45159,10,30000
45160,10,20000
45161,10,20000
45162,10,50000
45163,10,50000
45164,10,30000
45165,10,0
45166,10,20000
45167,10,20000
45168,10,10000
45169,10,50000
45170,10,30000
45171,10,40000
45172,10,50000
45173,10,50000
45174,10,5000
45175,10,20000
45176,10,20000
45177,10,10000
45178,10,5000
45179,10,40000
45180,10,50000
45181,10,0
45182,10,50000
45183,10,50000
45184,10,40000
45185,10,40000
45186,10,20000
45187,10,0
45188,10,20000
45189,10,0
45190,10,20000
45191,10,30000
45192,10,30000
45193,10,0
45194,10,0
45195,10,10000
45196,10,10000
45197,10,0
45198,10,30000
45199,10,50000
45200,10,5000
45201,10,0
45202,10,30000
45203,10,0
45204,10,0
45205,10,20000
45206,10,20000
45207,10,20000
45208,10,0
45209,10,20000
45210,10,0
45211,10,30000
45212,10,0
45213,10,50000
45214,10,0
45215,10,0
45216,10,5000
45217,10,0
45218,10,5000
45219,10,0
45220,10,10000
45221,10,30000
45222,10,30000
45223,10,30000
45224,10,30000
45225,10,50000
45226,10,50000
45227,10,20000
45228,10,30000
45229,10,40000
45230,10,0
45231,10,0
45232,10,20000
45233,10,0
45234,10,10000
45235,10,0
45236,10,50000
45237,10,5000
45238,10,0
45239,10,50000
45240,10,30000
45241,10,0
45242,10,0
45243,10,0
45244,10,50000
45245,10,30000
45246,10,0
45247,10,40000
45248,10,20000
45249,10,50000
45250,10,30000
45251,10,0
45252,10,10000
45253,10,0
45254,10,10000
45255,10,20000
45256,10,20000
45257,10,30000
45258,10,10000
45259,10,0
45260,10,0
45261,10,40000
45262,10,20000
45263,10,0
45264,10,40000
45265,10,10000
45266,10,50000
45267,10,0
45268,10,20000
45269,10,50000
45270,10,20000
45271,10,30000
45272,10,50000
45273,10,30000
45274,10,40000
45275,10,20000
45276,10,50000
45277,10,50000
45278,10,30000
45279,10,0
45280,10,0
45281,10,20000
45282,10,30000
45283,10,30000
45284,10,5000
45285,10,50000
45286,10,30000
45287,10,50000
45288,10,0
45289,10,0
45290,10,50000
45291,10,50000
45292,10,40000
45293,10,30000
45294,10,20000
45295,10,5000
45296,10,50000
45297,10,10000
45298,10,20000
45299,10,5000
45300,10,0
45301,10,10000
45302,10,5000
45303,10,5000
45304,10,30000
45305,10,0
45306,10,50000
45307,10,0
45308,10,50000
45309,10,30000
45310,10,40000
45311,10,20000
45312,10,0
45313,10,20000
45314,10,0
45315,10,10000
45316,10,40000
45317,10,20000
45318,10,30000
45319,10,40000
45320,10,50000
45321,10,0
45322,10,0
45323,10,30000
45324,10,0
45325,10,40000
45326,10,40000
45327,10,20000
45328,10,10000
45329,10,50000
45330,10,5000
45331,10,50000
45332,10,50000
45333,10,0
45334,10,5000
45335,10,0
45336,10,10000
45337,10,30000
45338,10,0
45339,10,0
45340,10,50000
45341,10,40000
45342,10,10000
45343,10,0
45344,10,0
45345,10,50000
45346,10,50000
45347,10,10000
45348,10,50000
45349,10,50000
45350,10,5000
45351,10,5000
45352,10,30000
45353,10,0
45354,10,20000
45355,10,30000
45356,10,30000
45357,10,20000
45358,10,20000
45359,10,30000
45360,10,20000
45361,10,5000
45362,10,30000
45363,10,5000
45364,10,30000
45365,10,20000
45366,10,30000
45367,10,30000
45368,10,5000
45369,10,30000
45370,10,5000
45371,10,40000
45372,10,20000
45373,10,50000
45374,10,0
45375,10,10000
45376,10,0
45377,10,5000
45378,10,20000
45379,10,10000
45380,10,30000
45381,10,50000
45382,10,0
45383,10,0
45384,10,10000
45385,10,20000
45386,10,10000
45387,10,30000
45388,10,30000
45389,10,30000
45390,10,40000
45391,10,50000
45392,10,0
45393,10,40000
45394,10,20000
45395,10,10000
45396,10,0
45397,10,50000
45398,10,30000
45399,10,30000
45400,10,20000
45401,10,10000
45402,10,50000
45403,10,10000
45404,10,30000
45405,10,50000
45406,10,20000
45407,10,0
45408,10,0
45409,10,30000
45410,10,0
45411,10,0
45412,10,10000
45413,10,50000
45414,10,0
45415,10,5000
45416,10,30000
45417,10,40000
45418,10,10000
45419,10,0
45420,10,0
45421,10,30000
45422,10,10000
45423,10,40000
45424,10,0
45425,10,50000
45426,10,0
45427,10,0
45428,10,10000
45429,10,20000
45430,10,0
45431,10,20000
45432,10,0
45433,10,0
45434,10,40000
45435,10,20000
45436,10,50000
45437,10,50000
45438,10,10000
45439,10,20000
45440,10,0
45441,10,0
45442,10,20000
45443,10,0
45444,10,40000
45445,10,40000
45446,10,20000
45447,10,0
45448,10,30000
45449,10,5000
45450,10,5000
45451,10,40000
45452,10,20000
45453,10,10000
45454,10,20000
45455,10,0
45456,10,5000
45457,10,0
45458,10,50000
45459,10,20000
45460,10,0
45461,10,30000
45462,10,20000
45463,10,5000
45464,10,40000
45465,10,20000
45466,10,20000
45467,10,10000
45468,10,20000
45469,10,30000
45470,10,30000
45471,10,40000
45472,10,30000
45473,10,30000
45474,10,30000
45475,10,0
45476,10,0
45477,10,40000
45478,10,50000
45479,10,50000
45480,10,0
45481,10,0
45482,10,0
45483,10,20000
45484,10,20000
45485,10,0
45486,10,10000
45487,10,50000
45488,10,30000
45489,10,0
45490,10,40000
45491,10,50000
45492,10,40000
45493,10,0
45494,10,0
45495,10,0
45496,10,0
45497,10,5000
45498,10,10000
45499,10,5000
45500,10,40000
45501,10,5000
45502,10,30000
45503,10,0
45504,10,5000
45505,10,10000
45506,10,10000
45507,10,0
45508,10,0
45509,10,40000
45510,10,40000
45511,10,5000
45512,10,50000
45513,10,5000
45514,10,10000
45515,10,0
45516,10,0
45517,10,0
45518,10,0
45519,10,10000
45520,10,30000
45521,10,40000
45522,10,10000
45523,10,20000
45524,10,30000
45525,10,40000
45526,10,20000
45527,10,0
45528,10,10000
45529,10,0
45530,10,50000
45531,10,0
45532,10,20000
45533,10,40000
45534,10,20000
45535,10,5000
45536,10,0
45537,10,0
45538,10,40000
45539,10,20000
45540,10,40000
45541,10,10000
45542,10,30000
45543,10,0
45544,10,5000
45545,10,30000
45546,10,50000
45547,10,30000
45548,10,30000
45549,10,50000
45550,10,20000
45551,10,50000
45552,10,30000
45553,10,10000
45554,10,30000
45555,10,20000
45556,10,5000
45557,10,10000
45558,10,40000
45559,10,20000
45560,10,20000
45561,10,40000
45562,10,20000
45563,10,20000
45564,10,20000
45565,10,30000
45566,10,40000
45567,10,30000
45568,10,40000
45569,10,10000
45570,10,0
45571,10,5000
45572,10,20000
45573,10,0
45574,10,20000
45575,10,5000
45576,10,10000
45577,10,40000
45578,10,10
45579,10,50000
45580,10,30000
45581,10,30000
45582,10,0
45583,10,20000
45584,10,10000
45585,10,0
45586,10,20000
45587,10,50000
45588,10,20000
45589,10,5000
45590,10,10000
45591,10,10000
45592,10,0
45593,10,10000
45594,10,50000
45595,10,20000
45596,10,30000
45597,10,0
45598,10,0
45599,10,10000
45600,10,0
45601,10,10000
45602,10,50000
45603,10,0
45604,10,10000
45605,10,5000
45606,10,30000
45607,10,0
45608,10,0
45609,10,50000
45610,10,0
45611,10,0
45612,10,5000
45613,10,40000
45614,10,0
45615,10,10000
45616,10,5000
45617,10,10000
45618,10,10000
45619,10,10000
45620,10,40000
45621,10,30000
45622,10,30000
45623,10,0
45624,10,0
45625,10,5000
45626,10,50000
45627,10,10000
45628,10,30000
45629,10,30000
45630,10,0
45631,10,40000
45632,10,5000
45633,10,5000
45634,10,50000
45635,10,20000
45636,10,50000
45637,10,40000
45638,10,30000
45639,10,0
45640,10,0
45641,10,0
45642,10,0
45643,10,50000
45644,10,20000
45645,10,0
45646,10,50000
45647,10,5000
45648,10,20000
45649,10,30000
45650,10,5000
45651,10,10000
45652,10,40000
45653,10,10000
45654,10,10000
45655,10,30000
45656,10,30000
45657,10,50000
45658,10,0
45659,10,40000
45660,10,20000
45661,10,20000
45662,10,0
45663,10,5000
45664,10,0
45665,10,30000
45666,10,50000
45667,10,50000
45668,10,0
45669,10,0
45670,10,0
45671,10,30000
45672,10,10000
45673,10,30000
45674,10,10000
45675,10,0
45676,10,20000
45677,10,30000
45678,10,50000
45679,10,30000
45680,10,50000
45681,10,20000
45682,10,50000
45683,10,0
45684,10,0
45685,10,5000
45686,10,20000
45687,10,20000
45688,10,30000
45689,10,0
45690,10,20000
45691,10,20000
45692,10,20000
45693,10,30000
45694,10,50000
45695,10,10000
45696,10,50000
45697,10,20000
45698,10,30000
45699,10,0
45700,10,30000
45701,10,0
45702,10,30000
45703,10,20000
45704,10,30000
45705,10,10000
45706,10,30000
45707,10,40000
45708,10,10000
45709,10,0
45710,10,40000
45711,10,40000
45712,10,10000
45713,10,0
45714,10,10000
45715,10,10000
45716,10,40000
45717,10,0
45718,10,40000
45719,10,20000
45720,10,50000
45721,10,20000
45722,10,20000
45723,10,50000
45724,10,10000
45725,10,50000
45726,10,0
45727,10,5000
45728,10,30000
45729,10,0
45730,10,50000
45731,10,0
45732,10,0
45733,10,5000
45734,10,5000
45735,10,0
45736,10,10000
45737,10,30000
45738,10,5000
45739,10,30000
45740,10,0
45741,10,30000
45742,10,50000
45743,10,50000
45744,10,50000
45745,10,0
45746,10,30000
45747,10,40000
45748,10,50000
45749,10,20000
45750,10,0
45751,10,0
45752,10,30000
45753,10,20000
45754,10,50000
45755,10,0
45756,10,20000
45757,10,0
45758,10,40000
45759,10,30000
45760,10,30000
45761,10,20000
45762,10,5000
45763,10,30000
45764,10,10000
45765,10,0
45766,10,20000
45767,10,0
45768,10,50000
45769,10,20000
45770,10,10000
45771,10,30000
45772,10,0
45773,10,40000
45774,10,50000
45775,10,50000
45776,10,40000
45777,10,40000
45778,10,0
45779,10,20000
45780,10,0
45781,10,0
45782,10,50000
45783,10,40000
45784,10,5000
45785,10,10000
45786,10,30000
45787,10,30000
45788,10,50000
45789,10,0
45790,10,10000
45791,10,5000
45792,10,50000
45793,10,0
45794,10,0
45795,10,0
45796,10,0
45797,10,10000
45798,10,20000
45799,10,0
45800,10,0
45801,10,5000
45802,10,0
45803,10,0
45804,10,5000
45805,10,10000
45806,10,0
45807,10,50000
45808,10,40000
45809,10,0
45810,10,50000
45811,10,50000
45812,10,20000
45813,10,10000
45814,10,30000
45815,10,0
45816,10,30000
45817,10,40000
45818,10,50000
45819,10,10000
45820,10,50000
45821,10,10000
45822,10,0
45823,10,0
45824,10,0
45825,10,20000
45826,10,30000
45827,10,5000
45828,10,50000
45829,10,50000
45830,10,50000
45831,10,10000
45832,10,50000
45833,10,40000
45834,10,10000
45835,10,10000
45836,10,20000
45837,10,20000
45838,10,30000
45839,10,50000
45840,10,30000
45841,10,50000
45842,10,5000
45843,10,20000
45844,10,10000
45845,10,10000
45846,10,20000
45847,10,20000
45848,10,0
45849,10,10000
45850,10,0
45851,10,20000
45852,10,10000
45853,10,0
45854,10,0
45855,10,40000
45856,10,5000
45857,10,20000
45858,10,50000
45859,10,20000
45860,10,30000
45861,10,40000
45862,10,40000
45863,10,5000
45864,10,30000
45865,10,10000
45866,10,0
45867,10,30000
45868,10,20000
45869,10,10
45870,10,20000
45871,10,30000
45872,10,50000
45873,10,5000
45874,10,50000
45875,10,0
45876,10,30000
45877,10,50000
45878,10,0
45879,10,30000
45880,10,20000
45881,10,30000
45882,10,50000
45883,10,50000
45884,10,20000
45885,10,30000
45886,10,30000
45887,10,30000
45888,10,5000
45889,10,50000
45890,10,0
45891,10,0
45892,10,5000
45893,10,10
45894,10,30000
45895,10,40000
45896,10,30000
45897,10,0
45898,10,10000
45899,10,20000
45900,10,0
45901,10,5000
45902,10,0
45903,10,0
45904,10,20000
45905,10,5000
45906,10,0
45907,10,0
45908,10,0
45909,10,30000
45910,10,0
45911,10,30000
45912,10,30000
45913,10,40000
45914,10,30000
45915,10,40000
45916,10,0
45917,10,30000
45918,10,5000
45919,10,40000
45920,10,0
45921,10,0
45922,10,20000
45923,10,0
45924,10,10000
45925,10,30000
45926,10,0
45927,10,0
45928,10,0
45929,10,40000
45930,10,0
45931,10,10000
45932,10,0
45933,10,30000
45934,10,20000
45935,10,20000
45936,10,40000
45937,10,50000
45938,10,10000
45939,10,50000
45940,10,30000
45941,10,30000
45942,10,50000
45943,10,50000
45944,10,10000
45945,10,20000
45946,10,40000
45947,10,30000
45948,10,10000
45949,10,40000
45950,10,20000
45951,10,0
45952,10,0
45953,10,30000
45954,10,20000
45955,10,10000
45956,10,30000
45957,10,40000
45958,10,5000
45959,10,10000
45960,10,30000
45961,10,30000
45962,10,50000
45963,10,40000
45964,10,0
45965,10,5000
45966,10,5000
45967,10,5000
45968,10,30000
45969,10,0
45970,10,30000
45971,10,30000
45972,10,0
45973,10,30000
45974,10,0
45975,10,30000
45976,10,20000
45977,10,0
45978,10,30000
45979,10,30000
45980,10,30000
45981,10,50000
45982,10,30000
45983,10,40000
45984,10,50000
45985,10,20000
45986,10,20000
45987,10,30000
45988,10,30000
45989,10,50000
45990,10,40000
45991,10,0
45992,10,40000
45993,10,40000
45994,10,0
45995,10,50000
45996,10,10000
45997,10,10000
45998,10,20000
45999,10,0
46000,10,5000
46001,10,20000
46002,10,0
46003,10,50000
46004,10,0
46005,10,0
46006,10,20000
46007,10,50000
46008,10,30000
46009,10,0
46010,10,30000
46011,10,50000
46012,10,40000
46013,10,0
46014,10,10000
46015,10,20000
46016,10,0
46017,10,0
46018,10,50000
46019,10,0
46020,10,10000
46021,10,20000
46022,10,50000
46023,10,0
46024,10,0
46025,10,0
46026,10,30000
46027,10,0
46028,10,50000
46029,10,30000
46030,10,0
46031,10,10000
46032,10,50000
46033,10,30000
46034,10,20000
46035,10,0
46036,10,30000
46037,10,0
46038,10,20000
46039,10,50000
46040,10,40000
46041,10,0
46042,10,50000
46043,10,40000
46044,10,50000
46045,10,30000
46046,10,30000
46047,10,20000
46048,10,0
46049,10,0
46050,10,0
46051,10,0
46052,10,30000
46053,10,20000
46054,10,0
46055,10,0
46056,10,0
46057,10,0
46058,10,50000
46059,10,30000
46060,10,0
46061,10,10000
46062,10,0
46063,10,0
46064,10,40000
46065,10,30000
46066,10,0
46067,10,5000
46068,10,30000
46069,10,0
46070,10,30000
46071,10,30000
46072,10,30000
46073,10,10000
46074,10,20000
46075,10,5000
46076,10,30000
46077,10,20000
46078,10,50000
46079,10,20000
46080,10,40000
46081,10,0
46082,10,30000
46083,10,50000
46084,10,20000
46085,10,20000
46086,10,10000
46087,10,20000
46088,10,0
46089,10,0
46090,10,30000
46091,10,0
46092,10,0
46093,10,40000
46094,10,10000
46095,10,0
46096,10,30000
46097,10,10000
46098,10,10000
46099,10,40000
46100,10,20000
46101,10,30000
46102,10,5000
46103,10,30000
46104,10,50000
46105,10,20000
46106,10,0
46107,10,5000
46108,10,0
46109,10,5000
46110,10,10000
46111,10,20000
46112,10,30000
46113,10,5000
46114,10,10000
46115,10,50000
46116,10,0
46117,10,10000
46118,10,20000
46119,10,50000
46120,10,40000
46121,10,5000
46122,10,50000
46123,10,0
46124,10,0
46125,10,0
46126,10,0
46127,10,5000
46128,10,30000
46129,10,20000
46130,10,40000
46131,10,40000
46132,10,0
46133,10,0
46134,10,0
46135,10,0
46136,10,10000
46137,10,20000
46138,10,30000
46139,10,10000
46140,10,0
46141,10,0
46142,10,0
46143,10,10000
46144,10,50000
46145,10,20000
46146,10,30000
46147,10,30000
46148,10,50000
46149,10,0
46150,10,50000
46151,10,0
46152,10,30000
46153,10,0
46154,10,20000
46155,10,10000
46156,10,40000
46157,10,10000
46158,10,0
46159,10,40000
46160,10,30000
46161,10,0
46162,10,10000
46163,10,0
46164,10,5000
46165,10,0
46166,10,30000
46167,10,30000
46168,10,20000
46169,10,0
46170,10,0
46171,10,0
46172,10,0
46173,10,50000
46174,10,20000
46175,10,30000
46176,10,50000
46177,10,30000
46178,10,5000
46179,10,40000
46180,10,0
46181,10,30000
46182,10,5000
46183,10,0
46184,10,10000
46185,10,0
46186,10,50000
46187,10,20000
46188,10,30000
46189,10,5000
46190,10,20000
46191,10,50000
46192,10,40000
46193,10,30000
46194,10,0
46195,10,40000
46196,10,20000
46197,10,50000
46198,10,50000
46199,10,30000
46200,10,40000
46201,10,10000
46202,10,50000
46203,10,0
46204,10,0
46205,10,0
46206,10,0
46207,10,20000
46208,10,0
46209,10,10000
46210,10,10000
46211,10,0
46212,10,30000
46213,10,0
46214,10,20000
46215,10,20000
46216,10,40000
46217,10,0
46218,10,0
46219,10,10000
46220,10,0
46221,10,0
46222,10,50000
46223,10,50000
46224,10,20000
46225,10,0
46226,10,5000
46227,10,10000
46228,10,10000
46229,10,50000
46230,10,50000
46231,10,30000
46232,10,50000
46233,10,20000
46234,10,50000
46235,10,0
46236,10,5000
46237,10,10000
46238,10,20000
46239,10,20000
46240,10,20000
46241,10,40000
46242,10,0
46243,10,0
46244,10,50000
46245,10,5000
46246,10,10000
46247,10,20000
46248,10,40000
46249,10,20000
46250,10,0
46251,10,50000
46252,10,5000
46253,10,5000
46254,10,20000
46255,10,0
46256,10,20000
46257,10,0
46258,10,5000
46259,10,20000
46260,10,0
46261,10,40000
46262,10,30000
46263,10,10000
46264,10,0
46265,10,30000
46266,10,30000
46267,10,50000
46268,10,0
46269,10,20000
46270,10,50000
46271,10,40000
46272,10,30000
46273,10,10000
46274,10,30000
46275,10,0
46276,10,20000
46277,10,5000
46278,10,50000
46279,10,30000
46280,10,0
46281,10,40000
46282,10,30000
46283,10,30000
46284,10,0
46285,10,10000
46286,10,20000
46287,10,10000
46288,10,40000
46289,10,40000
46290,10,0
46291,10,5000
46292,10,5000
46293,10,50000
46294,10,30000
46295,10,10000
46296,10,40000
46297,10,0
46298,10,10000
46299,10,0
46300,10,0
46301,10,10000
46302,10,20000
46303,10,0
46304,10,0
46305,10,20000
46306,10,50000
46307,10,10000
46308,10,20000
46309,10,50000
46310,10,0
46311,10,0
46312,10,0
46313,10,40000
46314,10,0
46315,10,0
46316,10,0
46317,10,50000
46318,10,0
46319,10,50000
46320,10,20000
46321,10,0
46322,10,0
46323,10,10000
46324,10,0
46325,10,20000
46326,10,40000
46327,10,30000
46328,10,20000
46329,10,20000
46330,10,0
46331,10,30000
46332,10,50000
46333,10,30000
46334,10,30000
46335,10,50000
46336,10,40000
46337,10,5000
46338,10,10000
46339,10,20000
46340,10,40000
46341,10,5000
46342,10,20000
46343,10,0
46344,10,10000
46345,10,50000
46346,10,5000
46347,10,0
46348,10,0
46349,10,30000
46350,10,5000
46351,10,5000
46352,10,0
46353,10,5000
46354,10,0
46355,10,50000
46356,10,0
46357,10,0
46358,10,40000
46359,10,20000
46360,10,20000
46361,10,10000
46362,10,10000
46363,10,0
46364,10,50000
46365,10,20000
46366,10,30000
46367,10,20000
46368,10,40000
46369,10,0
46370,10,0
46371,10,0
46372,10,50000
46373,10,20000
46374,10,5000
46375,10,5000
46376,10,20000
46377,10,0
46378,10,10000
46379,10,30000
46380,10,0
46381,10,0
46382,10,20000
46383,10,0
46384,10,20000
46385,10,50000
46386,10,10000
46387,10,20000
46388,10,40000
46389,10,5000
46390,10,50000
46391,10,30000
46392,10,10000
46393,10,10000
46394,10,50000
46395,10,50000
46396,10,20000
46397,10,20000
46398,10,0
46399,10,20000
46400,10,20000
46401,10,20000
46402,10,50000
46403,10,50000
46404,10,0
46405,10,20000
46406,10,50000
46407,10,40000
46408,10,50000
46409,10,40000
46410,10,0
46411,10,10000
46412,10,30000
46413,10,0
46414,10,30000
46415,10,20000
46416,10,0
46417,10,0
46418,10,0
46419,10,50000
46420,10,30000
46421,10,20000
46422,10,5000
46423,10,5000
46424,10,20000
46425,10,0
46426,10,0
46427,10,30000
46428,10,30000
46429,10,50000
46430,10,5000
46431,10,30000
46432,10,50000
46433,10,0
46434,10,30000
46435,10,50000
46436,10,0
46437,10,50000
46438,10,5000
46439,10,40000
46440,10,10000
46441,10,0
46442,10,20000
46443,10,0
46444,10,30000
46445,10,30000
46446,10,50000
46447,10,5000
46448,10,50000
46449,10,0
46450,10,20000
46451,10,0
46452,10,30000
46453,10,50000
46454,10,40000
46455,10,50000
46456,10,30000
46457,10,40000
46458,10,30000
46459,10,5000
46460,10,50000
46461,10,50000
46462,10,5000
46463,10,40000
46464,10,20000
46465,10,40000
46466,10,50000
46467,10,50000
46468,10,10000
46469,10,5000
46470,10,20000
46471,10,30000
46472,10,5000
46473,10,10000
46474,10,40000
46475,10,5000
46476,10,10000
46477,10,30000
46478,10,30000
46479,10,0
46480,10,40000
46481,10,30000
46482,10,0
46483,10,50000
46484,10,10000
46485,10,10000
46486,10,50000
46487,10,5000
46488,10,50000
46489,10,40000
46490,10,30000
46491,10,30000
46492,10,40000
46493,10,5000
46494,10,0
46495,10,30000
46496,10,5000
46497,10,0
46498,10,5000
46499,10,30000
46500,10,40000
46501,10,50000
46502,10,5000
46503,10,5000
46504,10,40000
46505,10,10000
46506,10,50000
46507,10,30000
46508,10,50000
46509,10,40000
46510,10,20000
46511,10,50000
46512,10,0
46513,10,5000
46514,10,40000
46515,10,0
46516,10,20000
46517,10,0
46518,10,40000
46519,10,0
46520,10,10000
46521,10,0
46522,10,0
46523,10,20000
46524,10,20000
46525,10,20000
46526,10,0
46527,10,10000
46528,10,0
46529,10,50000
46530,10,0
46531,10,50000
46532,10,0
46533,10,30000
46534,10,30000
46535,10,20000
46536,10,30000
46537,10,20000
46538,10,5000
46539,10,50000
46540,10,0
46541,10,30000
46542,10,30000
46543,10,10
46544,10,0
46545,10,0
46546,10,0
46547,10,30000
46548,10,5000
46549,10,5000
46550,10,40000
46551,10,40000
46552,10,50000
46553,10,5000
46554,10,20000
46555,10,30000
46556,10,0
46557,10,20000
46558,10,10000
46559,10,0
46560,10,30000
46561,10,30000
46562,10,40000
46563,10,30000
46564,10,0
46565,10,50000
46566,10,30000
46567,10,40000
46568,10,10000
46569,10,20000
46570,10,10000
46571,10,5000
46572,10,50000
46573,10,10000
46574,10,30000
46575,10,50000
46576,10,50000
46577,10,20000
46578,10,20000
46579,10,0
46580,10,0
46581,10,40000
46582,10,10000
46583,10,10000
46584,10,50000
46585,10,50000
46586,10,30000
46587,10,30000
46588,10,50000
46589,10,0
46590,10,20000
46591,10,5000
46592,10,30000
46593,10,50000
46594,10,5000
46595,10,0
46596,10,30000
46597,10,30000
46598,10,20000
46599,10,0
46600,10,5000
46601,10,50000
46602,10,5000
46603,10,30000
46604,10,30000
46605,10,10000
46606,10,5000
46607,10,30000
46608,10,10000
46609,10,0
46610,10,0
46611,10,30000
46612,10,20000
46613,10,50000
46614,10,20000
46615,10,30000
46616,10,0
46617,10,0
46618,10,30000
46619,10,0
46620,10,20000
46621,10,40000
46622,10,50000
46623,10,30000
46624,10,0
46625,10,30000
46626,10,20000
46627,10,40000
46628,10,30000
46629,10,0
46630,10,0
46631,10,20000
46632,10,5000
46633,10,40000
46634,10,5000
46635,10,50000
46636,10,20000
46637,10,0
46638,10,20000
46639,10,30000
46640,10,40000
46641,10,40000
46642,10,0
46643,10,20000
46644,10,20000
46645,10,20000
46646,10,0
46647,10,20000
46648,10,20000
46649,10,5000
46650,10,50000
46651,10,0
46652,10,40000
46653,10,40000
46654,10,50000
46655,10,0
46656,10,0
46657,10,0
46658,10,20000
46659,10,5000
46660,10,5000
46661,10,50000
46662,10,10000
46663,10,0
46664,10,0
46665,10,20000
46666,10,30000
46667,10,40000
46668,10,10000
46669,10,0
46670,10,10000
46671,10,30000
46672,10,50000
46673,10,50000
46674,10,20000
46675,10,0
46676,10,0
46677,10,10000
46678,10,30000
46679,10,0
46680,10,20000
46681,10,20000
46682,10,0
46683,10,0
46684,10,0
46685,10,0
46686,10,20000
46687,10,0
46688,10,5000
46689,10,20000
46690,10,10000
46691,10,5000
46692,10,30000
46693,10,20000
46694,10,30000
46695,10,0
46696,10,5000
46697,10,20000
46698,10,10000
46699,10,50000
46700,10,0
46701,10,30000
46702,10,20000
46703,10,40000
46704,10,20000
46705,10,10000
46706,10,40000
46707,10,40000
46708,10,5000
46709,10,20000
46710,10,50000
46711,10,30000
46712,10,50000
46713,10,0
46714,10,50000
46715,10,20000
46716,10,20000
46717,10,40000
46718,10,0
46719,10,40000
46720,10,20000
46721,10,50000
46722,10,40000
46723,10,40000
46724,10,20000
46725,10,20000
46726,10,5000
46727,10,30000
46728,10,40000
46729,10,40000
46730,10,20000
46731,10,20000
46732,10,30000
46733,10,20000
46734,10,10000
46735,10,10000
46736,10,0
46737,10,30000
46738,10,30000
46739,10,5000
46740,10,30000
46741,10,30000
46742,10,20000
46743,10,40000
46744,10,30000
46745,10,20000
46746,10,10000
46747,10,0
46748,10,30000
46749,10,5000
46750,10,0
46751,10,50000
46752,10,5000
46753,10,0
46754,10,20000
46755,10,30000
46756,10,50000
46757,10,40000
46758,10,10000
46759,10,10000
46760,10,50000
46761,10,30000
46762,10,0
46763,10,40000
46764,10,40000
46765,10,5000
46766,10,20000
46767,10,30000
46768,10,40000
46769,10,0
46770,10,5000
46771,10,10000
46772,10,0
46773,10,0
46774,10,50000
46775,10,50000
46776,10,40000
46777,10,50000
46778,10,50000
46779,10,5000
46780,10,20000
46781,10,10000
46782,10,5000
46783,10,40000
46784,10,0
46785,10,40000
46786,10,0
46787,10,5000
46788,10,30000
46789,10,0
46790,10,50000
46791,10,50000
46792,10,0
46793,10,50000
46794,10,10000
46795,10,0
46796,10,50000
46797,10,50000
46798,10,30000
46799,10,0
46800,10,20000
46801,10,10000
46802,10,20000
46803,10,30000
46804,10,30000
46805,10,20000
46806,10,5000
46807,10,0
46808,10,5000
46809,10,5000
46810,10,20000
46811,10,40000
46812,10,50000
46813,10,0
46814,10,50000
46815,10,50000
46816,10,0
46817,10,0
46818,10,5000
46819,10,0
46820,10,20000
46821,10,40000
46822,10,20000
46823,10,20000
46824,10,50000
46825,10,30000
46826,10,50000
46827,10,50000
46828,10,0
46829,10,0
46830,10,0
46831,10,30000
46832,10,10000
46833,10,5000
46834,10,0
46835,10,5000
46836,10,0
46837,10,10000
46838,10,30000
46839,10,50000
46840,10,0
46841,10,40000
46842,10,20000
46843,10,5000
46844,10,40000
46845,10,40000
46846,10,0
46847,10,30000
46848,10,50000
46849,10,50000
46850,10,5000
46851,10,0
46852,10,0
46853,10,5000
46854,10,0
46855,10,5000
46856,10,0
46857,10,0
46858,10,10000
46859,10,0
46860,10,40000
46861,10,0
46862,10,0
46863,10,40000
46864,10,30000
46865,10,20000
46866,10,0
46867,10,30000
46868,10,0
46869,10,0
46870,10,0
46871,10,40000
46872,10,0
46873,10,5000
46874,10,30000
46875,10,0
46876,10,10000
46877,10,0
46878,10,30000
46879,10,30000
46880,10,20000
46881,10,0
46882,10,0
46883,10,5000
46884,10,50000
46885,10,30000
46886,10,5000
46887,10,50000
46888,10,10000
46889,10,10000
46890,10,20000
46891,10,50000
46892,10,5000
46893,10,40000
46894,10,10000
46895,10,20000
46896,10,5000
46897,10,40000
46898,10,50000
46899,10,10000
46900,10,40000
46901,10,0
46902,10,5000
46903,10,20000
46904,10,40000
46905,10,0
46906,10,10000
46907,10,40000
46908,10,10000
46909,10,0
46910,10,0
46911,10,20000
46912,10,20000
46913,10,0
46914,10,20000
46915,10,0
46916,10,50000
46917,10,50000
46918,10,5000
46919,10,50000
46920,10,40000
46921,10,20000
46922,10,30000
46923,10,10000
46924,10,20000
46925,10,10000
46926,10,40000
46927,10,0
46928,10,5000
46929,10,30000
46930,10,40000
46931,10,0
46932,10,0
46933,10,5000
46934,10,0
46935,10,50000
46936,10,0
46937,10,50000
46938,10,50000
46939,10,50000
46940,10,10000
46941,10,10000
46942,10,5000
46943,10,0
46944,10,0
46945,10,20000
46946,10,40000
46947,10,20000
46948,10,5000
46949,10,50000
46950,10,50000
46951,10,10000
46952,10,0
46953,10,40000
46954,10,0
46955,10,50000
46956,10,10000
46957,10,50000
46958,10,50000
46959,10,5000
46960,10,0
46961,10,30000
46962,10,50000
46963,10,0
46964,10,0
46965,10,0
46966,10,20000
46967,10,0
46968,10,0
46969,10,20000
46970,10,50000
46971,10,0
46972,10,30000
46973,10,5000
46974,10,10000
46975,10,0
46976,10,0
46977,10,50000
46978,10,40000
46979,10,30000
46980,10,10000
46981,10,5000
46982,10,0
46983,10,30000
46984,10,30000
46985,10,30000
46986,10,0
46987,10,5000
46988,10,10000
46989,10,30000
46990,10,40000
46991,10,10000
46992,10,50000
46993,10,5000
46994,10,0
46995,10,30000
46996,10,20000
46997,10,20000
46998,10,0
46999,10,50000
47000,10,50000
47001,10,20000
47002,10,50000
47003,10,50000
47004,10,50000
47005,10,10000
47006,10,30000
47007,10,50000
47008,10,30000
47009,10,5000
47010,10,30000
47011,10,10
47012,10,20000
47013,10,30000
47014,10,30000
47015,10,0
47016,10,10000
47017,10,0
47018,10,5000
47019,10,20000
47020,10,0
47021,10,10000
47022,10,5000
47023,10,10000
47024,10,0
47025,10,40000
47026,10,20000
47027,10,50000
47028,10,20000
47029,10,10000
47030,10,50000
47031,10,0
47032,10,5000
47033,10,50000
47034,10,40000
47035,10,40000
47036,10,40000
47037,10,5000
47038,10,30000
47039,10,0
47040,10,5000
47041,10,0
47042,10,30000
47043,10,5000
47044,10,30000
47045,10,50000
47046,10,30000
47047,10,0
47048,10,10000
47049,10,20000
47050,10,40000
47051,10,0
47052,10,30000
47053,10,0
47054,10,10000
47055,10,50000
47056,10,30000
47057,10,5000
47058,10,10000
47059,10,0
47060,10,0
47061,10,0
47062,10,10000
47063,10,0
47064,10,30000
47065,10,10
47066,10,0
47067,10,30000
47068,10,50000
47069,10,0
47070,10,0
47071,10,5000
47072,10,0
47073,10,50000
47074,10,40000
47075,10,40000
47076,10,10000
47077,10,5000
47078,10,50000
47079,10,20000
47080,10,0
47081,10,30000
47082,10,10000
47083,10,20000
47084,10,0
47085,10,5000
47086,10,50000
47087,10,50000
47088,10,20000
47089,10,10
47090,10,30000
47091,10,0
47092,10,0
47093,10,0
47094,10,0
47095,10,20000
47096,10,30000
47097,10,20000
47098,10,10000
47099,10,20000
47100,10,20000
47101,10,10000
47102,10,30000
47103,10,20000
47104,10,10000
47105,10,0
47106,10,30000
47107,10,30000
47108,10,10000
47109,10,0
47110,10,50000
47111,10,20000
47112,10,20000
47113,10,30000
47114,10,10000
47115,10,5000
47116,10,0
47117,10,20000
47118,10,20000
47119,10,10000
47120,10,10000
47121,10,30000
47122,10,0
47123,10,0
47124,10,40000
47125,10,20000
47126,10,5000
47127,10,40000
47128,10,50000
47129,10,30000
47130,10,0
47131,10,0
47132,10,20000
47133,10,5000
47134,10,50000
47135,10,0
47136,10,0
47137,10,40000
47138,10,20000
47139,10,50000
47140,10,0
47141,10,20000
47142,10,5000
47143,10,5000
47144,10,20000
47145,10,10000
47146,10,20000
47147,10,0
47148,10,50000
47149,10,10000
47150,10,5000
47151,10,40000
47152,10,40000
47153,10,0
47154,10,50000
47155,10,0
47156,10,0
47157,10,50000
47158,10,0
47159,10,30000
47160,10,0
47161,10,10000
47162,10,10000
47163,10,20000
47164,10,50000
47165,10,30000
47166,10,0
47167,10,30000
47168,10,5000
47169,10,5000
47170,10,20000
47171,10,40000
47172,10,5000
47173,10,20000
47174,10,30000
47175,10,50000
47176,10,10000
47177,10,20000
47178,10,0
47179,10,0
47180,10,40000
47181,10,20000
47182,10,0
47183,10,0
47184,10,0
47185,10,5000
47186,10,0
47187,10,10000
47188,10,0
47189,10,30000
47190,10,50000
47191,10,20000
47192,10,40000
47193,10,0
47194,10,50000
47195,10,20000
47196,10,10000
47197,10,20000
47198,10,0
47199,10,0
47200,10,10000
47201,10,40000
47202,10,0
47203,10,30000
47204,10,0
47205,10,20000
47206,10,20000
47207,10,30000
47208,10,10000
47209,10,10000
47210,10,0
47211,10,20000
47212,10,20000
47213,10,5000
47214,10,5000
47215,10,30000
47216,10,0
47217,10,20000
47218,10,0
47219,10,0
47220,10,20000
47221,10,0
47222,10,0
47223,10,0
47224,10,50000
47225,10,30000
47226,10,20000
47227,10,10000
47228,10,30000
47229,10,50000
47230,10,0
47231,10,20000
47232,10,5000
47233,10,5000
47234,10,0
47235,10,0
47236,10,50000
47237,10,0
47238,10,10000
47239,10,10000
47240,10,40000
47241,10,20000
47242,10,10000
47243,10,30000
47244,10,0
47245,10,30000
47246,10,40000
47247,10,0
47248,10,20000
47249,10,0
47250,10,0
47251,10,0
47252,10,20000
47253,10,30000
47254,10,0
47255,10,0
47256,10,10000
47257,10,20000
47258,10,20000
47259,10,20000
47260,10,30000
47261,10,0
47262,10,0
47263,10,30000
47264,10,20000
47265,10,0
47266,10,10000
47267,10,30000
47268,10,40000
47269,10,0
47270,10,0
47271,10,10000
47272,10,50000
47273,10,10000
47274,10,50000
47275,10,5000
47276,10,0
47277,10,50000
47278,10,30000
47279,10,50000
47280,10,10
47281,10,30000
47282,10,50000
47283,10,20000
47284,10,20000
47285,10,20000
47286,10,30000
47287,10,30000
47288,10,50000
47289,10,0
47290,10,0
47291,10,20000
47292,10,0
47293,10,30000
47294,10,0
47295,10,50000
47296,10,10000
47297,10,30000
47298,10,20000
47299,10,10000
47300,10,50000
47301,10,20000
47302,10,0
47303,10,30000
47304,10,0
47305,10,30000
47306,10,30000
47307,10,30000
47308,10,0
47309,10,5000
47310,10,50000
47311,10,10000
47312,10,20000
47313,10,5000
47314,10,20000
47315,10,20000
47316,10,50000
47317,10,50000
47318,10,30000
47319,10,0
47320,10,0
47321,10,10000
47322,10,0
47323,10,0
47324,10,0
47325,10,10000
47326,10,0
47327,10,30000
47328,10,50000
47329,10,20000
47330,10,0
47331,10,0
47332,10,20000
47333,10,10000
47334,10,0
47335,10,30000
47336,10,0
47337,10,10000
47338,10,0
47339,10,40000
47340,10,50000
47341,10,5000
47342,10,0
47343,10,20000
47344,10,0
47345,10,50000
47346,10,40000
47347,10,5000
47348,10,30000
47349,10,0
47350,10,10000
47351,10,40000
47352,10,20000
47353,10,50000
47354,10,20000
47355,10,50000
47356,10,10000
47357,10,30000
47358,10,30000
47359,10,20000
47360,10,10000
47361,10,40000
47362,10,20000
47363,10,30000
47364,10,50000
47365,10,0
47366,10,40000
47367,10,0
47368,10,20000
47369,10,30000
47370,10,20000
47371,10,0
47372,10,10000
47373,10,5000
47374,10,30000
47375,10,20000
47376,10,50000
47377,10,0
47378,10,0
47379,10,50000
47380,10,10000
47381,10,30000
47382,10,50000
47383,10,30000
47384,10,50000
47385,10,50000
47386,10,20000
47387,10,30000
47388,10,10000
47389,10,20000
47390,10,10000
47391,10,50000
47392,10,40000
47393,10,5000
47394,10,40000
47395,10,40000
47396,10,10000
47397,10,30000
47398,10,40000
47399,10,0
47400,10,20000
47401,10,40000
47402,10,20000
47403,10,40000
47404,10,10000
47405,10,20000
47406,10,50000
47407,10,0
47408,10,0
47409,10,50000
47410,10,0
47411,10,0
47412,10,40000
47413,10,50000
47414,10,0
47415,10,50000
47416,10,0
47417,10,20000
47418,10,10000
47419,10,40000
47420,10,40000
47421,10,50000
47422,10,20000
47423,10,40000
47424,10,5000
47425,10,5000
47426,10,20000
47427,10,10000
47428,10,50000
47429,10,0
47430,10,0
47431,10,30000
47432,10,10000
47433,10,30000
47434,10,20000
47435,10,40000
47436,10,30000
47437,10,0
47438,10,40000
47439,10,0
47440,10,10000
47441,10,0
47442,10,0
47443,10,10000
47444,10,40000
47445,10,0
47446,10,5000
47447,10,5000
47448,10,0
47449,10,30000
47450,10,0
47451,10,20000
47452,10,0
47453,10,0
47454,10,5000
47455,10,10000
47456,10,50000
47457,10,20000
47458,10,20000
47459,10,30000
47460,10,30000
47461,10,0
47462,10,5000
47463,10,0
47464,10,30000
47465,10,20000
47466,10,20000
47467,10,0
47468,10,20000
47469,10,0
47470,10,30000
47471,10,10000
47472,10,10000
47473,10,10000
47474,10,30000
47475,10,20000
47476,10,0
47477,10,0
47478,10,5000
47479,10,50000
47480,10,30000
47481,10,5000
47482,10,5000
47483,10,10000
47484,10,50000
47485,10,0
47486,10,30000
47487,10,40000
47488,10,20000
47489,10,30000
47490,10,50000
47491,10,10000
47492,10,0
47493,10,30000
47494,10,30000
47495,10,40000
47496,10,5000
47497,10,10000
47498,10,40000
47499,10,50000
47500,10,0
47501,10,0
47502,10,0
47503,10,40000
47504,10,30000
47505,10,50000
47506,10,50000
47507,10,5000
47508,10,10000
47509,10,10000
47510,10,0
47511,10,0
47512,10,50000
47513,10,30000
47514,10,40000
47515,10,0
47516,10,50000
47517,10,0
47518,10,0
47519,10,30000
47520,10,0
47521,10,50000
47522,10,20000
47523,10,20000
47524,10,0
47525,10,0
47526,10,30000
47527,10,0
47528,10,30000
47529,10,0
47530,10,20000
47531,10,50000
47532,10,50000
47533,10,0
47534,10,10000
47535,10,50000
47536,10,40000
47537,10,20000
47538,10,30000
47539,10,30000
47540,10,0
47541,10,40000
47542,10,20000
47543,10,0
47544,10,30000
47545,10,5000
47546,10,5000
47547,10,50000
47548,10,5000
47549,10,20000
47550,10,20000
47551,10,10000
47552,10,50000
47553,10,5000
47554,10,50000
47555,10,50000
47556,10,30000
47557,10,10000
47558,10,0
47559,10,10000
47560,10,20000
47561,10,0
47562,10,20000
47563,10,20000
47564,10,20000
47565,10,20000
47566,10,50000
47567,10,10000
47568,10,10000
47569,10,30000
47570,10,0
47571,10,20000
47572,10,30000
47573,10,10000
47574,10,20000
47575,10,0
47576,10,50000
47577,10,20000
47578,10,0
47579,10,30000
47580,10,5000
47581,10,30000
47582,10,40000
47583,10,10000
47584,10,30000
47585,10,50000
47586,10,30000
47587,10,50000
47588,10,10000
47589,10,0
47590,10,30000
47591,10,0
47592,10,50000
47593,10,0
47594,10,20000
47595,10,0
47596,10,50000
47597,10,5000
47598,10,0
47599,10,0
47600,10,40000
47601,10,40000
47602,10,10000
47603,10,10000
47604,10,0
47605,10,20000
47606,10,10000
47607,10,5000
47608,10,0
47609,10,30000
47610,10,30000
47611,10,0
47612,10,20000
47613,10,0
47614,10,0
47615,10,0
47616,10,0
47617,10,5000
47618,10,40000
47619,10,50000
47620,10,0
47621,10,20000
47622,10,20000
47623,10,5000
47624,10,30000
47625,10,0
47626,10,20000
47627,10,30000
47628,10,50000
47629,10,0
47630,10,20000
47631,10,10000
47632,10,10000
47633,10,20000
47634,10,20000
47635,10,0
47636,10,0
47637,10,50000
47638,10,10000
47639,10,0
47640,10,5000
47641,10,20000
47642,10,50000
47643,10,10000
47644,10,20000
47645,10,10000
47646,10,50000
47647,10,0
47648,10,30000
47649,10,0
47650,10,5000
47651,10,40000
47652,10,40000
47653,10,10000
47654,10,20000
47655,10,20000
47656,10,30000
47657,10,0
47658,10,0
47659,10,0
47660,10,10000
47661,10,0
47662,10,0
47663,10,0
47664,10,30000
47665,10,10000
47666,10,20000
47667,10,20000
47668,10,20000
47669,10,20000
47670,10,50000
47671,10,10000
47672,10,0
47673,10,20000
47674,10,40000
47675,10,50000
47676,10,30000
47677,10,0
47678,10,0
47679,10,30000
47680,10,50000
47681,10,50000
47682,10,10000
47683,10,40000
47684,10,10000
47685,10,0
47686,10,40000
47687,10,0
47688,10,0
47689,10,10000
47690,10,0
47691,10,10000
47692,10,0
47693,10,20000
47694,10,0
47695,10,40000
47696,10,50000
47697,10,5000
47698,10,0
47699,10,0
47700,10,50000
47701,10,0
47702,10,50000
47703,10,10000
47704,10,50000
47705,10,30000
47706,10,30000
47707,10,50000
47708,10,30000
47709,10,30000
47710,10,10000
47711,10,40000
47712,10,20000
47713,10,0
47714,10,10000
47715,10,50000
47716,10,30000
47717,10,40000
47718,10,0
47719,10,30000
47720,10,20000
47721,10,10000
47722,10,20000
47723,10,50000
47724,10,10000
47725,10,50000
47726,10,50000
47727,10,50000
47728,10,0
47729,10,0
47730,10,0
47731,10,30000
47732,10,20000
47733,10,50000
47734,10,50000
47735,10,40000
47736,10,20000
47737,10,50000
47738,10,20000
47739,10,30000
47740,10,0
47741,10,20000
47742,10,40000
47743,10,30000
47744,10,0
47745,10,50000
47746,10,10000
47747,10,30000
47748,10,10000
47749,10,10000
47750,10,5000
47751,10,20000
47752,10,30000
47753,10,10000
47754,10,20000
47755,10,40000
47756,10,0
47757,10,5000
47758,10,40000
47759,10,5000
47760,10,10000
47761,10,30000
47762,10,10000
47763,10,10000
47764,10,0
47765,10,0
47766,10,40000
47767,10,50000
47768,10,5000
47769,10,40000
47770,10,5000
47771,10,50000
47772,10,50000
47773,10,50000
47774,10,10000
47775,10,10000
47776,10,0
47777,10,30000
47778,10,0
47779,10,50000
47780,10,5000
47781,10,20000
47782,10,40000
47783,10,0
47784,10,5000
47785,10,50000
47786,10,10000
47787,10,0
47788,10,5000
47789,10,5000
47790,10,0
47791,10,40000
47792,10,10000
47793,10,5000
47794,10,30000
47795,10,20000
47796,10,0
47797,10,0
47798,10,50000
47799,10,20000
47800,10,0
47801,10,30000
47802,10,50000
47803,10,40000
47804,10,10000
47805,10,0
47806,10,50000
47807,10,0
47808,10,10000
47809,10,20000
47810,10,5000
47811,10,0
47812,10,0
47813,10,0
47814,10,40000
47815,10,30000
47816,10,0
47817,10,10000
47818,10,10000
47819,10,0
47820,10,5000
47821,10,30000
47822,10,20000
47823,10,50000
47824,10,40000
47825,10,50000
47826,10,50000
47827,10,5000
47828,10,50000
47829,10,10000
47830,10,0
47831,10,0
47832,10,10000
47833,10,0
47834,10,0
47835,10,0
47836,10,40000
47837,10,20000
47838,10,0
47839,10,40000
47840,10,20000
47841,10,0
47842,10,30000
47843,10,0
47844,10,20000
47845,10,20000
47846,10,20000
47847,10,10000
47848,10,20000
47849,10,30000
47850,10,50000
47851,10,0
47852,10,50000
47853,10,10000
47854,10,0
47855,10,40000
47856,10,5000
47857,10,50000
47858,10,0
47859,10,0
47860,10,30000
47861,10,40000
47862,10,30000
47863,10,10000
47864,10,20000
47865,10,0
47866,10,0
47867,10,0
47868,10,5000
47869,10,0
47870,10,0
47871,10,50000
47872,10,0
47873,10,30000
47874,10,50000
47875,10,20000
47876,10,0
47877,10,30000
47878,10,0
47879,10,40000
47880,10,20000
47881,10,0
47882,10,0
47883,10,50000
47884,10,50000
47885,10,20000
47886,10,40000
47887,10,40000
47888,10,5000
47889,10,20000
47890,10,30000
47891,10,30000
47892,10,0
47893,10,50000
47894,10,10000
47895,10,10000
47896,10,40000
47897,10,10000
47898,10,10000
47899,10,40000
47900,10,30000
47901,10,0
47902,10,5000
47903,10,0
47904,10,50000
47905,10,0
47906,10,40000
47907,10,20000
47908,10,40000
47909,10,0
47910,10,20000
47911,10,0
47912,10,5000
47913,10,30000
47914,10,20000
47915,10,30000
47916,10,40000
47917,10,30000
47918,10,30000
47919,10,30000
47920,10,50000
47921,10,20000
47922,10,0
47923,10,50000
47924,10,20000
47925,10,0
47926,10,40000
47927,10,20000
47928,10,50000
47929,10,0
47930,10,5000
47931,10,20000
47932,10,0
47933,10,20000
47934,10,0
47935,10,5000
47936,10,40000
47937,10,0
47938,10,0
47939,10,20000
47940,10,50000
47941,10,30000
47942,10,0
47943,10,0
47944,10,0
47945,10,10000
47946,10,50000
47947,10,30000
47948,10,20000
47949,10,40000
47950,10,40000
47951,10,40000
47952,10,10000
47953,10,20000
47954,10,0
47955,10,20000
47956,10,0
47957,10,0
47958,10,5000
47959,10,30000
47960,10,30000
47961,10,0
47962,10,50000
47963,10,50000
47964,10,0
47965,10,30000
47966,10,0
47967,10,40000
47968,10,0
47969,10,40000
47970,10,5000
47971,10,5000
47972,10,30000
47973,10,50000
47974,10,5000
47975,10,20000
47976,10,50000
47977,10,20000
47978,10,50000
47979,10,0
47980,10,20000
47981,10,0
47982,10,40000
47983,10,5000
47984,10,10
47985,10,0
47986,10,0
47987,10,20000
47988,10,0
47989,10,30000
47990,10,0
47991,10,0
47992,10,20000
47993,10,0
47994,10,10000
47995,10,10000
47996,10,50000
47997,10,20000
47998,10,0
47999,10,30000
48000,10,20000
48001,10,10000
48002,10,5000
48003,10,10000
48004,10,20000
48005,10,5000
48006,10,50000
48007,10,20000
48008,10,50000
48009,10,30000
48010,10,0
48011,10,20000
48012,10,20000
48013,10,0
48014,10,5000
48015,10,0
48016,10,30000
48017,10,0
48018,10,10000
48019,10,30000
48020,10,0
48021,10,50000
48022,10,5000
48023,10,20000
48024,10,20000
48025,10,0
48026,10,0
48027,10,5000
48028,10,5000
48029,10,30000
48030,10,30000
48031,10,5000
48032,10,0
48033,10,50000
48034,10,0
48035,10,5000
48036,10,0
48037,10,20000
48038,10,50000
48039,10,0
48040,10,0
48041,10,50000
48042,10,20000
48043,10,5000
48044,10,10000
48045,10,10000
48046,10,5000
48047,10,40000
48048,10,5000
48049,10,20000
48050,10,10000
48051,10,20000
48052,10,5000
48053,10,30000
48054,10,0
48055,10,10000
48056,10,5000
48057,10,0
48058,10,0
48059,10,50000
48060,10,30000
48061,10,30000
48062,10,0
48063,10,10000
48064,10,20000
48065,10,0
48066,10,5000
48067,10,5000
48068,10,40000
48069,10,10000
48070,10,30000
48071,10,30000
48072,10,10000
48073,10,30000
48074,10,5000
48075,10,30000
48076,10,30000
48077,10,20000
48078,10,10000
48079,10,0
48080,10,40000
48081,10,0
48082,10,20000
48083,10,20000
48084,10,10000
48085,10,50000
48086,10,0
48087,10,0
48088,10,5000
48089,10,0
48090,10,30000
48091,10,30000
48092,10,50000
48093,10,20000
48094,10,5000
48095,10,5000
48096,10,50000
48097,10,0
48098,10,30000
48099,10,0
48100,10,10000
48101,10,40000
48102,10,20000
48103,10,30000
48104,10,10000
48105,10,5000
48106,10,40000
48107,10,0
48108,10,0
48109,10,0
48110,10,0
48111,10,30000
48112,10,50000
48113,10,30000
48114,10,30000
48115,10,30000
48116,10,20000
48117,10,20000
48118,10,0
48119,10,0
48120,10,5000
48121,10,20000
48122,10,10000
48123,10,20000
48124,10,0
48125,10,10000
48126,10,10000
48127,10,50000
48128,10,20000
48129,10,50000
48130,10,5000
48131,10,30000
48132,10,0
48133,10,50000
48134,10,40000
48135,10,30000
48136,10,0
48137,10,5000
48138,10,5000
48139,10,20000
48140,10,30000
48141,10,30000
48142,10,50000
48143,10,5000
48144,10,0
48145,10,0
48146,10,5000
48147,10,0
48148,10,30000
48149,10,30000
48150,10,30000
48151,10,40000
48152,10,40000
48153,10,10000
48154,10,30000
48155,10,5000
48156,10,50000
48157,10,30000
48158,10,0
48159,10,30000
48160,10,0
48161,10,0
48162,10,20000
48163,10,30000
48164,10,0
48165,10,10000
48166,10,20000
48167,10,0
48168,10,40000
48169,10,50000
48170,10,50000
48171,10,10000
48172,10,40000
48173,10,40000
48174,10,0
48175,10,20000
48176,10,0
48177,10,0
48178,10,20000
48179,10,20000
48180,10,0
48181,10,0
48182,10,20000
48183,10,0
48184,10,30000
48185,10,40000
48186,10,0
48187,10,20000
48188,10,0
48189,10,10
48190,10,30000
48191,10,50000
48192,10,30000
48193,10,30000
48194,10,0
48195,10,40000
48196,10,5000
48197,10,30000
48198,10,20000
48199,10,50000
48200,10,0
48201,10,0
48202,10,20000
48203,10,0
48204,10,0
48205,10,30000
48206,10,0
48207,10,40000
48208,10,30000
48209,10,5000
48210,10,0
48211,10,40000
48212,10,5000
48213,10,50000
48214,10,0
48215,10,20000
48216,10,20000
48217,10,0
48218,10,50000
48219,10,40000
48220,10,10000
48221,10,0
48222,10,30000
48223,10,0
48224,10,40000
48225,10,40000
48226,10,0
48227,10,50000
48228,10,0
48229,10,20000
48230,10,5000
48231,10,30000
48232,10,40000
48233,10,5000
48234,10,10000
48235,10,0
48236,10,10000
48237,10,0
48238,10,40000
48239,10,20000
48240,10,0
48241,10,5000
48242,10,0
48243,10,5000
48244,10,10000
48245,10,10000
48246,10,20000
48247,10,30000
48248,10,0
48249,10,10000
48250,10,30000
48251,10,5000
48252,10,40000
48253,10,30000
48254,10,30000
48255,10,10000
48256,10,20000
48257,10,30000
48258,10,20000
48259,10,0
48260,10,0
48261,10,0
48262,10,0
48263,10,5000
48264,10,20000
48265,10,10000
48266,10,20000
48267,10,0
48268,10,0
48269,10,0
48270,10,5000
48271,10,50000
48272,10,40000
48273,10,5000
48274,10,40000
48275,10,20000
48276,10,30000
48277,10,20000
48278,10,50000
48279,10,10000
48280,10,0
48281,10,30000
48282,10,0
48283,10,50000
48284,10,0
48285,10,30000
48286,10,0
48287,10,30000
48288,10,0
48289,10,50000
48290,10,10000
48291,10,50000
48292,10,50000
48293,10,20000
48294,10,5000
48295,10,10000
48296,10,40000
48297,10,5000
48298,10,5000
48299,10,0
48300,10,5000
48301,10,20000
48302,10,20000
48303,10,50000
48304,10,20000
48305,10,5000
48306,10,50000
48307,10,50000
48308,10,0
48309,10,10000
48310,10,0
48311,10,50000
48312,10,20000
48313,10,5000
48314,10,0
48315,10,30000
48316,10,10000
48317,10,30000
48318,10,40000
48319,10,0
48320,10,0
48321,10,30000
48322,10,30000
48323,10,50000
48324,10,20000
48325,10,10000
48326,10,20000
48327,10,0
48328,10,0
48329,10,20000
48330,10,50000
48331,10,0
48332,10,50000
48333,10,5000
48334,10,10000
48335,10,0
48336,10,30000
48337,10,10000
48338,10,50000
48339,10,40000
48340,10,5000
48341,10,20000
48342,10,20000
48343,10,50000
48344,10,5000
48345,10,30000
48346,10,5000
48347,10,50000
48348,10,20000
48349,10,5000
48350,10,10000
48351,10,50000
48352,10,30000
48353,10,0
48354,10,0
48355,10,30000
48356,10,0
48357,10,0
48358,10,0
48359,10,0
48360,10,40000
48361,10,30000
48362,10,0
48363,10,50000
48364,10,5000
48365,10,0
48366,10,30000
48367,10,10000
48368,10,0
48369,10,50000
48370,10,40000
48371,10,5000
48372,10,20000
48373,10,30000
48374,10,0
48375,10,0
48376,10,20000
48377,10,30000
48378,10,10000
48379,10,20000
48380,10,0
48381,10,30000
48382,10,10000
48383,10,0
48384,10,20000
48385,10,50000
48386,10,0
48387,10,0
48388,10,50000
48389,10,10000
48390,10,20000
48391,10,20000
48392,10,0
48393,10,0
48394,10,0
48395,10,40000
48396,10,5000
48397,10,30000
48398,10,0
48399,10,20000
48400,10,0
48401,10,50000
48402,10,20000
48403,10,0
48404,10,0
48405,10,0
48406,10,50000
48407,10,10000
48408,10,10000
48409,10,0
48410,10,10000
48411,10,40000
48412,10,0
48413,10,40000
48414,10,5000
48415,10,0
48416,10,40000
48417,10,50000
48418,10,0
48419,10,20000
48420,10,0
48421,10,20000
48422,10,30000
48423,10,30000
48424,10,30000
48425,10,50000
48426,10,20000
48427,10,10000
48428,10,50000
48429,10,10000
48430,10,20000
48431,10,0
48432,10,30000
48433,10,30000
48434,10,0
48435,10,30000
48436,10,5000
48437,10,5000
48438,10,0
48439,10,10
48440,10,0
48441,10,5000
48442,10,0
48443,10,20000
48444,10,30000
48445,10,50000
48446,10,0
48447,10,30000
48448,10,50000
48449,10,30000
48450,10,0
48451,10,40000
48452,10,5000
48453,10,50000
48454,10,40000
48455,10,5000
48456,10,30000
48457,10,20000
48458,10,30000
48459,10,20000
48460,10,40000
48461,10,20000
48462,10,5000
48463,10,40000
48464,10,0
48465,10,20000
48466,10,0
48467,10,5000
48468,10,0
48469,10,40000
48470,10,10000
48471,10,0
48472,10,20000
48473,10,0
48474,10,0
48475,10,0
48476,10,50000
48477,10,0
48478,10,50000
48479,10,20000
48480,10,20000
48481,10,30000
48482,10,10000
48483,10,50000
48484,10,0
48485,10,0
48486,10,40000
48487,10,5000
48488,10,40000
48489,10,10000
48490,10,50000
48491,10,0
48492,10,30000
48493,10,30000
48494,10,10000
48495,10,0
48496,10,40000
48497,10,30000
48498,10,30000
48499,10,0
48500,10,20000
48501,10,5000
48502,10,0
48503,10,40000
48504,10,5000
48505,10,0
48506,10,0
48507,10,30000
48508,10,0
48509,10,20000
48510,10,0
48511,10,50000
48512,10,0
48513,10,20000
48514,10,0
48515,10,20000
48516,10,0
48517,10,10000
48518,10,20000
48519,10,20000
48520,10,30000
48521,10,30000
48522,10,40000
48523,10,10000
48524,10,0
48525,10,0
48526,10,5000
48527,10,20000
48528,10,30000
48529,10,10000
48530,10,40000
48531,10,0
48532,10,30000
48533,10,20000
48534,10,20000
48535,10,5000
48536,10,30000
48537,10,30000
48538,10,30000
48539,10,5000
48540,10,0
48541,10,10000
48542,10,40000
48543,10,0
48544,10,0
48545,10,50000
48546,10,0
48547,10,5000
48548,10,10
48549,10,30000
48550,10,0
48551,10,0
48552,10,50000
48553,10,5000
48554,10,10000
48555,10,0
48556,10,5000
48557,10,5000
48558,10,0
48559,10,50000
48560,10,30000
48561,10,40000
48562,10,10000
48563,10,30000
48564,10,20000
48565,10,30000
48566,10,50000
48567,10,20000
48568,10,0
48569,10,50000
48570,10,10000
48571,10,40000
48572,10,30000
48573,10,20000
48574,10,10000
48575,10,10000
48576,10,30000
48577,10,10000
48578,10,0
48579,10,50000
48580,10,0
48581,10,10000
48582,10,30000
48583,10,50000
48584,10,0
48585,10,50000
48586,10,40000
48587,10,50000
48588,10,30000
48589,10,30000
48590,10,0
48591,10,30000
48592,10,30000
48593,10,50000
48594,10,0
48595,10,40000
48596,10,40000
48597,10,5000
48598,10,30000
48599,10,5000
48600,10,0
48601,10,5000
48602,10,0
48603,10,0
48604,10,40000
48605,10,50000
48606,10,0
48607,10,20000
48608,10,0
48609,10,10000
48610,10,0
48611,10,40000
48612,10,0
48613,10,40000
48614,10,0
48615,10,10000
48616,10,30000
48617,10,40000
48618,10,30000
48619,10,0
48620,10,20000
48621,10,10000
48622,10,10000
48623,10,30000
48624,10,0
48625,10,40000
48626,10,20000
48627,10,40000
48628,10,0
48629,10,10000
48630,10,10000
48631,10,0
48632,10,20000
48633,10,50000
48634,10,50000
48635,10,30000
48636,10,20000
48637,10,30000
48638,10,30000
48639,10,30000
48640,10,0
48641,10,5000
48642,10,50000
48643,10,0
48644,10,50000
48645,10,5000
48646,10,10000
48647,10,5000
48648,10,10000
48649,10,20000
48650,10,20000
48651,10,40000
48652,10,30000
48653,10,5000
48654,10,0
48655,10,20000
48656,10,30000
48657,10,50000
48658,10,30000
48659,10,0
48660,10,10000
48661,10,20000
48662,10,30000
48663,10,20000
48664,10,0
48665,10,5000
48666,10,30000
48667,10,10
48668,10,30000
48669,10,0
48670,10,10000
48671,10,50000
48672,10,30000
48673,10,30000
48674,10,10000
48675,10,0
48676,10,10000
48677,10,50000
48678,10,5000
48679,10,20000
48680,10,30000
48681,10,30000
48682,10,40000
48683,10,40000
48684,10,40000
48685,10,20000
48686,10,50000
48687,10,5000
48688,10,50000
48689,10,50000
48690,10,5000
48691,10,20000
48692,10,20000
48693,10,10000
48694,10,5000
48695,10,30000
48696,10,30000
48697,10,50000
48698,10,0
48699,10,0
48700,10,0
48701,10,5000
48702,10,30000
48703,10,20000
48704,10,40000
48705,10,30000
48706,10,0
48707,10,20000
48708,10,0
48709,10,5000
48710,10,0
48711,10,50000
48712,10,20000
48713,10,10000
48714,10,20000
48715,10,10000
48716,10,50000
48717,10,30000
48718,10,50000
48719,10,0
48720,10,10000
48721,10,0
48722,10,5000
48723,10,20000
48724,10,0
48725,10,0
48726,10,30000
48727,10,20000
48728,10,0
48729,10,30000
48730,10,50000
48731,10,30000
48732,10,10000
48733,10,20000
48734,10,20000
48735,10,20000
48736,10,50000
48737,10,50000
48738,10,5000
48739,10,30000
48740,10,0
48741,10,40000
48742,10,20000
48743,10,20000
48744,10,40000
48745,10,10000
48746,10,30000
48747,10,40000
48748,10,20000
48749,10,0
48750,10,30000
48751,10,0
48752,10,10000
48753,10,0
48754,10,30000
48755,10,20000
48756,10,20000
48757,10,50000
48758,10,40000
48759,10,0
48760,10,0
48761,10,20000
48762,10,0
48763,10,20000
48764,10,40000
48765,10,20000
48766,10,10000
48767,10,20000
48768,10,30000
48769,10,0
48770,10,40000
48771,10,0
48772,10,40000
48773,10,30000
48774,10,30000
48775,10,30000
48776,10,0
48777,10,0
48778,10,10000
48779,10,5000
48780,10,20000
48781,10,30000
48782,10,20000
48783,10,10000
48784,10,0
48785,10,30000
48786,10,30000
48787,10,40000
48788,10,40000
48789,10,40000
48790,10,30000
48791,10,40000
48792,10,50000
48793,10,20000
48794,10,50000
48795,10,20000
48796,10,10000
48797,10,5000
48798,10,50000
48799,10,0
48800,10,20000
48801,10,30000
48802,10,20000
48803,10,20000
48804,10,0
48805,10,30000
48806,10,30000
48807,10,20000
48808,10,30000
48809,10,30000
48810,10,5000
48811,10,20000
48812,10,20000
48813,10,20000
48814,10,5000
48815,10,30000
48816,10,20000
48817,10,20000
48818,10,30000
48819,10,0
48820,10,40000
48821,10,10000
48822,10,0
48823,10,10000
48824,10,5000
48825,10,20000
48826,10,0
48827,10,20000
48828,10,0
48829,10,10000
48830,10,20000
48831,10,40000
48832,10,20000
48833,10,40000
48834,10,30000
48835,10,40000
48836,10,5000
48837,10,30000
48838,10,5000
48839,10,0
48840,10,0
48841,10,10000
48842,10,10000
48843,10,5000
48844,10,30000
48845,10,10000
48846,10,30000
48847,10,5000
48848,10,20000
48849,10,50000
48850,10,5000
48851,10,20000
48852,10,20000
48853,10,30000
48854,10,30000
48855,10,0
48856,10,20000
48857,10,20000
48858,10,0
48859,10,50000
48860,10,0
48861,10,0
48862,10,40000
48863,10,30000
48864,10,0
48865,10,30000
48866,10,30000
48867,10,5000
48868,10,0
48869,10,10000
48870,10,0
48871,10,0
48872,10,10000
48873,10,30000
48874,10,30000
48875,10,30000
48876,10,40000
48877,10,0
48878,10,10000
48879,10,50000
48880,10,20000
48881,10,0
48882,10,30000
48883,10,20000
48884,10,20000
48885,10,5000
48886,10,0
48887,10,50000
48888,10,40000
48889,10,50000
48890,10,50000
48891,10,30000
48892,10,0
48893,10,50000
48894,10,30000
48895,10,10000
48896,10,40000
48897,10,5000
48898,10,40000
48899,10,20000
48900,10,20000
48901,10,20000
48902,10,5000
48903,10,30000
48904,10,50000
48905,10,40000
48906,10,20000
48907,10,20000
48908,10,0
48909,10,0
48910,10,30000
48911,10,40000
48912,10,0
48913,10,50000
48914,10,0
48915,10,50000
48916,10,20000
48917,10,10000
48918,10,30000
48919,10,5000
48920,10,30000
48921,10,30000
48922,10,40000
48923,10,40000
48924,10,50000
48925,10,0
48926,10,0
48927,10,30000
48928,10,20000
48929,10,20000
48930,10,40000
48931,10,10000
48932,10,50000
48933,10,30000
48934,10,50000
48935,10,20000
48936,10,0
48937,10,0
48938,10,0
48939,10,10000
48940,10,0
48941,10,0
48942,10,50000
48943,10,0
48944,10,10000
48945,10,40000
48946,10,0
48947,10,50000
48948,10,0
48949,10,0
48950,10,20000
48951,10,30000
48952,10,30000
48953,10,0
48954,10,40000
48955,10,5000
48956,10,50000
48957,10,5000
48958,10,5000
48959,10,50000
48960,10,10000
48961,10,5000
48962,10,40000
48963,10,30000
48964,10,30000
48965,10,10000
48966,10,5000
48967,10,0
48968,10,0
48969,10,0
48970,10,0
48971,10,0
48972,10,5000
48973,10,30000
48974,10,50000
48975,10,0
48976,10,0
48977,10,0
48978,10,5000
48979,10,40000
48980,10,30000
48981,10,20000
48982,10,10
48983,10,0
48984,10,30000
48985,10,40000
48986,10,20000
48987,10,0
48988,10,0
48989,10,0
48990,10,10000
48991,10,0
48992,10,30000
48993,10,30000
48994,10,10000
48995,10,30000
48996,10,20000
48997,10,5000
48998,10,0
48999,10,0
49000,10,50000
49001,10,30000
49002,10,30000
49003,10,20000
49004,10,5000
49005,10,20000
49006,10,30000
49007,10,30000
49008,10,20000
49009,10,10000
49010,10,20000
49011,10,40000
49012,10,10000
49013,10,30000
49014,10,0
49015,10,0
49016,10,40000
49017,10,50000
49018,10,30000
49019,10,0
49020,10,5000
49021,10,30000
49022,10,0
49023,10,0
49024,10,10
49025,10,0
49026,10,20000
49027,10,20000
49028,10,30000
49029,10,40000
49030,10,30000
49031,10,50000
49032,10,5000
49033,10,30000
49034,10,30000
49035,10,0
49036,10,20000
49037,10,30000
49038,10,0
49039,10,0
49040,10,30000
49041,10,0
49042,10,5000
49043,10,10
49044,10,20000
49045,10,0
49046,10,10000
49047,10,20000
49048,10,0
49049,10,40000
49050,10,0
49051,10,40000
49052,10,0
49053,10,0
49054,10,10000
49055,10,0
49056,10,0
49057,10,10000
49058,10,10000
49059,10,50000
49060,10,5000
49061,10,5000
49062,10,30000
49063,10,0
49064,10,20000
49065,10,30000
49066,10,10000
49067,10,5000
49068,10,10000
49069,10,5000
49070,10,50000
49071,10,40000
49072,10,20000
49073,10,30000
49074,10,50000
49075,10,0
49076,10,40000
49077,10,50000
49078,10,40000
49079,10,20000
49080,10,0
49081,10,0
49082,10,30000
49083,10,0
49084,10,0
49085,10,40000
49086,10,40000
49087,10,40000
49088,10,30000
49089,10,0
49090,10,10000
49091,10,0
49092,10,0
49093,10,0
49094,10,20000
49095,10,0
49096,10,10000
49097,10,20000
49098,10,20000
49099,10,10000
49100,10,50000
49101,10,30000
49102,10,0
49103,10,30000
49104,10,20000
49105,10,5000
49106,10,0
49107,10,50000
49108,10,10000
49109,10,30000
49110,10,40000
49111,10,10000
49112,10,0
49113,10,10000
49114,10,0
49115,10,30000
49116,10,0
49117,10,0
49118,10,50000
49119,10,40000
49120,10,20000
49121,10,10000
49122,10,20000
49123,10,0
49124,10,10000
49125,10,50000
49126,10,40000
49127,10,30000
49128,10,0
49129,10,40000
49130,10,40000
49131,10,10
49132,10,50000
49133,10,0
49134,10,30000
49135,10,0
49136,10,30000
49137,10,0
49138,10,0
49139,10,20000
49140,10,5000
49141,10,10000
49142,10,0
49143,10,0
49144,10,5000
49145,10,30000
49146,10,20000
49147,10,40000
49148,10,0
49149,10,20000
49150,10,0
49151,10,20000
49152,10,0
49153,10,0
49154,10,40000
49155,10,0
49156,10,0
49157,10,0
49158,10,0
49159,10,40000
49160,10,10000
49161,10,30000
49162,10,50000
49163,10,20000
49164,10,0
49165,10,50000
49166,10,10000
49167,10,5000
49168,10,20000
49169,10,50000
49170,10,50000
49171,10,5000
49172,10,50000
49173,10,0
49174,10,20000
49175,10,0
49176,10,50000
49177,10,20000
49178,10,50000
49179,10,5000
49180,10,10000
49181,10,10000
49182,10,30000
49183,10,40000
49184,10,20000
49185,10,30000
49186,10,0
49187,10,5000
49188,10,40000
49189,10,0
49190,10,30000
49191,10,20000
49192,10,30000
49193,10,10000
49194,10,30000
49195,10,30000
49196,10,20000
49197,10,0
49198,10,0
49199,10,10000
49200,10,0
49201,10,20000
49202,10,10000
49203,10,0
49204,10,0
49205,10,0
49206,10,5000
49207,10,0
49208,10,5000
49209,10,30000
49210,10,40000
49211,10,50000
49212,10,5000
49213,10,50000
49214,10,50000
49215,10,50000
49216,10,20000
49217,10,0
49218,10,20000
49219,10,40000
49220,10,40000
49221,10,5000
49222,10,50000
49223,10,50000
49224,10,30000
49225,10,20000
49226,10,0
49227,10,30000
49228,10,0
49229,10,30000
49230,10,0
49231,10,20000
49232,10,20000
49233,10,0
49234,10,10000
49235,10,20000
49236,10,0
49237,10,50000
49238,10,0
49239,10,30000
49240,10,40000
49241,10,30000
49242,10,50000
49243,10,5000
49244,10,0
49245,10,0
49246,10,50000
49247,10,5000
49248,10,30000
49249,10,0
49250,10,10000
49251,10,0
49252,10,50000
49253,10,0
49254,10,0
49255,10,50000
49256,10,30000
49257,10,30000
49258,10,50000
49259,10,0
49260,10,20000
49261,10,50000
49262,10,30000
49263,10,30000
49264,10,50000
49265,10,5000
49266,10,40000
49267,10,20000
49268,10,50000
49269,10,50000
49270,10,10000
49271,10,30000
49272,10,20000
49273,10,0
49274,10,20000
49275,10,40000
49276,10,5000
49277,10,40000
49278,10,20000
49279,10,50000
49280,10,50000
49281,10,0
49282,10,0
49283,10,0
49284,10,20000
49285,10,0
49286,10,0
49287,10,30000
49288,10,0
49289,10,30000
49290,10,0
49291,10,30000
49292,10,20000
49293,10,20000
49294,10,0
49295,10,30000
49296,10,20000
49297,10,40000
49298,10,5000
49299,10,50000
49300,10,5000
49301,10,0
49302,10,30000
49303,10,10000
49304,10,30000
49305,10,10000
49306,10,5000
49307,10,30000
49308,10,0
49309,10,40000
49310,10,30000
49311,10,40000
49312,10,30000
49313,10,40000
49314,10,10000
49315,10,0
49316,10,0
49317,10,30000
49318,10,0
49319,10,50000
49320,10,40000
49321,10,30000
49322,10,30000
49323,10,20000
49324,10,30000
49325,10,0
49326,10,20000
49327,10,20000
49328,10,20000
49329,10,50000
49330,10,20000
49331,10,0
49332,10,20000
49333,10,40000
49334,10,30000
49335,10,10000
49336,10,0
49337,10,5000
49338,10,10000
49339,10,5000
49340,10,30000
49341,10,50000
49342,10,30000
49343,10,50000
49344,10,20000
49345,10,20000
49346,10,0
49347,10,0
49348,10,0
49349,10,0
49350,10,50000
49351,10,30000
49352,10,50000
49353,10,10000
49354,10,10000
49355,10,10000
49356,10,50000
49357,10,40000
49358,10,0
49359,10,50000
49360,10,20000
49361,10,5000
49362,10,40000
49363,10,50000
49364,10,40000
49365,10,30000
49366,10,10000
49367,10,0
49368,10,50000
49369,10,20000
49370,10,5000
49371,10,30000
49372,10,5000
49373,10,20000
49374,10,10000
49375,10,0
49376,10,20000
49377,10,5000
49378,10,5000
49379,10,20000
49380,10,10000
49381,10,10000
49382,10,30000
49383,10,0
49384,10,40000
49385,10,20000
49386,10,20000
49387,10,5000
49388,10,5000
49389,10,30000
49390,10,40000
49391,10,20000
49392,10,0
49393,10,0
49394,10,40000
49395,10,5000
49396,10,0
49397,10,40000
49398,10,0
49399,10,10000
49400,10,5000
49401,10,0
49402,10,5000
49403,10,20000
49404,10,30000
49405,10,0
49406,10,30000
49407,10,0
49408,10,20000
49409,10,40000
49410,10,40000
49411,10,0
49412,10,20000
49413,10,20000
49414,10,0
49415,10,10000
49416,10,50000
49417,10,5000
49418,10,10000
49419,10,5000
49420,10,20000
49421,10,0
49422,10,10000
49423,10,0
49424,10,20000
49425,10,0
49426,10,0
49427,10,40000
49428,10,40000
49429,10,0
49430,10,5000
49431,10,5000
49432,10,20000
49433,10,30000
49434,10,20000
49435,10,0
49436,10,5000
49437,10,10000
49438,10,0
49439,10,30000
49440,10,40000
49441,10,30000
49442,10,40000
49443,10,5000
49444,10,20000
49445,10,50000
49446,10,5000
49447,10,0
49448,10,40000
49449,10,5000
49450,10,30000
49451,10,10000
49452,10,5000
49453,10,50000
49454,10,20000
49455,10,5000
49456,10,20000
49457,10,0
49458,10,20000
49459,10,20000
49460,10,40000
49461,10,5000
49462,10,40000
49463,10,0
49464,10,40000
49465,10,20000
49466,10,50000
49467,10,30000
49468,10,30000
49469,10,10000
49470,10,5000
49471,10,10000
49472,10,10000
49473,10,0
49474,10,50000
49475,10,0
49476,10,40000
49477,10,40000
49478,10,20000
49479,10,30000
49480,10,30000
49481,10,5000
49482,10,40000
49483,10,30000
49484,10,20000
49485,10,40000
49486,10,0
49487,10,10000
49488,10,20000
49489,10,0
49490,10,20000
49491,10,50000
49492,10,5000
49493,10,40000
49494,10,10000
49495,10,5000
49496,10,40000
49497,10,50000
49498,10,20000
49499,10,0
49500,10,0
49501,10,50000
49502,10,20000
49503,10,0
49504,10,20000
49505,10,30000
49506,10,20000
49507,10,30000
49508,10,10000
49509,10,0
49510,10,50000
49511,10,0
49512,10,20000
49513,10,10000
49514,10,40000
49515,10,50000
49516,10,30000
49517,10,5000
49518,10,20000
49519,10,0
49520,10,20000
49521,10,0
49522,10,0
49523,10,40000
49524,10,30000
49525,10,10000
49526,10,20000
49527,10,20000
49528,10,10000
49529,10,10000
49530,10,10000
49531,10,0
49532,10,0
49533,10,10000
49534,10,0
49535,10,50000
49536,10,50000
49537,10,5000
49538,10,5000
49539,10,30000
49540,10,0
49541,10,50000
49542,10,30000
49543,10,50000
49544,10,10000
49545,10,0
49546,10,50000
49547,10,50000
49548,10,10000
49549,10,50000
49550,10,0
49551,10,5000
49552,10,0
49553,10,30000
49554,10,0
49555,10,40000
49556,10,0
49557,10,30000
49558,10,30000
49559,10,50000
49560,10,0
49561,10,5000
49562,10,0
49563,10,50000
49564,10,0
49565,10,0
49566,10,5000
49567,10,0
49568,10,30000
49569,10,0
49570,10,20000
49571,10,0
49572,10,0
49573,10,30000
49574,10,5000
49575,10,40000
49576,10,0
49577,10,10000
49578,10,5000
49579,10,30000
49580,10,40000
49581,10,5000
49582,10,20000
49583,10,30000
49584,10,5000
49585,10,50000
49586,10,10000
49587,10,40000
49588,10,20000
49589,10,40000
49590,10,5000
49591,10,50000
49592,10,50000
49593,10,0
49594,10,30000
49595,10,0
49596,10,10000
49597,10,0
49598,10,5000
49599,10,40000
49600,10,0
49601,10,0
49602,10,40000
49603,10,0
49604,10,30000
49605,10,10000
49606,10,0
49607,10,40000
49608,10,50000
49609,10,30000
49610,10,5000
49611,10,0
49612,10,0
49613,10,30000
49614,10,30000
49615,10,0
49616,10,40000
49617,10,0
49618,10,10000
49619,10,40000
49620,10,10000
49621,10,50000
49622,10,40000
49623,10,40000
49624,10,10000
49625,10,40000
49626,10,5000
49627,10,0
49628,10,30000
49629,10,0
49630,10,20000
49631,10,50000
49632,10,40000
49633,10,20000
49634,10,10000
49635,10,5000
49636,10,20000
49637,10,0
49638,10,0
49639,10,30000
49640,10,20000
49641,10,50000
49642,10,0
49643,10,30000
49644,10,20000
49645,10,20000
49646,10,30000
49647,10,0
49648,10,50000
49649,10,0
49650,10,40000
49651,10,50000
49652,10,5000
49653,10,30000
49654,10,0
49655,10,40000
49656,10,0
49657,10,20000
49658,10,30000
49659,10,0
49660,10,30000
49661,10,20000
49662,10,50000
49663,10,5000
49664,10,0
49665,10,0
49666,10,0
49667,10,0
49668,10,0
49669,10,20000
49670,10,10000
49671,10,0
49672,10,0
49673,10,0
49674,10,40000
49675,10,20000
49676,10,50000
49677,10,20000
49678,10,5000
49679,10,10000
49680,10,50000
49681,10,40000
49682,10,0
49683,10,0
49684,10,5000
49685,10,5000
49686,10,20000
49687,10,40000
49688,10,40000
49689,10,30000
49690,10,5000
49691,10,5000
49692,10,10000
49693,10,0
49694,10,5000
49695,10,30000
49696,10,50000
49697,10,50000
49698,10,0
49699,10,5000
49700,10,0
49701,10,0
49702,10,50000
49703,10,30000
49704,10,0
49705,10,20000
49706,10,5000
49707,10,30000
49708,10,0
49709,10,40000
49710,10,40000
49711,10,5000
49712,10,5000
49713,10,50000
49714,10,40000
49715,10,10000
49716,10,0
49717,10,0
49718,10,50000
49719,10,40000
49720,10,30000
49721,10,30000
49722,10,0
49723,10,40000
49724,10,5000
49725,10,10000
49726,10,50000
49727,10,50000
49728,10,50000
49729,10,50000
49730,10,40000
49731,10,0
49732,10,30000
49733,10,30000
49734,10,0
49735,10,0
49736,10,50000
49737,10,10000
49738,10,40000
49739,10,40000
49740,10,30000
49741,10,30000
49742,10,40000
49743,10,30000
49744,10,0
49745,10,0
49746,10,50000
49747,10,10000
49748,10,0
49749,10,10000
49750,10,30000
49751,10,0
49752,10,5000
49753,10,5000
49754,10,5000
49755,10,0
49756,10,30000
49757,10,30000
49758,10,30000
49759,10,0
49760,10,40000
49761,10,0
49762,10,0
49763,10,0
49764,10,20000
49765,10,40000
49766,10,30000
49767,10,0
49768,10,0
49769,10,40000
49770,10,30000
49771,10,0
49772,10,50000
49773,10,30000
49774,10,0
49775,10,0
49776,10,40000
49777,10,50000
49778,10,10000
49779,10,30000
49780,10,0
49781,10,40000
49782,10,0
49783,10,0
49784,10,20000
49785,10,20000
49786,10,5000
49787,10,20000
49788,10,20000
49789,10,50000
49790,10,20000
49791,10,50000
49792,10,5000
49793,10,0
49794,10,50000
49795,10,20000
49796,10,0
49797,10,0
49798,10,40000
49799,10,20000
49800,10,20000
49801,10,30000
49802,10,20000
49803,10,5000
49804,10,5000
49805,10,30000
49806,10,0
49807,10,0
49808,10,0
49809,10,0
49810,10,0
49811,10,20000
49812,10,20000
49813,10,10000
49814,10,30000
49815,10,30000
49816,10,0
49817,10,20000
49818,10,50000
49819,10,10000
49820,10,20000
49821,10,0
49822,10,0
49823,10,5000
49824,10,0
49825,10,0
49826,10,10000
49827,10,40000
49828,10,20000
49829,10,10000
49830,10,20000
49831,10,20000
49832,10,0
49833,10,10000
49834,10,30000
49835,10,0
49836,10,40000
49837,10,30000
49838,10,30000
49839,10,0
49840,10,40000
49841,10,0
49842,10,50000
49843,10,10000
49844,10,30000
49845,10,20000
49846,10,10000
49847,10,40000
49848,10,50000
49849,10,0
49850,10,20000
49851,10,0
49852,10,50000
49853,10,5000
49854,10,20000
49855,10,0
49856,10,10000
49857,10,5000
49858,10,20000
49859,10,30000
49860,10,10000
49861,10,0
49862,10,0
49863,10,0
49864,10,30000
49865,10,50000
49866,10,0
49867,10,30000
49868,10,40000
49869,10,0
49870,10,10000
49871,10,50000
49872,10,5000
49873,10,50000
49874,10,0
49875,10,5000
49876,10,20000
49877,10,30000
49878,10,30000
49879,10,20000
49880,10,5000
49881,10,0
49882,10,0
49883,10,0
49884,10,40000
49885,10,0
49886,10,50000
49887,10,0
49888,10,50000
49889,10,30000
49890,10,0
49891,10,50000
49892,10,40000
49893,10,20000
49894,10,0
49895,10,50000
49896,10,0
49897,10,0
49898,10,50000
49899,10,0
49900,10,50000
49901,10,20000
49902,10,0
49903,10,30000
49904,10,50000
49905,10,40000
49906,10,50000
49907,10,0
49908,10,50000
49909,10,0
49910,10,40000
49911,10,5000
49912,10,40000
49913,10,30000
49914,10,50000
49915,10,20000
49916,10,30000
49917,10,20000
49918,10,10000
49919,10,50000
49920,10,50000
49921,10,20000
49922,10,40000
49923,10,0
49924,10,0
49925,10,40000
49926,10,50000
49927,10,20000
49928,10,20000
49929,10,0
49930,10,0
49931,10,50000
49932,10,0
49933,10,10
49934,10,20000
49935,10,5000
49936,10,40000
49937,10,0
49938,10,0
49939,10,50000
49940,10,50000
49941,10,20000
49942,10,40000
49943,10,20000
49944,10,5000
49945,10,5000
49946,10,10000
49947,10,20000
49948,10,0
49949,10,20000
49950,10,0
49951,10,30000
49952,10,5000
49953,10,0
49954,10,50000
49955,10,20000
49956,10,30000
49957,10,0
49958,10,0
49959,10,0
49960,10,50000
49961,10,0
49962,10,20000
49963,10,40000
49964,10,10000
49965,10,30000
49966,10,20000
49967,10,20000
49968,10,50000
49969,10,30000
49970,10,40000
49971,10,10000
49972,10,40000
49973,10,40000
49974,10,20000
49975,10,0
49976,10,50000
49977,10,30000
49978,10,0
49979,10,40000
49980,10,40000
49981,10,0
49982,10,0
49983,10,5000
49984,10,30000
49985,10,50000
49986,10,40000
49987,10,0
49988,10,30000
49989,10,0
49990,10,0
49991,10,20000
49992,10,30000
49993,10,50000
49994,10,40000
49995,10,40000
49996,10,0
49997,10,30000
49998,10,50000
49999,10,50000
50000,10,30000
50001,10,20000
50002,10,0
50003,10,30000
50004,10,50000
50005,10,40000
50006,10,20000
50007,10,5000
50008,10,30000
50009,10,0
50010,10,50000
50011,10,20000
50012,10,0
50013,10,10000
50014,10,0
50015,10,20000
50016,10,20000
50017,10,0
50018,10,40000
50019,10,20000
50020,10,10000
50021,10,30000
50022,10,0
50023,10,20000
50024,10,50000
50025,10,0
50026,10,20000
50027,10,10000
50028,10,0
50029,10,5000
50030,10,0
50031,10,50000
50032,10,0
50033,10,30000
50034,10,20000
50035,10,0
50036,10,50000
50037,10,40000
50038,10,20000
50039,10,20000
50040,10,0
50041,10,20000
50042,10,0
50043,10,10
50044,10,0
50045,10,50000
50046,10,0
50047,10,0
50048,10,0
50049,10,50000
50050,10,30000
50051,10,10000
50052,10,30000
50053,10,5000
50054,10,10000
50055,10,20000
50056,10,10000
50057,10,0
50058,10,5000
50059,10,50000
50060,10,0
50061,10,20000
50062,10,20000
50063,10,5000
50064,10,20000
50065,10,40000
50066,10,5000
50067,10,0
50068,10,0
50069,10,50000
50070,10,10000
50071,10,0
50072,10,40000
50073,10,10000
50074,10,40000
50075,10,50000
50076,10,10000
50077,10,40000
50078,10,50000
50079,10,0
50080,10,30000
50081,10,0
50082,10,0
50083,10,30000
50084,10,0
50085,10,40000
50086,10,30000
50087,10,5000
50088,10,20000
50089,10,0
50090,10,10000
50091,10,50000
50092,10,10000
50093,10,30000
50094,10,30000
50095,10,30000
50096,10,10000
50097,10,30000
50098,10,40000
50099,10,0
50100,10,0
50101,10,20000
50102,10,5000
50103,10,30000
50104,10,5000
50105,10,0
50106,10,10000
50107,10,0
50108,10,20000
50109,10,40000
50110,10,30000
50111,10,20000
50112,10,10000
50113,10,0
50114,10,5000
50115,10,10000
50116,10,10000
50117,10,20000
50118,10,0
50119,10,0
50120,10,20000
50121,10,0
50122,10,50000
50123,10,20000
50124,10,20000
50125,10,5000
50126,10,20000
50127,10,0
50128,10,0
50129,10,20000
50130,10,0
50131,10,20000
50132,10,0
50133,10,0
50134,10,30000
50135,10,0
50136,10,20000
50137,10,40000
50138,10,50000
50139,10,20000
50140,10,40000
50141,10,20000
50142,10,50000
50143,10,0
50144,10,0
50145,10,40000
50146,10,30000
50147,10,20000
50148,10,50000
50149,10,20000
50150,10,20000
50151,10,5000
50152,10,40000
50153,10,0
50154,10,10000
50155,10,20000
50156,10,5000
50157,10,0
50158,10,10000
50159,10,0
50160,10,0
50161,10,40000
50162,10,10000
50163,10,20000
50164,10,50000
50165,10,0
50166,10,0
50167,10,5000
50168,10,40000
50169,10,20000
50170,10,20000
50171,10,40000
50172,10,30000
50173,10,20000
50174,10,50000
50175,10,0
50176,10,10000
50177,10,0
50178,10,10000
50179,10,0
50180,10,20000
50181,10,0
50182,10,0
50183,10,20000
50184,10,20000
50185,10,50000
50186,10,0
50187,10,0
50188,10,40000
50189,10,20000
50190,10,30000
50191,10,0
50192,10,40000
50193,10,40000
50194,10,20000
50195,10,5000
50196,10,50000
50197,10,30000
50198,10,0
50199,10,0
50200,10,5000
50201,10,40000
50202,10,0
50203,10,0
50204,10,30000
50205,10,50000
50206,10,20000
50207,10,20000
50208,10,0
50209,10,40000
50210,10,50000
50211,10,5000
50212,10,40000
50213,10,20000
50214,10,0
50215,10,30000
50216,10,50000
50217,10,40000
50218,10,50000
50219,10,40000
50220,10,0
50221,10,50000
50222,10,30000
50223,10,50000
50224,10,30000
50225,10,40000
50226,10,20000
50227,10,20000
50228,10,20000
50229,10,0
50230,10,5000
50231,10,5000
50232,10,30000
50233,10,0
50234,10,40000
50235,10,0
50236,10,10000
50237,10,0
50238,10,5000
50239,10,0
50240,10,50000
50241,10,5000
50242,10,5000
50243,10,20000
50244,10,0
50245,10,10000
50246,10,0
50247,10,0
50248,10,0
50249,10,0
50250,10,30000
50251,10,5000
50252,10,30000
50253,10,10000
50254,10,5000
50255,10,50000
50256,10,50000
50257,10,0
50258,10,0
50259,10,40000
50260,10,50000
50261,10,5000
50262,10,5000
50263,10,5000
50264,10,50000
50265,10,0
50266,10,10000
50267,10,0
50268,10,20000
50269,10,50000
50270,10,0
50271,10,0
50272,10,0
50273,10,10000
50274,10,30000
50275,10,30000
50276,10,20000
50277,10,0
50278,10,40000
50279,10,30000
50280,10,20000
50281,10,0
50282,10,30000
50283,10,5000
50284,10,10000
50285,10,20000
50286,10,10000
50287,10,10
50288,10,50000
50289,10,10
50290,10,20000
50291,10,30000
50292,10,10000
50293,10,50000
50294,10,0
50295,10,30000
50296,10,20000
50297,10,20000
50298,10,40000
50299,10,20000
50300,10,5000
50301,10,10000
50302,10,0
50303,10,40000
50304,10,50000
50305,10,50000
50306,10,0
50307,10,0
50308,10,0
50309,10,0
50310,10,20000
50311,10,10000
50312,10,10000
50313,10,10000
50314,10,10000
50315,10,10000
50316,10,20000
50317,10,30000
50318,10,50000
50319,10,40000
50320,10,30000
50321,10,30000
50322,10,40000
50323,10,20000
50324,10,30000
50325,10,30000
50326,10,0
50327,10,0
50328,10,0
50329,10,30000
50330,10,10000
50331,10,40000
50332,10,30000
50333,10,40000
50334,10,20000
50335,10,0
50336,10,20000
50337,10,20000
50338,10,40000
50339,10,5000
50340,10,20000
50341,10,50000
50342,10,50000
50343,10,20000
50344,10,0
50345,10,0
50346,10,20000
50347,10,10000
50348,10,30000
50349,10,20000
50350,10,30000
50351,10,0
50352,10,10000
50353,10,0
50354,10,30000
50355,10,0
50356,10,10000
50357,10,20000
50358,10,40000
50359,10,50000
50360,10,50000
50361,10,40000
50362,10,5000
50363,10,20000
50364,10,20000
50365,10,10000
50366,10,50000
50367,10,5000
50368,10,40000
50369,10,20000
50370,10,5000
50371,10,0
50372,10,0
50373,10,0
50374,10,50000
50375,10,20000
50376,10,10000
50377,10,5000
50378,10,0
50379,10,0
50380,10,0
50381,10,50000
50382,10,0
50383,10,0
50384,10,20000
50385,10,0
50386,10,50000
50387,10,50000
50388,10,0
50389,10,0
50390,10,5000
50391,10,20000
50392,10,20000
50393,10,10000
50394,10,5000
50395,10,20000
50396,10,10000
50397,10,40000
50398,10,30000
50399,10,0
50400,10,20000
50401,10,10000
50402,10,10000
50403,10,20000
50404,10,50000
50405,10,5000
50406,10,40000
50407,10,0
50408,10,10000
50409,10,5000
50410,10,20000
50411,10,50000
50412,10,5000
50413,10,10000
50414,10,0
50415,10,30000
50416,10,20000
50417,10,20000
50418,10,20000
50419,10,0
50420,10,5000
50421,10,0
50422,10,30000
50423,10,5000
50424,10,10000
50425,10,40000
50426,10,50000
50427,10,0
50428,10,30000
50429,10,5000
50430,10,20000
50431,10,20000
50432,10,20000
50433,10,0
50434,10,30000
50435,10,0
50436,10,20000
50437,10,0
50438,10,0
50439,10,40000
50440,10,20000
50441,10,20000
50442,10,0
50443,10,50000
50444,10,20000
50445,10,10000
50446,10,20000
50447,10,20000
50448,10,40000
50449,10,50000
50450,10,10000
50451,10,0
50452,10,5000
50453,10,0
50454,10,10000
50455,10,5000
50456,10,5000
50457,10,50000
50458,10,20000
50459,10,5000
50460,10,0
50461,10,5000
50462,10,30000
50463,10,20000
50464,10,0
50465,10,0
50466,10,5000
50467,10,50000
50468,10,5000
50469,10,20000
50470,10,5000
50471,10,0
50472,10,30000
50473,10,20000
50474,10,0
50475,10,5000
50476,10,0
50477,10,0
50478,10,0
50479,10,0
50480,10,50000
50481,10,5000
50482,10,0
50483,10,0
50484,10,0
50485,10,20000
50486,10,50000
50487,10,10000
50488,10,5000
50489,10,50000
50490,10,0
50491,10,30000
50492,10,20000
50493,10,5000
50494,10,30000
50495,10,10000
50496,10,5000
50497,10,20000
50498,10,20000
50499,10,30000
50500,10,10000
50501,10,10000
50502,10,20000
50503,10,10000
50504,10,20000
50505,10,0
50506,10,0
50507,10,10000
50508,10,30000
50509,10,5000
50510,10,30000
50511,10,5000
50512,10,40000
50513,10,0
50514,10,0
50515,10,0
50516,10,0
50517,10,20000
50518,10,0
50519,10,50000
50520,10,30000
50521,10,50000
50522,10,0
50523,10,20000
50524,10,0
50525,10,50000
50526,10,10000
50527,10,20000
50528,10,0
50529,10,0
50530,10,30000
50531,10,10
50532,10,50000
50533,10,5000
50534,10,0
50535,10,20000
50536,10,0
50537,10,20000
50538,10,10000
50539,10,50000
50540,10,50000
50541,10,0
50542,10,50000
50543,10,20000
50544,10,40000
50545,10,5000
50546,10,40000
50547,10,0
50548,10,40000
50549,10,10000
50550,10,20000
50551,10,40000
50552,10,50000
50553,10,5000
50554,10,5000
50555,10,0
50556,10,5000
50557,10,10000
50558,10,10000
50559,10,5000
50560,10,30000
50561,10,50000
50562,10,30000
50563,10,10000
50564,10,50000
50565,10,20000
50566,10,5000
50567,10,0
50568,10,20000
50569,10,5000
50570,10,5000
50571,10,5000
50572,10,30000
50573,10,0
50574,10,5000
50575,10,0
50576,10,0
50577,10,5000
50578,10,20000
50579,10,40000
50580,10,0
50581,10,40000
50582,10,0
50583,10,40000
50584,10,20000
50585,10,5000
50586,10,50000
50587,10,20000
50588,10,5000
50589,10,0
50590,10,5000
50591,10,0
50592,10,10000
50593,10,20000
50594,10,0
50595,10,40000
50596,10,20000
50597,10,30000
50598,10,0
50599,10,40000
50600,10,50000
50601,10,10000
50602,10,50000
50603,10,40000
50604,10,20000
50605,10,40000
50606,10,40000
50607,10,10000
50608,10,30000
50609,10,0
50610,10,0
50611,10,40000
50612,10,30000
50613,10,30000
50614,10,0
50615,10,0
50616,10,10000
50617,10,20000
50618,10,0
50619,10,0
50620,10,10000
50621,10,0
50622,10,0
50623,10,20000
50624,10,20000
50625,10,0
50626,10,0
50627,10,0
50628,10,50000
50629,10,10000
50630,10,10000
50631,10,0
50632,10,30000
50633,10,0
50634,10,20000
50635,10,0
50636,10,20000
50637,10,40000
50638,10,10000
50639,10,40000
50640,10,30000
50641,10,0
50642,10,0
50643,10,0
50644,10,40000
50645,10,0
50646,10,5000
50647,10,0
50648,10,0
50649,10,10000
50650,10,30000
50651,10,50000
50652,10,50000
50653,10,20000
50654,10,0
50655,10,0
50656,10,5000
50657,10,5000
50658,10,0
50659,10,30000
50660,10,0
50661,10,30000
50662,10,0
50663,10,10000
50664,10,0
50665,10,40000
50666,10,40000
50667,10,0
50668,10,50000
50669,10,50000
50670,10,30000
50671,10,50000
50672,10,30000
50673,10,40000
50674,10,40000
50675,10,20000
50676,10,50000
50677,10,5000
50678,10,0
50679,10,30000
50680,10,30000
50681,10,30000
50682,10,0
50683,10,10000
50684,10,0
50685,10,30000
50686,10,5000
50687,10,20000
50688,10,0
50689,10,0
50690,10,5000
50691,10,10000
50692,10,20000
50693,10,20000
50694,10,50000
50695,10,50000
50696,10,40000
50697,10,50000
50698,10,0
50699,10,0
50700,10,0
50701,10,5000
50702,10,20000
50703,10,5000
50704,10,5000
50705,10,20000
50706,10,0
50707,10,20000
50708,10,40000
50709,10,5000
50710,10,50000
50711,10,0
50712,10,30000
50713,10,50000
50714,10,0
50715,10,0
50716,10,10000
50717,10,40000
50718,10,30000
50719,10,0
50720,10,10000
50721,10,50000
50722,10,30000
50723,10,10000
50724,10,50000
50725,10,40000
50726,10,30000
50727,10,0
50728,10,20000
50729,10,30000
50730,10,0
50731,10,10000
50732,10,5000
50733,10,0
50734,10,5000
50735,10,5000
50736,10,50000
50737,10,0
50738,10,30000
50739,10,10000
50740,10,0
50741,10,10
50742,10,10000
50743,10,0
50744,10,40000
50745,10,20000
50746,10,30000
50747,10,20000
50748,10,0
50749,10,5000
50750,10,0
50751,10,10000
50752,10,5000
50753,10,20000
50754,10,30000
50755,10,0
50756,10,10
50757,10,50000
50758,10,30000
50759,10,50000
50760,10,0
50761,10,0
50762,10,40000
50763,10,50000
50764,10,0
50765,10,20000
50766,10,0
50767,10,30000
50768,10,5000
50769,10,50000
50770,10,0
50771,10,50000
50772,10,40000
50773,10,0
50774,10,40000
50775,10,30000
50776,10,20000
50777,10,20000
50778,10,5000
50779,10,5000
50780,10,40000
50781,10,0
50782,10,10
50783,10,30000
50784,10,50000
50785,10,20000
50786,10,0
50787,10,30000
50788,10,0
50789,10,50000
50790,10,20000
50791,10,0
50792,10,0
50793,10,10000
50794,10,40000
50795,10,10000
50796,10,5000
50797,10,0
50798,10,40000
50799,10,0
50800,10,0
50801,10,0
50802,10,20000
50803,10,30000
50804,10,20000
50805,10,50000
50806,10,0
50807,10,20000
50808,10,0
50809,10,50000
50810,10,30000
50811,10,0
50812,10,20000
50813,10,10000
50814,10,0
50815,10,50000
50816,10,30000
50817,10,50000
50818,10,40000
50819,10,30000
50820,10,0
50821,10,0
50822,10,10000
50823,10,30000
50824,10,20000
50825,10,10000
50826,10,40000
50827,10,0
50828,10,30000
50829,10,30000
50830,10,20000
50831,10,10000
50832,10,20000
50833,10,40000
50834,10,0
50835,10,20000
50836,10,50000
50837,10,0
50838,10,50000
50839,10,5000
50840,10,40000
50841,10,50000
50842,10,20000
50843,10,50000
50844,10,30000
50845,10,50000
50846,10,30000
50847,10,0
50848,10,50000
50849,10,0
50850,10,5000
50851,10,0
50852,10,40000
50853,10,5000
50854,10,0
50855,10,0
50856,10,10000
50857,10,0
50858,10,30000
50859,10,30000
50860,10,30000
50861,10,5000
50862,10,50000
50863,10,10000
50864,10,0
50865,10,0
50866,10,30000
50867,10,50000
50868,10,50000
50869,10,50000
50870,10,0
50871,10,10000
50872,10,20000
50873,10,0
50874,10,50000
50875,10,40000
50876,10,40000
50877,10,0
50878,10,30000
50879,10,0
50880,10,40000
50881,10,5000
50882,10,20000
50883,10,10000
50884,10,30000
50885,10,10000
50886,10,5000
50887,10,40000
50888,10,20000
50889,10,0
50890,10,0
50891,10,0
50892,10,0
50893,10,40000
50894,10,10000
50895,10,20000
50896,10,30000
50897,10,50000
50898,10,0
50899,10,40000
50900,10,0
50901,10,20000
50902,10,10000
50903,10,50000
50904,10,30000
50905,10,0
50906,10,10000
50907,10,50000
50908,10,0
50909,10,30000
50910,10,0
50911,10,5000
50912,10,0
50913,10,0
50914,10,0
50915,10,50000
50916,10,10000
50917,10,20000
50918,10,50000
50919,10,40000
50920,10,20000
50921,10,50000
50922,10,30000
50923,10,10000
50924,10,20000
50925,10,0
50926,10,50000
50927,10,0
50928,10,20000
50929,10,40000
50930,10,20000
50931,10,0
50932,10,30000
50933,10,50000
50934,10,30000
50935,10,50000
50936,10,40000
50937,10,40000
50938,10,40000
50939,10,50000
50940,10,10000
50941,10,20000
50942,10,0
50943,10,40000
50944,10,30000
50945,10,20000
50946,10,20000
50947,10,40000
50948,10,0
50949,10,30000
50950,10,20000
50951,10,40000
50952,10,10
50953,10,20000
50954,10,10000
50955,10,50000
50956,10,50000
50957,10,20000
50958,10,10000
50959,10,5000
50960,10,0
50961,10,10000
50962,10,0
50963,10,5000
50964,10,30000
50965,10,0
50966,10,30000
50967,10,0
50968,10,0
50969,10,20000
50970,10,40000
50971,10,0
50972,10,0
50973,10,0
50974,10,40000
50975,10,30000
50976,10,30000
50977,10,5000
50978,10,5000
50979,10,40000
50980,10,5000
50981,10,30000
50982,10,30000
50983,10,5000
50984,10,0
50985,10,50000
50986,10,0
50987,10,30000
50988,10,20000
50989,10,30000
50990,10,40000
50991,10,0
50992,10,20000
50993,10,0
50994,10,0
50995,10,5000
50996,10,40000
50997,10,10000
50998,10,30000
50999,10,50000
51000,10,30000
51001,10,20000
51002,10,5000
51003,10,50000
51004,10,50000
51005,10,50000
51006,10,0
51007,10,30000
51008,10,5000
51009,10,50000
51010,10,40000
51011,10,30000
51012,10,40000
51013,10,10000
51014,10,0
51015,10,30000
51016,10,0
51017,10,20000
51018,10,40000
51019,10,5000
51020,10,30000
51021,10,0
51022,10,0
51023,10,50000
51024,10,10000
51025,10,20000
51026,10,0
51027,10,0
51028,10,40000
51029,10,50000
51030,10,50000
51031,10,10
51032,10,40000
51033,10,40000
51034,10,0
51035,10,30000
51036,10,10000
51037,10,0
51038,10,30000
51039,10,0
51040,10,20000
51041,10,30000
51042,10,0
51043,10,20000
51044,10,5000
51045,10,0
51046,10,10000
51047,10,30000
51048,10,10000
51049,10,40000
51050,10,0
51051,10,0
51052,10,50000
51053,10,5000
51054,10,0
51055,10,0
51056,10,0
51057,10,30000
51058,10,10000
51059,10,10000
51060,10,20000
51061,10,5000
51062,10,0
51063,10,30000
51064,10,20000
51065,10,30000
51066,10,20000
51067,10,30000
51068,10,50000
51069,10,0
51070,10,50000
51071,10,20000
51072,10,10000
51073,10,0
51074,10,40000
51075,10,30000
51076,10,30000
51077,10,0
51078,10,5000
51079,10,0
51080,10,30000
51081,10,10000
51082,10,50000
51083,10,0
51084,10,30000
51085,10,20000
51086,10,0
51087,10,0
51088,10,0
51089,10,30000
51090,10,10
51091,10,20000
51092,10,30000
51093,10,0
51094,10,10000
51095,10,20000
51096,10,20000
51097,10,0
51098,10,40000
51099,10,20000
51100,10,20000
51101,10,50000
51102,10,40000
51103,10,10000
51104,10,0
51105,10,0
51106,10,0
51107,10,0
51108,10,40000
51109,10,50000
51110,10,40000
51111,10,0
51112,10,20000
51113,10,5000
51114,10,0
51115,10,20000
51116,10,30000
51117,10,0
51118,10,0
51119,10,5000
51120,10,0
51121,10,40000
51122,10,30000
51123,10,20000
51124,10,50000
51125,10,20000
51126,10,0
51127,10,0
51128,10,50000
51129,10,30000
51130,10,30000
51131,10,30000
51132,10,20000
51133,10,40000
51134,10,30000
51135,10,0
51136,10,50000
51137,10,50000
51138,10,40000
51139,10,40000
51140,10,20000
51141,10,0
51142,10,20000
51143,10,10000
51144,10,30000
51145,10,10000
51146,10,5000
51147,10,50000
51148,10,50000
51149,10,0
51150,10,5000
51151,10,50000
51152,10,30000
51153,10,30000
51154,10,0
51155,10,30000
51156,10,50000
51157,10,10000
51158,10,10000
51159,10,30000
51160,10,30000
51161,10,20000
51162,10,30000
51163,10,0
51164,10,50000
51165,10,40000
51166,10,50000
51167,10,30000
51168,10,30000
51169,10,0
51170,10,5000
51171,10,0
51172,10,50000
51173,10,20000
51174,10,50000
51175,10,5000
51176,10,5000
51177,10,5000
51178,10,0
51179,10,0
51180,10,50000
51181,10,10000
51182,10,40000
51183,10,50000
51184,10,0
51185,10,0
51186,10,0
51187,10,20000
51188,10,0
51189,10,40000
51190,10,30000
51191,10,5000
51192,10,30000
51193,10,50000
51194,10,40000
51195,10,0
51196,10,5000
51197,10,20000
51198,10,0
51199,10,50000
51200,10,5000
51201,10,50000
51202,10,0
51203,10,50000
51204,10,10000
51205,10,40000
51206,10,20000
51207,10,0
51208,10,20000
51209,10,50000
51210,10,0
51211,10,30000
51212,10,50000
51213,10,10000
51214,10,30000
51215,10,40000
51216,10,0
51217,10,50000
51218,10,50000
51219,10,20000
51220,10,50000
51221,10,30000
51222,10,20000
51223,10,30000
51224,10,40000
51225,10,0
51226,10,0
51227,10,30000
51228,10,0
51229,10,0
51230,10,30000
51231,10,5000
51232,10,0
51233,10,0
51234,10,10000
51235,10,40000
51236,10,40000
51237,10,50000
51238,10,30000
51239,10,50000
51240,10,0
51241,10,0
51242,10,0
51243,10,20000
51244,10,30000
51245,10,10000
51246,10,30000
51247,10,20000
51248,10,20000
51249,10,40000
51250,10,0
51251,10,0
51252,10,0
51253,10,50000
51254,10,0
51255,10,0
51256,10,5000
51257,10,40000
51258,10,10000
51259,10,50000
51260,10,20000
51261,10,20000
51262,10,10000
51263,10,5000
51264,10,40000
51265,10,30000
51266,10,30000
51267,10,30000
51268,10,0
51269,10,5000
51270,10,50000
51271,10,0
51272,10,0
51273,10,10000
51274,10,50000
51275,10,30000
51276,10,20000
51277,10,0
51278,10,10000
51279,10,50000
51280,10,0
51281,10,20000
51282,10,20000
51283,10,0
51284,10,10000
51285,10,40000
51286,10,20000
51287,10,30000
51288,10,40000
51289,10,5000
51290,10,0
51291,10,0
51292,10,50000
51293,10,10000
51294,10,30000
51295,10,10000
51296,10,20000
51297,10,50000
51298,10,5000
51299,10,20000
51300,10,50000
51301,10,0
51302,10,0
51303,10,5000
51304,10,30000
51305,10,30000
51306,10,20000
51307,10,50000
51308,10,10000
51309,10,0
51310,10,0
51311,10,20000
51312,10,50000
51313,10,0
51314,10,50000
51315,10,5000
51316,10,5000
51317,10,0
51318,10,30000
51319,10,0
51320,10,0
51321,10,50000
51322,10,0
51323,10,0
51324,10,30000
51325,10,0
51326,10,0
51327,10,20000
51328,10,0
51329,10,30000
51330,10,50000
51331,10,20000
51332,10,50000
51333,10,40000
51334,10,10000
51335,10,0
51336,10,5000
51337,10,50000
51338,10,10000
51339,10,0
51340,10,40000
51341,10,50000
51342,10,40000
51343,10,30000
51344,10,30000
51345,10,20000
51346,10,20000
51347,10,0
51348,10,0
51349,10,20000
51350,10,30000
51351,10,20000
51352,10,10000
51353,10,20000
51354,10,0
51355,10,30000
51356,10,50000
51357,10,10000
51358,10,0
51359,10,40000
51360,10,5000
51361,10,0
51362,10,10000
51363,10,40000
51364,10,10000
51365,10,0
51366,10,0
51367,10,0
51368,10,0
51369,10,0
51370,10,30000
51371,10,20000
51372,10,10000
51373,10,30000
51374,10,20000
51375,10,50000
51376,10,0
51377,10,40000
51378,10,0
51379,10,30000
51380,10,50000
51381,10,30000
51382,10,50000
51383,10,30000
51384,10,30000
51385,10,0
51386,10,0
51387,10,40000
51388,10,10000
51389,10,0
51390,10,30000
51391,10,40000
51392,10,40000
51393,10,5000
51394,10,10000
51395,10,30000
51396,10,5000
51397,10,5000
51398,10,0
51399,10,20000
51400,10,5000
51401,10,40000
51402,10,0
51403,10,5000
51404,10,20000
51405,10,50000
51406,10,5000
51407,10,50000
51408,10,50000
51409,10,0
51410,10,30000
51411,10,5000
51412,10,0
51413,10,20000
51414,10,5000
51415,10,0
51416,10,0
51417,10,10000
51418,10,10000
51419,10,20000
51420,10,10000
51421,10,0
51422,10,30000
51423,10,20000
51424,10,0
51425,10,0
51426,10,5000
51427,10,0
51428,10,50000
51429,10,5000
51430,10,10000
51431,10,50000
51432,10,0
51433,10,0
51434,10,10000
51435,10,30000
51436,10,30000
51437,10,5000
51438,10,10000
51439,10,30000
51440,10,10000
51441,10,5000
51442,10,30000
51443,10,20000
51444,10,50000
51445,10,50000
51446,10,50000
51447,10,40000
51448,10,50000
51449,10,10000
51450,10,30000
51451,10,20000
51452,10,0
51453,10,30000
51454,10,0
51455,10,0
51456,10,10000
51457,10,30000
51458,10,0
51459,10,20000
51460,10,50000
51461,10,10000
51462,10,50000
51463,10,0
51464,10,0
51465,10,5000
51466,10,0
51467,10,0
51468,10,0
51469,10,40000
51470,10,30000
51471,10,0
51472,10,30000
51473,10,20000
51474,10,0
51475,10,40000
51476,10,0
51477,10,0
51478,10,30000
51479,10,5000
51480,10,10
51481,10,0
51482,10,0
51483,10,0
51484,10,0
51485,10,50000
51486,10,50000
51487,10,30000
51488,10,0
51489,10,20000
51490,10,30000
51491,10,20000
51492,10,0
51493,10,30000
51494,10,5000
51495,10,10000
51496,10,40000
51497,10,0
51498,10,0
51499,10,5000
51500,10,10000
51501,10,50000
51502,10,40000
51503,10,40000
51504,10,10000
51505,10,50000
51506,10,0
51507,10,30000
51508,10,30000
51509,10,50000
51510,10,50000
51511,10,0
51512,10,5000
51513,10,30000
51514,10,5000
51515,10,0
51516,10,10000
51517,10,40000
51518,10,20000
51519,10,40000
51520,10,0
51521,10,0
51522,10,10000
51523,10,0
51524,10,20000
51525,10,40000
51526,10,5000
51527,10,5000
51528,10,10000
51529,10,50000
51530,10,20000
51531,10,30000
51532,10,10000
51533,10,0
51534,10,0
51535,10,30000
51536,10,20000
51537,10,30000
51538,10,20000
51539,10,30000
51540,10,10000
51541,10,5000
51542,10,0
51543,10,20000
51544,10,20000
51545,10,0
51546,10,10000
51547,10,0
51548,10,20000
51549,10,40000
51550,10,5000
51551,10,50000
51552,10,30000
51553,10,10000
51554,10,20000
51555,10,20000
51556,10,50000
51557,10,40000
51558,10,0
51559,10,0
51560,10,0
51561,10,30000
51562,10,40000
51563,10,20000
51564,10,30000
51565,10,0
51566,10,0
51567,10,30000
51568,10,0
51569,10,30000
51570,10,20000
51571,10,0
51572,10,50000
51573,10,0
51574,10,20000
51575,10,30000
51576,10,50000
51577,10,0
51578,10,20000
51579,10,50000
51580,10,30000
51581,10,0
51582,10,30000
51583,10,50000
51584,10,0
51585,10,30000
51586,10,0
51587,10,0
51588,10,5000
51589,10,50000
51590,10,5000
51591,10,20000
51592,10,5000
51593,10,40000
51594,10,30000
51595,10,10000
51596,10,40000
51597,10,20000
51598,10,30000
51599,10,10000
51600,10,0
51601,10,30000
51602,10,50000
51603,10,0
51604,10,30000
51605,10,20000
51606,10,10000
51607,10,40000
51608,10,0
51609,10,0
51610,10,0
51611,10,0
51612,10,20000
51613,10,50000
51614,10,50000
51615,10,40000
51616,10,50000
51617,10,0
51618,10,10000
51619,10,50000
51620,10,50000
51621,10,0
51622,10,50000
51623,10,20000
51624,10,5000
51625,10,10000
51626,10,10000
51627,10,10000
51628,10,5000
51629,10,0
51630,10,0
51631,10,30000
51632,10,10000
51633,10,5000
51634,10,0
51635,10,20000
51636,10,50000
51637,10,0
51638,10,10000
51639,10,0
51640,10,0
51641,10,40000
51642,10,20000
51643,10,40000
51644,10,0
51645,10,10000
51646,10,5000
51647,10,20000
51648,10,10000
51649,10,30000
51650,10,50000
51651,10,20000
51652,10,30000
51653,10,20000
51654,10,30000
51655,10,5000
51656,10,0
51657,10,40000
51658,10,5000
51659,10,5000
51660,10,40000
51661,10,5000
51662,10,50000
51663,10,5000
51664,10,0
51665,10,10000
51666,10,0
51667,10,20000
51668,10,30000
51669,10,50000
51670,10,20000
51671,10,50000
51672,10,30000
51673,10,0
51674,10,5000
51675,10,50000
51676,10,0
51677,10,30000
51678,10,0
51679,10,5000
51680,10,20000
51681,10,20000
51682,10,50000
51683,10,10000
51684,10,10000
51685,10,0
51686,10,20000
51687,10,20000
51688,10,50000
51689,10,50000
51690,10,0
51691,10,30000
51692,10,10
51693,10,5000
51694,10,0
51695,10,30000
51696,10,5000
51697,10,0
51698,10,20000
51699,10,10000
51700,10,10000
51701,10,30000
51702,10,40000
51703,10,20000
51704,10,20000
51705,10,0
51706,10,20000
51707,10,10000
51708,10,0
51709,10,20000
51710,10,40000
51711,10,10000
51712,10,30000
51713,10,0
51714,10,20000
51715,10,10000
51716,10,0
51717,10,30000
51718,10,50000
51719,10,10000
51720,10,5000
51721,10,30000
51722,10,30000
51723,10,30000
51724,10,20000
51725,10,20000
51726,10,5000
51727,10,40000
51728,10,30000
51729,10,40000
51730,10,0
51731,10,30000
51732,10,30000
51733,10,40000
51734,10,5000
51735,10,0
51736,10,50000
51737,10,0
51738,10,50000
51739,10,30000
51740,10,20000
51741,10,0
51742,10,5000
51743,10,5000
51744,10,20000
51745,10,20000
51746,10,40000
51747,10,10000
51748,10,50000
51749,10,20000
51750,10,50000
51751,10,0
51752,10,0
51753,10,0
51754,10,40000
51755,10,20000
51756,10,30000
51757,10,50000
51758,10,50000
51759,10,40000
51760,10,10000
51761,10,50000
51762,10,10000
51763,10,20000
51764,10,30000
51765,10,10000
51766,10,5000
51767,10,30000
51768,10,10000
51769,10,20000
51770,10,5000
51771,10,40000
51772,10,20000
51773,10,10000
51774,10,20000
51775,10,0
51776,10,50000
51777,10,40000
51778,10,50000
51779,10,0
51780,10,20000
51781,10,10000
51782,10,5000
51783,10,50000
51784,10,5000
51785,10,0
51786,10,0
51787,10,30000
51788,10,10000
51789,10,50000
51790,10,0
51791,10,20000
51792,10,5000
51793,10,5000
51794,10,0
51795,10,10000
51796,10,20000
51797,10,5000
51798,10,20000
51799,10,0
51800,10,50000
51801,10,40000
51802,10,20000
51803,10,0
51804,10,30000
51805,10,0
51806,10,0
51807,10,0
51808,10,0
51809,10,50000
51810,10,20000
51811,10,0
51812,10,20000
51813,10,20000
51814,10,5000
51815,10,5000
51816,10,40000
51817,10,20000
51818,10,10000
51819,10,30000
51820,10,0
51821,10,0
51822,10,30000
51823,10,0
51824,10,0
51825,10,20000
51826,10,50000
51827,10,0
51828,10,5000
51829,10,50000
51830,10,30000
51831,10,20000
51832,10,0
51833,10,50000
51834,10,30000
51835,10,10000
51836,10,5000
51837,10,5000
51838,10,0
51839,10,5000
51840,10,40000
51841,10,0
51842,10,10000
51843,10,50000
51844,10,30000
51845,10,30000
51846,10,50000
51847,10,20000
51848,10,50000
51849,10,0
51850,10,20000
51851,10,10
51852,10,50000
51853,10,40000
51854,10,0
51855,10,0
51856,10,0
51857,10,10000
51858,10,50000
51859,10,30000
51860,10,40000
51861,10,30000
51862,10,20000
51863,10,50000
51864,10,0
51865,10,30000
51866,10,0
51867,10,20000
51868,10,20000
51869,10,20000
51870,10,30000
51871,10,0
51872,10,0
51873,10,20000
51874,10,0
51875,10,0
51876,10,30000
51877,10,50000
51878,10,30000
51879,10,10000
51880,10,0
51881,10,40000
51882,10,30000
51883,10,10000
51884,10,5000
51885,10,40000
51886,10,20000
51887,10,50000
51888,10,5000
51889,10,40000
51890,10,0
51891,10,50000
51892,10,0
51893,10,0
51894,10,0
51895,10,20000
51896,10,10000
51897,10,20000
51898,10,20000
51899,10,40000
51900,10,0
51901,10,0
51902,10,0
51903,10,20000
51904,10,5000
51905,10,50000
51906,10,20000
51907,10,30000
51908,10,5000
51909,10,20000
51910,10,50000
51911,10,5000
51912,10,40000
51913,10,10000
51914,10,40000
51915,10,30000
51916,10,20000
51917,10,30000
51918,10,40000
51919,10,40000
51920,10,0
51921,10,5000
51922,10,20000
51923,10,0
51924,10,10000
51925,10,20000
51926,10,10000
51927,10,40000
51928,10,30000
51929,10,30000
51930,10,0
51931,10,10000
51932,10,40000
51933,10,0
51934,10,0
51935,10,5000
51936,10,30000
51937,10,40000
51938,10,0
51939,10,50000
51940,10,10000
51941,10,30000
51942,10,20000
51943,10,0
51944,10,0
51945,10,50000
51946,10,5000
51947,10,50000
51948,10,0
51949,10,40000
51950,10,50000
51951,10,10000
51952,10,30000
51953,10,30000
51954,10,10000
51955,10,0
51956,10,0
51957,10,50000
51958,10,30000
51959,10,10000
51960,10,30000
51961,10,0
51962,10,20000
51963,10,0
51964,10,10000
51965,10,0
51966,10,50000
51967,10,20000
51968,10,40000
51969,10,20000
51970,10,40000
51971,10,0
51972,10,10000
51973,10,10000
51974,10,50000
51975,10,20000
51976,10,0
51977,10,0
51978,10,0
51979,10,0
51980,10,0
51981,10,5000
51982,10,30000
51983,10,30000
51984,10,20000
51985,10,0
51986,10,0
51987,10,20000
51988,10,10000
51989,10,0
51990,10,30000
51991,10,40000
51992,10,20000
51993,10,40000
51994,10,0
51995,10,30000
51996,10,30000
51997,10,50000
51998,10,0
51999,10,0
52000,10,10000
52001,10,40000
52002,10,0
52003,10,5000
52004,10,20000
52005,10,0
52006,10,50000
52007,10,20000
52008,10,20000
52009,10,30000
52010,10,50000
52011,10,0
52012,10,50000
52013,10,0
52014,10,50000
52015,10,40000
52016,10,50000
52017,10,20000
52018,10,50000
52019,10,5000
52020,10,30000
52021,10,10000
52022,10,50000
52023,10,30000
52024,10,10
52025,10,10000
52026,10,30000
52027,10,10000
52028,10,20000
52029,10,0
52030,10,40000
52031,10,0
52032,10,50000
52033,10,30000
52034,10,0
52035,10,20000
52036,10,0
52037,10,5000
52038,10,50000
52039,10,50000
52040,10,20000
52041,10,40000
52042,10,50000
52043,10,50000
52044,10,30000
52045,10,30000
52046,10,40000
52047,10,10000
52048,10,30000
52049,10,50000
52050,10,30000
52051,10,50000
52052,10,10000
52053,10,0
52054,10,0
52055,10,20000
52056,10,20000
52057,10,50000
52058,10,30000
52059,10,0
52060,10,5000
52061,10,5000
52062,10,5000
52063,10,40000
52064,10,20000
52065,10,0
52066,10,40000
52067,10,0
52068,10,50000
52069,10,0
52070,10,20000
52071,10,0
52072,10,0
52073,10,0
52074,10,50000
52075,10,0
52076,10,10000
52077,10,30000
52078,10,0
52079,10,10000
52080,10,30000
52081,10,50000
52082,10,40000
52083,10,30000
52084,10,5000
52085,10,40000
52086,10,0
52087,10,20000
52088,10,5000
52089,10,0
52090,10,40000
52091,10,0
52092,10,40000
52093,10,5000
52094,10,40000
52095,10,0
52096,10,40000
52097,10,0
52098,10,30000
52099,10,5000
52100,10,0
52101,10,0
52102,10,30000
52103,10,50000
52104,10,50000
52105,10,0
52106,10,30000
52107,10,0
52108,10,50000
52109,10,30000
52110,10,30000
52111,10,20000
52112,10,0
52113,10,0
52114,10,5000
52115,10,5000
52116,10,0
52117,10,50000
52118,10,0
52119,10,0
52120,10,30000
52121,10,40000
52122,10,5000
52123,10,5000
52124,10,50000
52125,10,5000
52126,10,20000
52127,10,20000
52128,10,20000
52129,10,0
52130,10,20000
52131,10,0
52132,10,10
52133,10,30000
52134,10,5000
52135,10,30000
52136,10,40000
52137,10,50000
52138,10,10000
52139,10,10000
52140,10,30000
52141,10,20000
52142,10,40000
52143,10,0
52144,10,0
52145,10,30000
52146,10,40000
52147,10,50000
52148,10,50000
52149,10,20000
52150,10,30000
52151,10,50000
52152,10,30000
52153,10,50000
52154,10,0
52155,10,50000
52156,10,50000
52157,10,30000
52158,10,50000
52159,10,30000
52160,10,5000
52161,10,0
52162,10,20000
52163,10,0
52164,10,30000
52165,10,20000
52166,10,30000
52167,10,10000
52168,10,5000
52169,10,5000
52170,10,0
52171,10,50000
52172,10,40000
52173,10,30000
52174,10,20000
52175,10,0
52176,10,20000
52177,10,50000
52178,10,0
52179,10,20000
52180,10,50000
52181,10,0
52182,10,30000
52183,10,20000
52184,10,0
52185,10,30000
52186,10,40000
52187,10,30000
52188,10,10000
52189,10,50000
52190,10,0
52191,10,0
52192,10,30000
52193,10,30000
52194,10,40000
52195,10,40000
52196,10,50000
52197,10,20000
52198,10,0
52199,10,50000
52200,10,50000
52201,10,50000
52202,10,0
52203,10,20000
52204,10,0
52205,10,0
52206,10,5000
52207,10,0
52208,10,0
52209,10,30000
52210,10,0
52211,10,30000
52212,10,5000
52213,10,10000
52214,10,30000
52215,10,30000
52216,10,0
52217,10,50000
52218,10,5000
52219,10,20000
52220,10,30000
52221,10,40000
52222,10,5000
52223,10,5000
52224,10,5000
52225,10,50000
52226,10,40000
52227,10,20000
52228,10,5000
52229,10,5000
52230,10,20000
52231,10,50000
52232,10,0
52233,10,0
52234,10,30000
52235,10,30000
52236,10,50000
52237,10,40000
52238,10,5000
52239,10,30000
52240,10,30000
52241,10,40000
52242,10,20000
52243,10,0
52244,10,30000
52245,10,30000
52246,10,0
52247,10,50000
52248,10,30000
52249,10,0
52250,10,30000
52251,10,40000
52252,10,30000
52253,10,30000
52254,10,40000
52255,10,30000
52256,10,30000
52257,10,50000
52258,10,20000
52259,10,20000
52260,10,20000
52261,10,50000
52262,10,30000
52263,10,40000
52264,10,5000
52265,10,20000
52266,10,50000
52267,10,10000
52268,10,30000
52269,10,0
52270,10,5000
52271,10,20000
52272,10,20000
52273,10,0
52274,10,50000
52275,10,50000
52276,10,0
52277,10,0
52278,10,10000
52279,10,40000
52280,10,0
52281,10,20000
52282,10,5000
52283,10,0
52284,10,0
52285,10,30000
52286,10,50000
52287,10,0
52288,10,20000
52289,10,30000
52290,10,50000
52291,10,5000
52292,10,40000
52293,10,50000
52294,10,0
52295,10,10000
52296,10,20000
52297,10,20000
52298,10,50000
52299,10,0
52300,10,20000
52301,10,40000
52302,10,0
52303,10,40000
52304,10,0
52305,10,50000
52306,10,10000
52307,10,0
52308,10,5000
52309,10,30000
52310,10,20000
52311,10,10000
52312,10,20000
52313,10,0
52314,10,40000
52315,10,0
52316,10,0
52317,10,10000
52318,10,40000
52319,10,30000
52320,10,5000
52321,10,30000
52322,10,50000
52323,10,0
52324,10,10
52325,10,50000
52326,10,50000
52327,10,0
52328,10,10000
52329,10,20000
52330,10,40000
52331,10,40000
52332,10,0
52333,10,20000
52334,10,40000
52335,10,30000
52336,10,20000
52337,10,40000
52338,10,10000
52339,10,10000
52340,10,40000
52341,10,30000
52342,10,30000
52343,10,10
52344,10,30000
52345,10,0
52346,10,40000
52347,10,10000
52348,10,50000
52349,10,50000
52350,10,10000
52351,10,20000
52352,10,40000
52353,10,0
52354,10,40000
52355,10,30000
52356,10,40000
52357,10,40000
52358,10,5000
52359,10,20000
52360,10,20000
52361,10,20000
52362,10,30000
52363,10,30000
52364,10,50000
52365,10,40000
52366,10,20000
52367,10,0
52368,10,0
52369,10,30000
52370,10,0
52371,10,20000
52372,10,50000
52373,10,5000
52374,10,0
52375,10,0
52376,10,20000
52377,10,30000
52378,10,0
52379,10,20000
52380,10,5000
52381,10,20000
52382,10,20000
52383,10,40000
52384,10,10
52385,10,30000
52386,10,30000
52387,10,50000
52388,10,40000
52389,10,40000
52390,10,40000
52391,10,0
52392,10,50000
52393,10,10000
52394,10,0
52395,10,20000
52396,10,50000
52397,10,40000
52398,10,50000
52399,10,0
52400,10,20000
52401,10,30000
52402,10,20000
52403,10,0
52404,10,40000
52405,10,0
52406,10,20000
52407,10,10000
52408,10,0
52409,10,0
52410,10,40000
52411,10,0
52412,10,0
52413,10,0
52414,10,5000
52415,10,30000
52416,10,0
52417,10,50000
52418,10,20000
52419,10,0
52420,10,0
52421,10,0
52422,10,40000
52423,10,30000
52424,10,5000
52425,10,30000
52426,10,5000
52427,10,20000
52428,10,10000
52429,10,0
52430,10,5000
52431,10,10000
52432,10,30000
52433,10,0
52434,10,30000
52435,10,10000
52436,10,40000
52437,10,10000
52438,10,40000
52439,10,0
52440,10,40000
52441,10,50000
52442,10,0
52443,10,40000
52444,10,20000
52445,10,0
52446,10,40000
52447,10,20000
52448,10,50000
52449,10,30000
52450,10,50000
52451,10,0
52452,10,40000
52453,10,20000
52454,10,20000
52455,10,0
52456,10,30000
52457,10,5000
52458,10,40000
52459,10,30000
52460,10,30000
52461,10,40000
52462,10,50000
52463,10,40000
52464,10,50000
52465,10,30000
52466,10,10000
52467,10,30000
52468,10,0
52469,10,0
52470,10,50000
52471,10,0
52472,10,30000
52473,10,0
52474,10,40000
52475,10,40000
52476,10,20000
52477,10,0
52478,10,20000
52479,10,0
52480,10,30000
52481,10,30000
52482,10,0
52483,10,20000
52484,10,0
52485,10,0
52486,10,20000
52487,10,50000
52488,10,30000
52489,10,30000
52490,10,0
52491,10,40000
52492,10,10000
52493,10,0
52494,10,0
52495,10,0
52496,10,30000
52497,10,20000
52498,10,20000
52499,10,40000
52500,10,5000
52501,10,40000
52502,10,0
52503,10,30000
52504,10,30000
52505,10,10000
52506,10,30000
52507,10,20000
52508,10,0
52509,10,5000
52510,10,20000
52511,10,40000
52512,10,50000
52513,10,20000
52514,10,10000
52515,10,20000
52516,10,20000
52517,10,10000
52518,10,40000
52519,10,10000
52520,10,50000
52521,10,10
52522,10,50000
52523,10,40000
52524,10,0
52525,10,5000
52526,10,0
52527,10,20000
52528,10,20000
52529,10,40000
52530,10,10000
52531,10,5000
52532,10,0
52533,10,5000
52534,10,10000
52535,10,0
52536,10,20000
52537,10,50000
52538,10,5000
52539,10,40000
52540,10,20000
52541,10,5000
52542,10,0
52543,10,10000
52544,10,0
52545,10,0
52546,10,30000
52547,10,30000
52548,10,0
52549,10,30000
52550,10,20000
52551,10,30000
52552,10,30000
52553,10,40000
52554,10,5000
52555,10,20000
52556,10,30000
52557,10,50000
52558,10,0
52559,10,10000
52560,10,0
52561,10,0
52562,10,20000
52563,10,20000
52564,10,0
52565,10,50000
52566,10,50000
52567,10,30000
52568,10,50000
52569,10,0
52570,10,50000
52571,10,20000
52572,10,10000
52573,10,30000
52574,10,50000
52575,10,20000
52576,10,5000
52577,10,30000
52578,10,5000
52579,10,30000
52580,10,0
52581,10,30000
52582,10,0
52583,10,20000
52584,10,50000
52585,10,20000
52586,10,50000
52587,10,20000
52588,10,30000
52589,10,40000
52590,10,0
52591,10,30000
52592,10,50000
52593,10,40000
52594,10,50000
52595,10,10000
52596,10,0
52597,10,30000
52598,10,10000
52599,10,5000
52600,10,30000
52601,10,10000
52602,10,20000
52603,10,20000
52604,10,20000
52605,10,0
52606,10,0
52607,10,10000
52608,10,5000
52609,10,5000
52610,10,30000
52611,10,30000
52612,10,50000
52613,10,5000
52614,10,50000
52615,10,30000
52616,10,50000
52617,10,40000
52618,10,0
52619,10,20000
52620,10,30000
52621,10,0
52622,10,40000
52623,10,20000
52624,10,5000
52625,10,50000
52626,10,40000
52627,10,50000
52628,10,30000
52629,10,20000
52630,10,10000
52631,10,30000
52632,10,50000
52633,10,10000
52634,10,30000
52635,10,30000
52636,10,50000
52637,10,50000
52638,10,20000
52639,10,30000
52640,10,20000
52641,10,0
52642,10,50000
52643,10,0
52644,10,0
52645,10,20000
52646,10,5000
52647,10,50000
52648,10,40000
52649,10,10000
52650,10,40000
52651,10,5000
52652,10,0
52653,10,0
52654,10,30000
52655,10,50000
52656,10,20000
52657,10,10000
52658,10,5000
52659,10,0
52660,10,20000
52661,10,0
52662,10,20000
52663,10,5000
52664,10,20000
52665,10,50000
52666,10,0
52667,10,20000
52668,10,0
52669,10,0
52670,10,50000
52671,10,0
52672,10,30000
52673,10,0
52674,10,0
52675,10,30000
52676,10,30000
52677,10,30000
52678,10,50000
52679,10,50000
52680,10,20000
52681,10,20000
52682,10,20000
52683,10,20000
52684,10,5000
52685,10,0
52686,10,20000
52687,10,20000
52688,10,20000
52689,10,5000
52690,10,0
52691,10,10000
52692,10,0
52693,10,30000
52694,10,0
52695,10,20000
52696,10,30000
52697,10,50000
52698,10,5000
52699,10,30000
52700,10,5000
52701,10,30000
52702,10,20000
52703,10,10000
52704,10,30000
52705,10,0
52706,10,30000
52707,10,40000
52708,10,30000
52709,10,40000
52710,10,0
52711,10,0
52712,10,0
52713,10,10000
52714,10,0
52715,10,5000
52716,10,40000
52717,10,50000
52718,10,30000
52719,10,10000
52720,10,10000
52721,10,5000
52722,10,0
52723,10,30000
52724,10,30000
52725,10,20000
52726,10,0
52727,10,10000
52728,10,50000
52729,10,0
52730,10,10000
52731,10,10
52732,10,30000
52733,10,10000
52734,10,40000
52735,10,50000
52736,10,50000
52737,10,0
52738,10,0
52739,10,20000
52740,10,20000
52741,10,10000
52742,10,0
52743,10,30000
52744,10,20000
52745,10,10000
52746,10,0
52747,10,0
52748,10,50000
52749,10,10000
52750,10,30000
52751,10,20000
52752,10,0
52753,10,50000
52754,10,20000
52755,10,30000
52756,10,0
52757,10,0
52758,10,50000
52759,10,30000
52760,10,50000
52761,10,50000
52762,10,5000
52763,10,0
52764,10,40000
52765,10,0
52766,10,20000
52767,10,30000
52768,10,50000
52769,10,5000
52770,10,0
52771,10,10000
52772,10,40000
52773,10,40000
52774,10,40000
52775,10,50000
52776,10,30000
52777,10,30000
52778,10,5000
52779,10,5000
52780,10,20000
52781,10,5000
52782,10,0
52783,10,30000
52784,10,0
52785,10,20000
52786,10,0
52787,10,50000
52788,10,0
52789,10,5000
52790,10,40000
52791,10,30000
52792,10,10000
52793,10,5000
52794,10,20000
52795,10,30000
52796,10,10000
52797,10,30000
52798,10,10000
52799,10,30000
52800,10,20000
52801,10,0
52802,10,30000
52803,10,30000
52804,10,40000
52805,10,20000
52806,10,40000
52807,10,10000
52808,10,20000
52809,10,0
52810,10,0
52811,10,0
52812,10,40000
52813,10,30000
52814,10,20000
52815,10,10000
52816,10,30000
52817,10,20000
52818,10,0
52819,10,20000
52820,10,0
52821,10,0
52822,10,30000
52823,10,0
52824,10,20000
52825,10,0
52826,10,50000
52827,10,10000
52828,10,20000
52829,10,20000
52830,10,30000
52831,10,30000
52832,10,5000
52833,10,30000
52834,10,50000
52835,10,0
52836,10,0
52837,10,20000
52838,10,40000
52839,10,10000
52840,10,50000
52841,10,0
52842,10,0
52843,10,0
52844,10,0
52845,10,40000
52846,10,10000
52847,10,30000
52848,10,0
52849,10,50000
52850,10,5000
52851,10,10000
52852,10,0
52853,10,5000
52854,10,20000
52855,10,0
52856,10,0
52857,10,20000
52858,10,20000
52859,10,40000
52860,10,0
52861,10,5000
52862,10,0
52863,10,40000
52864,10,0
52865,10,5000
52866,10,20000
52867,10,10000
52868,10,30000
52869,10,0
52870,10,10000
52871,10,30000
52872,10,5000
52873,10,30000
52874,10,50000
52875,10,5000
52876,10,40000
52877,10,0
52878,10,40000
52879,10,20000
52880,10,30000
52881,10,50000
52882,10,30000
52883,10,5000
52884,10,30000
52885,10,30000
52886,10,0
52887,10,30000
52888,10,20000
52889,10,40000
52890,10,0
52891,10,50000
52892,10,0
52893,10,20000
52894,10,5000
52895,10,50000
52896,10,10000
52897,10,20000
52898,10,0
52899,10,0
52900,10,20000
52901,10,20000
52902,10,0
52903,10,0
52904,10,0
52905,10,0
52906,10,10
52907,10,40000
52908,10,30000
52909,10,30000
52910,10,20000
52911,10,0
52912,10,30000
52913,10,0
52914,10,20000
52915,10,40000
52916,10,0
52917,10,0
52918,10,40000
52919,10,30000
52920,10,0
52921,10,0
52922,10,10000
52923,10,0
52924,10,20000
52925,10,0
52926,10,0
52927,10,5000
52928,10,50000
52929,10,30000
52930,10,10
52931,10,20000
52932,10,50000
52933,10,50000
52934,10,10000
52935,10,20000
52936,10,20000
52937,10,30000
52938,10,30000
52939,10,30000
52940,10,40000
52941,10,0
52942,10,50000
52943,10,0
52944,10,0
52945,10,30000
52946,10,0
52947,10,10000
52948,10,0
52949,10,20000
52950,10,30000
52951,10,10000
52952,10,10000
52953,10,0
52954,10,30000
52955,10,50000
52956,10,30000
52957,10,40000
52958,10,10000
52959,10,5000
52960,10,10000
52961,10,50000
52962,10,30000
52963,10,30000
52964,10,30000
52965,10,20000
52966,10,0
52967,10,20000
52968,10,5000
52969,10,40000
52970,10,0
52971,10,40000
52972,10,20000
52973,10,10000
52974,10,30000
52975,10,30000
52976,10,5000
52977,10,5000
52978,10,30000
52979,10,0
52980,10,5000
52981,10,0
52982,10,10000
52983,10,10000
52984,10,40000
52985,10,40000
52986,10,30000
52987,10,20000
52988,10,0
52989,10,0
52990,10,40000
52991,10,0
52992,10,40000
52993,10,10000
52994,10,50000
52995,10,5000
52996,10,30000
52997,10,5000
52998,10,30000
52999,10,5000
53000,10,0
53001,10,0
53002,10,20000
53003,10,0
53004,10,0
53005,10,10000
53006,10,50000
53007,10,0
53008,10,0
53009,10,0
53010,10,50000
53011,10,0
53012,10,0
53013,10,0
53014,10,0
53015,10,30000
53016,10,40000
53017,10,0
53018,10,50000
53019,10,40000
53020,10,50000
53021,10,30000
53022,10,5000
53023,10,5000
53024,10,0
53025,10,20000
53026,10,10000
53027,10,20000
53028,10,10000
53029,10,40000
53030,10,0
53031,10,0
53032,10,40000
53033,10,5000
53034,10,50000
53035,10,0
53036,10,0
53037,10,50000
53038,10,20000
53039,10,50000
53040,10,50000
53041,10,50000
53042,10,50000
53043,10,20000
53044,10,40000
53045,10,20000
53046,10,30000
53047,10,40000
53048,10,40000
53049,10,0
53050,10,0
53051,10,10000
53052,10,10000
53053,10,30000
53054,10,30000
53055,10,0
53056,10,10000
53057,10,0
53058,10,50000
53059,10,0
53060,10,30000
53061,10,40000
53062,10,30000
53063,10,30000
53064,10,10000
53065,10,20000
53066,10,20000
53067,10,50000
53068,10,10000
53069,10,0
53070,10,20000
53071,10,50000
53072,10,5000
53073,10,5000
53074,10,0
53075,10,5000
53076,10,10000
53077,10,10000
53078,10,30000
53079,10,20000
53080,10,0
53081,10,0
53082,10,20000
53083,10,20000
53084,10,0
53085,10,5000
53086,10,20000
53087,10,50000
53088,10,30000
53089,10,10000
53090,10,0
53091,10,10000
53092,10,20000
53093,10,40000
53094,10,20000
53095,10,40000
53096,10,0
53097,10,0
53098,10,40000
53099,10,0
53100,10,5000
53101,10,0
53102,10,0
53103,10,40000
53104,10,30000
53105,10,0
53106,10,0
53107,10,0
53108,10,40000
53109,10,30000
53110,10,30000
53111,10,0
53112,10,0
53113,10,0
53114,10,0
53115,10,30000
53116,10,20000
53117,10,0
53118,10,30000
53119,10,30000
53120,10,30000
53121,10,30000
53122,10,30000
53123,10,10000
53124,10,40000
53125,10,5000
53126,10,50000
53127,10,30000
53128,10,30000
53129,10,20000
53130,10,30000
53131,10,30000
53132,10,30000
53133,10,40000
53134,10,40000
53135,10,0
53136,10,5000
53137,10,30000
53138,10,5000
53139,10,0
53140,10,0
53141,10,0
53142,10,30000
53143,10,40000
53144,10,50000
53145,10,0
53146,10,0
53147,10,50000
53148,10,0
53149,10,40000
53150,10,40000
53151,10,40000
53152,10,50000
53153,10,50000
53154,10,0
53155,10,20000
53156,10,0
53157,10,50000
53158,10,0
53159,10,50000
53160,10,10000
53161,10,50000
53162,10,20000
53163,10,0
53164,10,5000
53165,10,50000
53166,10,0
53167,10,0
53168,10,40000
53169,10,0
53170,10,5000
53171,10,50000
53172,10,40000
53173,10,0
53174,10,0
53175,10,0
53176,10,30000
53177,10,10000
53178,10,30000
53179,10,20000
53180,10,20000
53181,10,5000
53182,10,40000
53183,10,0
53184,10,20000
53185,10,10000
53186,10,20000
53187,10,0
53188,10,0
53189,10,40000
53190,10,20000
53191,10,0
53192,10,20000
53193,10,0
53194,10,30000
53195,10,10000
53196,10,30000
53197,10,10000
53198,10,30000
53199,10,20000
53200,10,0
53201,10,0
53202,10,0
53203,10,50000
53204,10,50000
53205,10,40000
53206,10,20000
53207,10,40000
53208,10,0
53209,10,0
53210,10,5000
53211,10,0
53212,10,0
53213,10,5000
53214,10,0
53215,10,5000
53216,10,20000
53217,10,40000
53218,10,20000
53219,10,30000
53220,10,20000
53221,10,20000
53222,10,30000
53223,10,40000
53224,10,20000
53225,10,0
53226,10,0
53227,10,0
53228,10,0
53229,10,20000
53230,10,30000
53231,10,40000
53232,10,40000
53233,10,5000
53234,10,0
53235,10,0
53236,10,20000
53237,10,0
53238,10,0
53239,10,40000
53240,10,10000
53241,10,50000
53242,10,30000
53243,10,0
53244,10,30000
53245,10,30000
53246,10,5000
53247,10,5000
53248,10,0
53249,10,0
53250,10,20000
53251,10,0
53252,10,0
53253,10,5000
53254,10,10000
53255,10,30000
53256,10,20000
53257,10,5000
53258,10,0
53259,10,50000
53260,10,5000
53261,10,0
53262,10,30000
53263,10,30000
53264,10,30000
53265,10,0
53266,10,0
53267,10,0
53268,10,5000
53269,10,0
53270,10,30000
53271,10,0
53272,10,10000
53273,10,30000
53274,10,0
53275,10,0
53276,10,20000
53277,10,30000
53278,10,30000
53279,10,40000
53280,10,10000
53281,10,0
53282,10,5000
53283,10,30000
53284,10,30000
53285,10,0
53286,10,20000
53287,10,10000
53288,10,30000
53289,10,30000
53290,10,0
53291,10,0
53292,10,30000
53293,10,30000
53294,10,10000
53295,10,50000
53296,10,5000
53297,10,0
53298,10,10000
53299,10,20000
53300,10,10000
53301,10,0
53302,10,0
53303,10,50000
53304,10,50000
53305,10,20000
53306,10,30000
53307,10,50000
53308,10,5000
53309,10,0
53310,10,20000
53311,10,10000
53312,10,30000
53313,10,40000
53314,10,0
53315,10,30000
53316,10,20000
53317,10,0
53318,10,5000
53319,10,40000
53320,10,0
53321,10,30000
53322,10,0
53323,10,30000
53324,10,30000
53325,10,0
53326,10,40000
53327,10,30000
53328,10,50000
53329,10,40000
53330,10,20000
53331,10,40000
53332,10,30000
53333,10,50000
53334,10,30000
53335,10,30000
53336,10,0
53337,10,0
53338,10,20000
53339,10,20000
53340,10,20000
53341,10,10000
53342,10,40000
53343,10,30000
53344,10,50000
53345,10,50000
53346,10,0
53347,10,40000
53348,10,5000
53349,10,40000
53350,10,20000
53351,10,0
53352,10,50000
53353,10,20000
53354,10,50000
53355,10,0
53356,10,0
53357,10,5000
53358,10,20000
53359,10,30000
53360,10,30000
53361,10,20000
53362,10,40000
53363,10,30000
53364,10,20000
53365,10,5000
53366,10,30000
53367,10,10000
53368,10,0
53369,10,20000
53370,10,0
53371,10,0
53372,10,20000
53373,10,40000
53374,10,10000
53375,10,30000
53376,10,50000
53377,10,0
53378,10,50000
53379,10,10000
53380,10,0
53381,10,50000
53382,10,40000
53383,10,0
53384,10,0
53385,10,50000
53386,10,10000
53387,10,5000
53388,10,40000
53389,10,10000
53390,10,10000
53391,10,20000
53392,10,0
53393,10,30000
53394,10,20000
53395,10,0
53396,10,40000
53397,10,30000
53398,10,20000
53399,10,50000
53400,10,50000
53401,10,10000
53402,10,40000
53403,10,50000
53404,10,0
53405,10,5000
53406,10,0
53407,10,20000
53408,10,0
53409,10,0
53410,10,50000
53411,10,20000
53412,10,50000
53413,10,50000
53414,10,0
53415,10,5000
53416,10,0
53417,10,20000
53418,10,40000
53419,10,10000
53420,10,40000
53421,10,5000
53422,10,30000
53423,10,30000
53424,10,0
53425,10,20000
53426,10,50000
53427,10,10000
53428,10,20000
53429,10,40000
53430,10,10000
53431,10,20000
53432,10,30000
53433,10,30000
53434,10,20000
53435,10,50000
53436,10,50000
53437,10,0
53438,10,30000
53439,10,30000
53440,10,0
53441,10,40000
53442,10,40000
53443,10,40000
53444,10,0
53445,10,0
53446,10,40000
53447,10,0
53448,10,5000
53449,10,50000
53450,10,0
53451,10,10000
53452,10,30000
53453,10,0
53454,10,50000
53455,10,50000
53456,10,20000
53457,10,30000
53458,10,0
53459,10,10000
53460,10,30000
53461,10,10000
53462,10,20000
53463,10,30000
53464,10,0
53465,10,20000
53466,10,50000
53467,10,40000
53468,10,50000
53469,10,0
53470,10,5000
53471,10,0
53472,10,5000
53473,10,30000
53474,10,10000
53475,10,50000
53476,10,0
53477,10,5000
53478,10,30000
53479,10,30000
53480,10,20000
53481,10,50000
53482,10,20000
53483,10,0
53484,10,0
53485,10,0
53486,10,5000
53487,10,30000
53488,10,40000
53489,10,50000
53490,10,20000
53491,10,20000
53492,10,40000
53493,10,40000
53494,10,0
53495,10,0
53496,10,30000
53497,10,0
53498,10,0
53499,10,30000
53500,10,30000
53501,10,0
53502,10,20000
53503,10,0
53504,10,10000
53505,10,30000
53506,10,20000
53507,10,30000
53508,10,10000
53509,10,0
53510,10,50000
53511,10,20000
53512,10,40000
53513,10,20000
53514,10,10000
53515,10,0
53516,10,50000
53517,10,30000
53518,10,40000
53519,10,50000
53520,10,20000
53521,10,0
53522,10,20000
53523,10,5000
53524,10,20000
53525,10,30000
53526,10,40000
53527,10,0
53528,10,5000
53529,10,20000
53530,10,30000
53531,10,20000
53532,10,5000
53533,10,30000
53534,10,50000
53535,10,0
53536,10,10000
53537,10,30000
53538,10,20000
53539,10,50000
53540,10,0
53541,10,50000
53542,10,40000
53543,10,50000
53544,10,40000
53545,10,50000
53546,10,0
53547,10,20000
53548,10,0
53549,10,0
53550,10,20000
53551,10,50000
53552,10,50000
53553,10,30000
53554,10,10000
53555,10,50000
53556,10,40000
53557,10,10000
53558,10,10000
53559,10,0
53560,10,0
53561,10,5000
53562,10,0
53563,10,30000
53564,10,0
53565,10,0
53566,10,0
53567,10,50000
53568,10,0
53569,10,10000
53570,10,0
53571,10,40000
53572,10,30000
53573,10,0
53574,10,0
53575,10,0
53576,10,20000
53577,10,20000
53578,10,40000
53579,10,50000
53580,10,20000
53581,10,20000
53582,10,0
53583,10,10000
53584,10,50000
53585,10,0
53586,10,0
53587,10,20000
53588,10,40000
53589,10,50000
53590,10,5000
53591,10,10000
53592,10,50000
53593,10,30000
53594,10,50000
53595,10,0
53596,10,0
53597,10,50000
53598,10,30000
53599,10,0
53600,10,5000
53601,10,10000
53602,10,20000
53603,10,0
53604,10,10000
53605,10,30000
53606,10,0
53607,10,50000
53608,10,5000
53609,10,0
53610,10,30000
53611,10,40000
53612,10,0
53613,10,50000
53614,10,0
53615,10,30000
53616,10,5000
53617,10,30000
53618,10,40000
53619,10,50000
53620,10,50000
53621,10,40000
53622,10,30000
53623,10,0
53624,10,10000
53625,10,20000
53626,10,0
53627,10,50000
53628,10,50000
53629,10,20000
53630,10,10000
53631,10,20000
53632,10,0
53633,10,0
53634,10,0
53635,10,0
53636,10,40000
53637,10,20000
53638,10,5000
53639,10,40000
53640,10,5000
53641,10,50000
53642,10,40000
53643,10,30000
53644,10,0
53645,10,30000
53646,10,0
53647,10,10000
53648,10,5000
53649,10,0
53650,10,5000
53651,10,0
53652,10,10000
53653,10,0
53654,10,0
53655,10,5000
53656,10,0
53657,10,0
53658,10,0
53659,10,50000
53660,10,0
53661,10,20000
53662,10,50000
53663,10,10000
53664,10,40000
53665,10,20000
53666,10,30000
53667,10,5000
53668,10,0
53669,10,50000
53670,10,40000
53671,10,10000
53672,10,0
53673,10,10000
53674,10,20000
53675,10,0
53676,10,10000
53677,10,5000
53678,10,0
53679,10,50000
53680,10,10000
53681,10,0
53682,10,40000
53683,10,30000
53684,10,30000
53685,10,0
53686,10,5000
53687,10,10000
53688,10,10
53689,10,50000
53690,10,40000
53691,10,0
53692,10,0
53693,10,40000
53694,10,50000
53695,10,50000
53696,10,20000
53697,10,30000
53698,10,20000
53699,10,0
53700,10,20000
53701,10,30000
53702,10,0
53703,10,20000
53704,10,50000
53705,10,0
53706,10,0
53707,10,50000
53708,10,5000
53709,10,0
53710,10,30000
53711,10,10000
53712,10,0
53713,10,0
53714,10,40000
53715,10,0
53716,10,0
53717,10,40000
53718,10,40000
53719,10,30000
53720,10,30000
53721,10,0
53722,10,10000
53723,10,0
53724,10,30000
53725,10,30000
53726,10,5000
53727,10,20000
53728,10,30000
53729,10,50000
53730,10,0
53731,10,5000
53732,10,5000
53733,10,10000
53734,10,40000
53735,10,20000
53736,10,50000
53737,10,10000
53738,10,20000
53739,10,50000
53740,10,0
53741,10,40000
53742,10,40000
53743,10,40000
53744,10,30000
53745,10,10000
53746,10,30000
53747,10,30000
53748,10,20000
53749,10,0
53750,10,0
53751,10,0
53752,10,30000
53753,10,30000
53754,10,20000
53755,10,20000
53756,10,50000
53757,10,40000
53758,10,0
53759,10,50000
53760,10,30000
53761,10,20000
53762,10,5000
53763,10,0
53764,10,20000
53765,10,10000
53766,10,50000
53767,10,20000
53768,10,0
53769,10,0
53770,10,40000
53771,10,50000
53772,10,10
53773,10,40000
53774,10,50000
53775,10,30000
53776,10,10000
53777,10,20000
53778,10,0
53779,10,10000
53780,10,40000
53781,10,50000
53782,10,0
53783,10,30000
53784,10,50000
53785,10,5000
53786,10,20000
53787,10,30000
53788,10,50000
53789,10,30000
53790,10,0
53791,10,0
53792,10,5000
53793,10,20000
53794,10,0
53795,10,30000
53796,10,30000
53797,10,0
53798,10,0
53799,10,20000
53800,10,40000
53801,10,20000
53802,10,30000
53803,10,0
53804,10,5000
53805,10,50000
53806,10,30000
53807,10,0
53808,10,10000
53809,10,10000
53810,10,50000
53811,10,0
53812,10,50000
53813,10,5000
53814,10,0
53815,10,0
53816,10,5000
53817,10,5000
53818,10,50000
53819,10,0
53820,10,30000
53821,10,5000
53822,10,40000
53823,10,30000
53824,10,20000
53825,10,0
53826,10,0
53827,10,10000
53828,10,20000
53829,10,5000
53830,10,30000
53831,10,0
53832,10,30000
53833,10,10000
53834,10,0
53835,10,0
53836,10,5000
53837,10,20000
53838,10,0
53839,10,10000
53840,10,5000
53841,10,0
53842,10,20000
53843,10,20000
53844,10,30000
53845,10,20000
53846,10,10000
53847,10,0
53848,10,40000
53849,10,0
53850,10,5000
53851,10,5000
53852,10,50000
53853,10,0
53854,10,50000
53855,10,0
53856,10,10000
53857,10,50000
53858,10,40000
53859,10,0
53860,10,20000
53861,10,40000
53862,10,5000
53863,10,5000
53864,10,50000
53865,10,0
53866,10,20000
53867,10,10000
53868,10,0
53869,10,0
53870,10,50000
53871,10,50000
53872,10,50000
53873,10,5000
53874,10,20000
53875,10,0
53876,10,40000
53877,10,0
53878,10,0
53879,10,0
53880,10,30000
53881,10,50000
53882,10,0
53883,10,20000
53884,10,0
53885,10,50000
53886,10,0
53887,10,20000
53888,10,5000
53889,10,40000
53890,10,0
53891,10,5000
53892,10,0
53893,10,50000
53894,10,0
53895,10,20000
53896,10,40000
53897,10,10000
53898,10,0
53899,10,10000
53900,10,50000
53901,10,30000
53902,10,0
53903,10,0
53904,10,20000
53905,10,30000
53906,10,50000
53907,10,0
53908,10,50000
53909,10,50000
53910,10,5000
53911,10,5000
53912,10,40000
53913,10,20000
53914,10,20000
53915,10,40000
53916,10,50000
53917,10,5000
53918,10,50000
53919,10,40000
53920,10,0
53921,10,10000
53922,10,0
53923,10,5000
53924,10,30000
53925,10,0
53926,10,50000
53927,10,20000
53928,10,0
53929,10,0
53930,10,0
53931,10,20000
53932,10,0
53933,10,20000
53934,10,0
53935,10,50000
53936,10,50000
53937,10,30000
53938,10,0
53939,10,10000
53940,10,30000
53941,10,30000
53942,10,30000
53943,10,20000
53944,10,40000
53945,10,0
53946,10,50000
53947,10,50000
53948,10,30000
53949,10,50000
53950,10,50000
53951,10,40000
53952,10,20000
53953,10,30000
53954,10,5000
53955,10,0
53956,10,50000
53957,10,20000
53958,10,5000
53959,10,5000
53960,10,50000
53961,10,30000
53962,10,10000
53963,10,0
53964,10,20000
53965,10,40000
53966,10,10000
53967,10,20000
53968,10,40000
53969,10,0
53970,10,20000
53971,10,0
53972,10,40000
53973,10,30000
53974,10,30000
53975,10,30000
53976,10,20000
53977,10,30000
53978,10,0
53979,10,30000
53980,10,50000
53981,10,5000
53982,10,0
53983,10,10000
53984,10,10000
53985,10,40000
53986,10,10000
53987,10,10000
53988,10,0
53989,10,30000
53990,10,0
53991,10,0
53992,10,5000
53993,10,5000
53994,10,40000
53995,10,0
53996,10,0
53997,10,40000
53998,10,5000
53999,10,20000
54000,10,0
54001,10,30000
54002,10,30000
54003,10,5000
54004,10,0
54005,10,30000
54006,10,20000
54007,10,0
54008,10,40000
54009,10,5000
54010,10,10000
54011,10,0
54012,10,40000
54013,10,0
54014,10,0
54015,10,0
54016,10,0
54017,10,0
54018,10,20000
54019,10,0
54020,10,0
54021,10,30000
54022,10,5000
54023,10,50000
54024,10,0
54025,10,0
54026,10,20000
54027,10,0
54028,10,0
54029,10,0
54030,10,50000
54031,10,5000
54032,10,0
54033,10,30000
54034,10,30000
54035,10,30000
54036,10,40000
54037,10,0
54038,10,50000
54039,10,30000
54040,10,0
54041,10,30000
54042,10,30000
54043,10,0
54044,10,0
54045,10,40000
54046,10,0
54047,10,10000
54048,10,0
54049,10,20000
54050,10,20000
54051,10,40000
54052,10,40000
54053,10,10000
54054,10,0
54055,10,30000
54056,10,20000
54057,10,20000
54058,10,10000
54059,10,0
54060,10,50000
54061,10,40000
54062,10,10000
54063,10,30000
54064,10,30000
54065,10,40000
54066,10,30000
54067,10,10000
54068,10,20000
54069,10,0
54070,10,0
54071,10,0
54072,10,50000
54073,10,20000
54074,10,30000
54075,10,10000
54076,10,30000
54077,10,40000
54078,10,30000
54079,10,0
54080,10,20000
54081,10,10000
54082,10,0
54083,10,5000
54084,10,20000
54085,10,20000
54086,10,20000
54087,10,20000
54088,10,0
54089,10,0
54090,10,10000
54091,10,50000
54092,10,0
54093,10,0
54094,10,50000
54095,10,5000
54096,10,20000
54097,10,40000
54098,10,30000
54099,10,5000
54100,10,20000
54101,10,0
54102,10,50000
54103,10,0
54104,10,20000
54105,10,30000
54106,10,30000
54107,10,40000
54108,10,0
54109,10,20000
54110,10,30000
54111,10,10000
54112,10,0
54113,10,30000
54114,10,0
54115,10,30000
54116,10,0
54117,10,50000
54118,10,30000
54119,10,40000
54120,10,0
54121,10,0
54122,10,0
54123,10,40000
54124,10,0
54125,10,0
54126,10,50000
54127,10,20000
54128,10,0
54129,10,50000
54130,10,50000
54131,10,50000
54132,10,50000
54133,10,0
54134,10,20000
54135,10,10000
54136,10,20000
54137,10,50000
54138,10,40000
54139,10,5000
54140,10,10000
54141,10,50000
54142,10,40000
54143,10,40000
54144,10,0
54145,10,30000
54146,10,50000
54147,10,30000
54148,10,0
54149,10,20000
54150,10,20000
54151,10,40000
54152,10,0
54153,10,20000
54154,10,0
54155,10,10000
54156,10,0
54157,10,0
54158,10,40000
54159,10,40000
54160,10,0
54161,10,30000
54162,10,0
54163,10,0
54164,10,50000
54165,10,50000
54166,10,0
54167,10,30000
54168,10,20000
54169,10,0
54170,10,0
54171,10,5000
54172,10,30000
54173,10,50000
54174,10,10000
54175,10,50000
54176,10,0
54177,10,30000
54178,10,50000
54179,10,0
54180,10,50000
54181,10,0
54182,10,0
54183,10,20000
54184,10,20000
54185,10,50000
54186,10,0
54187,10,10000
54188,10,30000
54189,10,5000
54190,10,10000
54191,10,20000
54192,10,30000
54193,10,50000
54194,10,0
54195,10,30000
54196,10,5000
54197,10,50000
54198,10,50000
54199,10,0
54200,10,20000
54201,10,20000
54202,10,40000
54203,10,10000
54204,10,30000
54205,10,30000
54206,10,20000
54207,10,0
54208,10,0
54209,10,20000
54210,10,5000
54211,10,0
54212,10,10000
54213,10,20000
54214,10,0
54215,10,20000
54216,10,20000
54217,10,0
54218,10,0
54219,10,30000
54220,10,30000
54221,10,0
54222,10,0
54223,10,30000
54224,10,0
54225,10,40000
54226,10,10000
54227,10,30000
54228,10,0
54229,10,20000
54230,10,50000
54231,10,20000
54232,10,5000
54233,10,10000
54234,10,30000
54235,10,0
54236,10,5000
54237,10,0
54238,10,20000
54239,10,5000
54240,10,5000
54241,10,0
54242,10,50000
54243,10,40000
54244,10,0
54245,10,0
54246,10,20000
54247,10,30000
54248,10,0
54249,10,0
54250,10,0
54251,10,20000
54252,10,20000
54253,10,10000
54254,10,10000
54255,10,30000
54256,10,20000
54257,10,0
54258,10,40000
54259,10,0
54260,10,10000
54261,10,50000
54262,10,50000
54263,10,0
54264,10,30000
54265,10,40000
54266,10,20000
54267,10,5000
54268,10,50000
54269,10,20000
54270,10,0
54271,10,0
54272,10,10000
54273,10,40000
54274,10,30000
54275,10,10000
54276,10,5000
54277,10,0
54278,10,10000
54279,10,50000
54280,10,20000
54281,10,50000
54282,10,40000
54283,10,30000
54284,10,30000
54285,10,50000
54286,10,5000
54287,10,0
54288,10,0
54289,10,0
54290,10,20000
54291,10,50000
54292,10,50000
54293,10,0
54294,10,5000
54295,10,0
54296,10,50000
54297,10,40000
54298,10,30000
54299,10,10000
54300,10,30000
54301,10,10000
54302,10,10000
54303,10,5000
54304,10,40000
54305,10,5000
54306,10,20000
54307,10,10000
54308,10,5000
54309,10,5000
54310,10,10000
54311,10,20000
54312,10,40000
54313,10,50000
54314,10,5000
54315,10,20000
54316,10,40000
54317,10,5000
54318,10,30000
54319,10,50000
54320,10,20000
54321,10,50000
54322,10,30000
54323,10,0
54324,10,5000
54325,10,20000
54326,10,30000
54327,10,10000
54328,10,0
54329,10,5000
54330,10,40000
54331,10,0
54332,10,5000
54333,10,10000
54334,10,10000
54335,10,0
54336,10,20000
54337,10,30000
54338,10,5000
54339,10,50000
54340,10,5000
54341,10,0
54342,10,50000
54343,10,30000
54344,10,30000
54345,10,20000
54346,10,0
54347,10,40000
54348,10,30000
54349,10,50000
54350,10,50000
54351,10,20000
54352,10,20000
54353,10,5000
54354,10,40000
54355,10,40000
54356,10,20000
54357,10,0
54358,10,30000
54359,10,20000
54360,10,30000
54361,10,30000
54362,10,0
54363,10,10000
54364,10,30000
54365,10,50000
54366,10,5000
54367,10,0
54368,10,40000
54369,10,10000
54370,10,50000
54371,10,5000
54372,10,50000
54373,10,40000
54374,10,0
54375,10,10000
54376,10,30000
54377,10,0
54378,10,30000
54379,10,30000
54380,10,5000
54381,10,20000
54382,10,0
54383,10,0
54384,10,50000
54385,10,0
54386,10,0
54387,10,30000
54388,10,5000
54389,10,5000
54390,10,20000
54391,10,0
54392,10,50000
54393,10,0
54394,10,40000
54395,10,20000
54396,10,10000
54397,10,0
54398,10,40000
54399,10,20000
54400,10,30000
54401,10,30000
54402,10,50000
54403,10,50000
54404,10,20000
54405,10,50000
54406,10,50000
54407,10,10000
54408,10,30000
54409,10,50000
54410,10,0
54411,10,20000
54412,10,40000
54413,10,5000
54414,10,10000
54415,10,20000
54416,10,30000
54417,10,0
54418,10,0
54419,10,0
54420,10,20000
54421,10,20000
54422,10,30000
54423,10,0
54424,10,10000
54425,10,20000
54426,10,5000
54427,10,0
54428,10,30000
54429,10,0
54430,10,40000
54431,10,10000
54432,10,30000
54433,10,20000
54434,10,40000
54435,10,20000
54436,10,0
54437,10,50000
54438,10,0
54439,10,30000
54440,10,10000
54441,10,0
54442,10,20000
54443,10,40000
54444,10,5000
54445,10,0
54446,10,50000
54447,10,0
54448,10,20000
54449,10,0
54450,10,40000
54451,10,0
54452,10,30000
54453,10,0
54454,10,50000
54455,10,5000
54456,10,30000
54457,10,20000
54458,10,5000
54459,10,5000
54460,10,0
54461,10,20000
54462,10,0
54463,10,20000
54464,10,0
54465,10,30000
54466,10,30000
54467,10,30000
54468,10,20000
54469,10,30000
54470,10,0
54471,10,30000
54472,10,5000
54473,10,30000
54474,10,0
54475,10,40000
54476,10,20000
54477,10,20000
54478,10,10000
54479,10,30000
54480,10,30000
54481,10,20000
54482,10,50000
54483,10,20000
54484,10,0
54485,10,10000
54486,10,10000
54487,10,40000
54488,10,5000
54489,10,0
54490,10,40000
54491,10,50000
54492,10,50000
54493,10,10000
54494,10,0
54495,10,10000
54496,10,50000
54497,10,0
54498,10,0
54499,10,20000
54500,10,20000
54501,10,50000
54502,10,10000
54503,10,50000
54504,10,30000
54505,10,20000
54506,10,0
54507,10,0
54508,10,30000
54509,10,20000
54510,10,5000
54511,10,50000
54512,10,50000
54513,10,5000
54514,10,0
54515,10,0
54516,10,30000
54517,10,30000
54518,10,0
54519,10,10000
54520,10,50000
54521,10,40000
54522,10,5000
54523,10,0
54524,10,40000
54525,10,0
54526,10,5000
54527,10,30000
54528,10,20000
54529,10,0
54530,10,30000
54531,10,0
54532,10,20000
54533,10,30000
54534,10,0
54535,10,30000
54536,10,0
54537,10,5000
54538,10,5000
54539,10,30000
54540,10,40000
54541,10,30000
54542,10,0
54543,10,50000
54544,10,30000
54545,10,20000
54546,10,0
54547,10,30000
54548,10,0
54549,10,10000
54550,10,0
54551,10,20000
54552,10,0
54553,10,0
54554,10,10000
54555,10,30000
54556,10,50000
54557,10,0
54558,10,10000
54559,10,50000
54560,10,40000
54561,10,0
54562,10,20000
54563,10,20000
54564,10,5000
54565,10,0
54566,10,40000
54567,10,5000
54568,10,0
54569,10,10000
54570,10,20000
54571,10,0
54572,10,10000
54573,10,20000
54574,10,0
54575,10,0
54576,10,5000
54577,10,0
54578,10,0
54579,10,5000
54580,10,0
54581,10,50000
54582,10,50000
54583,10,0
54584,10,40000
54585,10,20000
54586,10,0
54587,10,40000
54588,10,20000
54589,10,0
54590,10,0
54591,10,30000
54592,10,0
54593,10,20000
54594,10,20000
54595,10,30000
54596,10,0
54597,10,0
54598,10,10
54599,10,10000
54600,10,0
54601,10,10000
54602,10,5000
54603,10,50000
54604,10,5000
54605,10,0
54606,10,0
54607,10,20000
54608,10,5000
54609,10,30000
54610,10,0
54611,10,30000
54612,10,40000
54613,10,20000
54614,10,0
54615,10,30000
54616,10,20000
54617,10,10000
54618,10,20000
54619,10,5000
54620,10,40000
54621,10,50000
54622,10,50000
54623,10,0
54624,10,10000
54625,10,20000
54626,10,50000
54627,10,0
54628,10,30000
54629,10,20000
54630,10,40000
54631,10,5000
54632,10,10000
54633,10,5000
54634,10,40000
54635,10,20000
54636,10,10000
54637,10,30000
54638,10,50000
54639,10,10000
54640,10,40000
54641,10,5000
54642,10,30000
54643,10,50000
54644,10,40000
54645,10,0
54646,10,5000
54647,10,5000
54648,10,50000
54649,10,30000
54650,10,10000
54651,10,0
54652,10,0
54653,10,0
54654,10,10000
54655,10,0
54656,10,30000
54657,10,0
54658,10,0
54659,10,0
54660,10,0
54661,10,30000
54662,10,10000
54663,10,50000
54664,10,40000
54665,10,0
54666,10,0
54667,10,30000
54668,10,0
54669,10,0
54670,10,20000
54671,10,20000
54672,10,0
54673,10,10000
54674,10,0
54675,10,30000
54676,10,10000
54677,10,0
54678,10,10000
54679,10,10000
54680,10,5000
54681,10,50000
54682,10,20000
54683,10,0
54684,10,20000
54685,10,30000
54686,10,20000
54687,10,0
54688,10,50000
54689,10,50000
54690,10,20000
54691,10,40000
54692,10,20000
54693,10,30000
54694,10,0
54695,10,20000
54696,10,30000
54697,10,5000
54698,10,20000
54699,10,0
54700,10,50000
54701,10,30000
54702,10,40000
54703,10,50000
54704,10,0
54705,10,30000
54706,10,30000
54707,10,0
54708,10,30000
54709,10,0
54710,10,5000
54711,10,0
54712,10,50000
54713,10,50000
54714,10,5000
54715,10,0
54716,10,5000
54717,10,5000
54718,10,20000
54719,10,20000
54720,10,10000
54721,10,30000
54722,10,0
54723,10,20000
54724,10,0
54725,10,30000
54726,10,0
54727,10,0
54728,10,50000
54729,10,5000
54730,10,0
54731,10,5000
54732,10,0
54733,10,0
54734,10,0
54735,10,50000
54736,10,5000
54737,10,20000
54738,10,30000
54739,10,30000
54740,10,20000
54741,10,50000
54742,10,20000
54743,10,50000
54744,10,0
54745,10,30000
54746,10,20000
54747,10,40000
54748,10,0
54749,10,5000
54750,10,40000
54751,10,50000
54752,10,30000
54753,10,10000
54754,10,5000
54755,10,10000
54756,10,30000
54757,10,10000
54758,10,5000
54759,10,20000
54760,10,40000
54761,10,20000
54762,10,30000
54763,10,5000
54764,10,40000
54765,10,20000
54766,10,20000
54767,10,10000
54768,10,0
54769,10,50000
54770,10,5000
54771,10,0
54772,10,50000
54773,10,50000
54774,10,10000
54775,10,0
54776,10,10000
54777,10,40000
54778,10,5000
54779,10,50000
54780,10,20000
54781,10,50000
54782,10,50000
54783,10,0
54784,10,20000
54785,10,0
54786,10,20000
54787,10,0
54788,10,5000
54789,10,20000
54790,10,30000
54791,10,30000
54792,10,20000
54793,10,0
54794,10,0
54795,10,10000
54796,10,40000
54797,10,5000
54798,10,50000
54799,10,30000
54800,10,30000
54801,10,40000
54802,10,0
54803,10,30000
54804,10,0
54805,10,40000
54806,10,30000
54807,10,30000
54808,10,0
54809,10,30000
54810,10,0
54811,10,0
54812,10,10000
54813,10,10000
54814,10,40000
54815,10,20000
54816,10,0
54817,10,30000
54818,10,50000
54819,10,50000
54820,10,0
54821,10,0
54822,10,30000
54823,10,0
54824,10,0
54825,10,50000
54826,10,0
54827,10,50000
54828,10,40000
54829,10,30000
54830,10,50000
54831,10,30000
54832,10,30000
54833,10,0
54834,10,30000
54835,10,30000
54836,10,50000
54837,10,20000
54838,10,40000
54839,10,0
54840,10,10000
54841,10,40000
54842,10,0
54843,10,0
54844,10,40000
54845,10,30000
54846,10,20000
54847,10,20000
54848,10,0
54849,10,20000
54850,10,50000
54851,10,20000
54852,10,0
54853,10,10000
54854,10,0
54855,10,0
54856,10,20000
54857,10,5000
54858,10,0
54859,10,50000
54860,10,10000
54861,10,40000
54862,10,0
54863,10,10000
54864,10,10000
54865,10,5000
54866,10,30000
54867,10,50000
54868,10,5000
54869,10,50000
54870,10,0
54871,10,0
54872,10,40000
54873,10,30000
54874,10,0
54875,10,20000
54876,10,0
54877,10,50000
54878,10,50000
54879,10,20000
54880,10,5000
54881,10,0
54882,10,0
54883,10,20000
54884,10,5000
54885,10,10000
54886,10,40000
54887,10,30000
54888,10,5000
54889,10,20000
54890,10,50000
54891,10,20000
54892,10,0
54893,10,10000
54894,10,20000
54895,10,10000
54896,10,0
54897,10,0
54898,10,0
54899,10,0
54900,10,30000
54901,10,10000
54902,10,30000
54903,10,20000
54904,10,0
54905,10,50000
54906,10,50000
54907,10,20000
54908,10,40000
54909,10,10000
54910,10,30000
54911,10,30000
54912,10,0
54913,10,20000
54914,10,0
54915,10,0
54916,10,5000
54917,10,5000
54918,10,50000
54919,10,0
54920,10,0
54921,10,0
54922,10,0
54923,10,50000
54924,10,0
54925,10,0
54926,10,0
54927,10,40000
54928,10,30000
54929,10,0
54930,10,10000
54931,10,50000
54932,10,20000
54933,10,50000
54934,10,50000
54935,10,50000
54936,10,30000
54937,10,50000
54938,10,50000
54939,10,40000
54940,10,30000
54941,10,20000
54942,10,10000
54943,10,0
54944,10,30000
54945,10,10000
54946,10,0
54947,10,20000
54948,10,0
54949,10,30000
54950,10,0
54951,10,50000
54952,10,30000
54953,10,0
54954,10,30000
54955,10,0
54956,10,20000
54957,10,0
54958,10,30000
54959,10,30000
54960,10,30000
54961,10,30000
54962,10,0
54963,10,0
54964,10,0
54965,10,10000
54966,10,40000
54967,10,20000
54968,10,20000
54969,10,20000
54970,10,50000
54971,10,0
54972,10,0
54973,10,0
54974,10,20000
54975,10,5000
54976,10,5000
54977,10,5000
54978,10,20000
54979,10,0
54980,10,50000
54981,10,5000
54982,10,30000
54983,10,50000
54984,10,30000
54985,10,40000
54986,10,20000
54987,10,50000
54988,10,0
54989,10,10
54990,10,50000
54991,10,50000
54992,10,10000
54993,10,30000
54994,10,10000
54995,10,30000
54996,10,50000
54997,10,10000
54998,10,0
54999,10,20000
55000,10,20000
55001,10,30000
55002,10,0
55003,10,10000
55004,10,0
55005,10,30000
55006,10,30000
55007,10,0
55008,10,10000
55009,10,20000
55010,10,30000
55011,10,20000
55012,10,5000
55013,10,0
55014,10,10000
55015,10,0
55016,10,0
55017,10,0
55018,10,20000
55019,10,20000
55020,10,20000
55021,10,40000
55022,10,0
55023,10,20000
55024,10,50000
55025,10,20000
55026,10,30000
55027,10,50000
55028,10,20000
55029,10,0
55030,10,20000
55031,10,40000
55032,10,40000
55033,10,20000
55034,10,20000
55035,10,30000
55036,10,40000
55037,10,30000
55038,10,30000
55039,10,10000
55040,10,0
55041,10,50000
55042,10,0
55043,10,50000
55044,10,5000
55045,10,30000
55046,10,10000
55047,10,20000
55048,10,40000
55049,10,50000
55050,10,0
55051,10,30000
55052,10,30000
55053,10,5000
55054,10,0
55055,10,30000
55056,10,40000
55057,10,40000
55058,10,20000
55059,10,40000
55060,10,50000
55061,10,0
55062,10,50000
55063,10,50000
55064,10,10000
55065,10,0
55066,10,20000
55067,10,20000
55068,10,0
55069,10,10000
55070,10,0
55071,10,5000
55072,10,0
55073,10,20000
55074,10,20000
55075,10,20000
55076,10,30000
55077,10,5000
55078,10,50000
55079,10,0
55080,10,30000
55081,10,20000
55082,10,5000
55083,10,0
55084,10,10000
55085,10,30000
55086,10,20000
55087,10,10000
55088,10,50000
55089,10,20000
55090,10,50000
55091,10,40000
55092,10,20000
55093,10,40000
55094,10,30000
55095,10,0
55096,10,40000
55097,10,0
55098,10,30000
55099,10,0
55100,10,40000
55101,10,30000
55102,10,20000
55103,10,5000
55104,10,50000
55105,10,0
55106,10,30000
55107,10,40000
55108,10,5000
55109,10,0
55110,10,5000
55111,10,0
55112,10,50000
55113,10,40000
55114,10,30000
55115,10,0
55116,10,30000
55117,10,0
55118,10,50000
55119,10,40000
55120,10,30000
55121,10,50000
55122,10,5000
55123,10,40000
55124,10,0
55125,10,0
55126,10,30000
55127,10,0
55128,10,30000
55129,10,40000
55130,10,20000
55131,10,0
55132,10,5000
55133,10,0
55134,10,40000
55135,10,20000
55136,10,0
55137,10,20000
55138,10,10000
55139,10,10000
55140,10,0
55141,10,0
55142,10,0
55143,10,30000
55144,10,50000
55145,10,5000
55146,10,0
55147,10,50000
55148,10,50000
55149,10,0
55150,10,10000
55151,10,30000
55152,10,0
55153,10,20000
55154,10,40000
55155,10,20000
55156,10,30000
55157,10,0
55158,10,0
55159,10,30000
55160,10,0
55161,10,50000
55162,10,30000
55163,10,0
55164,10,20000
55165,10,30000
55166,10,20000
55167,10,40000
55168,10,5000
55169,10,0
55170,10,30000
55171,10,20000
55172,10,40000
55173,10,50000
55174,10,5000
55175,10,30000
55176,10,30000
55177,10,40000
55178,10,50000
55179,10,40000
55180,10,20000
55181,10,0
55182,10,10000
55183,10,0
55184,10,20000
55185,10,50000
55186,10,30000
55187,10,40000
55188,10,40000
55189,10,20000
55190,10,50000
55191,10,50000
55192,10,20000
55193,10,30000
55194,10,0
55195,10,30000
55196,10,0
55197,10,0
55198,10,30000
55199,10,40000
55200,10,30000
55201,10,30000
55202,10,0
55203,10,20000
55204,10,0
55205,10,20000
55206,10,30000
55207,10,20000
55208,10,30000
55209,10,0
55210,10,10000
55211,10,20000
55212,10,0
55213,10,50000
55214,10,30000
55215,10,20000
55216,10,40000
55217,10,30000
55218,10,0
55219,10,30000
55220,10,10000
55221,10,5000
55222,10,20000
55223,10,5000
55224,10,40000
55225,10,0
55226,10,5000
55227,10,20000
55228,10,40000
55229,10,20000
55230,10,30000
55231,10,40000
55232,10,20000
55233,10,0
55234,10,10000
55235,10,10000
55236,10,40000
55237,10,10000
55238,10,0
55239,10,30000
55240,10,5000
55241,10,10000
55242,10,50000
55243,10,0
55244,10,40000
55245,10,30000
55246,10,20000
55247,10,30000
55248,10,20000
55249,10,0
55250,10,50000
55251,10,0
55252,10,0
55253,10,0
55254,10,0
55255,10,10000
55256,10,10000
55257,10,20000
55258,10,0
55259,10,30000
55260,10,40000
55261,10,30000
55262,10,40000
55263,10,5000
55264,10,10000
55265,10,0
55266,10,10000
55267,10,10
55268,10,40000
55269,10,0
55270,10,40000
55271,10,30000
55272,10,20000
55273,10,0
55274,10,40000
55275,10,0
55276,10,10
55277,10,20000
55278,10,30000
55279,10,30000
55280,10,0
55281,10,10000
55282,10,0
55283,10,5000
55284,10,0
55285,10,10000
55286,10,10000
55287,10,30000
55288,10,0
55289,10,0
55290,10,30000
55291,10,50000
55292,10,40000
55293,10,5000
55294,10,10000
55295,10,40000
55296,10,40000
55297,10,20000
55298,10,10000
55299,10,0
55300,10,0
55301,10,40000
55302,10,50000
55303,10,0
55304,10,0
55305,10,20000
55306,10,10000
55307,10,30000
55308,10,10000
55309,10,5000
55310,10,40000
55311,10,20000
55312,10,5000
55313,10,0
55314,10,5000
55315,10,30000
55316,10,40000
55317,10,0
55318,10,5000
55319,10,10000
55320,10,50000
55321,10,30000
55322,10,40000
55323,10,0
55324,10,20000
55325,10,40000
55326,10,0
55327,10,40000
55328,10,40000
55329,10,0
55330,10,10000
55331,10,20000
55332,10,50000
55333,10,20000
55334,10,50000
55335,10,0
55336,10,5000
55337,10,20000
55338,10,5000
55339,10,40000
55340,10,0
55341,10,0
55342,10,10000
55343,10,0
55344,10,0
55345,10,5000
55346,10,0
55347,10,5000
55348,10,0
55349,10,30000
55350,10,20000
55351,10,20000
55352,10,5000
55353,10,20000
55354,10,50000
55355,10,10
55356,10,10000
55357,10,20000
55358,10,5000
55359,10,50000
55360,10,0
55361,10,30000
55362,10,30000
55363,10,30000
55364,10,10000
55365,10,0
55366,10,40000
55367,10,30000
55368,10,20000
55369,10,0
55370,10,30000
55371,10,40000
55372,10,40000
55373,10,40000
55374,10,50000
55375,10,30000
55376,10,20000
55377,10,10000
55378,10,50000
55379,10,0
55380,10,40000
55381,10,30000
55382,10,0
55383,10,40000
55384,10,10000
55385,10,20000
55386,10,5000
55387,10,50000
55388,10,50000
55389,10,30000
55390,10,20000
55391,10,0
55392,10,40000
55393,10,0
55394,10,5000
55395,10,10000
55396,10,10000
55397,10,10000
55398,10,0
55399,10,20000
55400,10,30000
55401,10,50000
55402,10,50000
55403,10,20000
55404,10,30000
55405,10,50000
55406,10,20000
55407,10,50000
55408,10,30000
55409,10,30000
55410,10,30000
55411,10,0
55412,10,10000
55413,10,50000
55414,10,20000
55415,10,30000
55416,10,30000
55417,10,5000
55418,10,0
55419,10,0
55420,10,0
55421,10,0
55422,10,0
55423,10,30000
55424,10,20000
55425,10,20000
55426,10,40000
55427,10,20000
55428,10,0
55429,10,30000
55430,10,0
55431,10,20000
55432,10,50000
55433,10,0
55434,10,50000
55435,10,0
55436,10,0
55437,10,40000
55438,10,20000
55439,10,10000
55440,10,20000
55441,10,30000
55442,10,5000
55443,10,20000
55444,10,0
55445,10,20000
55446,10,40000
55447,10,10000
55448,10,50000
55449,10,30000
55450,10,20000
55451,10,5000
55452,10,10000
55453,10,50000
55454,10,50000
55455,10,20000
55456,10,10000
55457,10,0
55458,10,0
55459,10,5000
55460,10,0
55461,10,0
55462,10,20000
55463,10,50000
55464,10,10000
55465,10,30000
55466,10,20000
55467,10,50000
55468,10,50000
55469,10,30000
55470,10,10000
55471,10,0
55472,10,0
55473,10,30000
55474,10,5000
55475,10,0
55476,10,30000
55477,10,0
55478,10,0
55479,10,0
55480,10,5000
55481,10,30000
55482,10,0
55483,10,20000
55484,10,0
55485,10,50000
55486,10,0
55487,10,0
55488,10,20000
55489,10,0
55490,10,10000
55491,10,0
55492,10,20000
55493,10,50000
55494,10,10000
55495,10,0
55496,10,30000
55497,10,5000
55498,10,50000
55499,10,0
55500,10,0
55501,10,0
55502,10,10000
55503,10,20000
55504,10,0
55505,10,30000
55506,10,30000
55507,10,5000
55508,10,0
55509,10,20000
55510,10,10000
55511,10,50000
55512,10,40000
55513,10,50000
55514,10,30000
55515,10,0
55516,10,30000
55517,10,0
55518,10,0
55519,10,0
55520,10,0
55521,10,5000
55522,10,40000
55523,10,50000
55524,10,0
55525,10,5000
55526,10,30000
55527,10,30000
55528,10,40000
55529,10,20000
55530,10,40000
55531,10,50000
55532,10,5000
55533,10,30000
55534,10,20000
55535,10,50000
55536,10,40000
55537,10,20000
55538,10,5000
55539,10,40000
55540,10,5000
55541,10,30000
55542,10,20000
55543,10,0
55544,10,30000
55545,10,0
55546,10,0
55547,10,20000
55548,10,0
55549,10,5000
55550,10,0
55551,10,0
55552,10,20000
55553,10,30000
55554,10,20000
55555,10,30000
55556,10,30000
55557,10,0
55558,10,30000
55559,10,0
55560,10,40000
55561,10,10000
55562,10,0
55563,10,0
55564,10,50000
55565,10,20000
55566,10,5000
55567,10,5000
55568,10,30000
55569,10,0
55570,10,20000
55571,10,5000
55572,10,40000
55573,10,20000
55574,10,0
55575,10,30000
55576,10,10000
55577,10,10000
55578,10,0
55579,10,0
55580,10,10000
55581,10,30000
55582,10,0
55583,10,10000
55584,10,10000
55585,10,50000
55586,10,0
55587,10,5000
55588,10,10000
55589,10,30000
55590,10,40000
55591,10,0
55592,10,10000
55593,10,20000
55594,10,10000
55595,10,0
55596,10,0
55597,10,0
55598,10,10000
55599,10,20000
55600,10,50000
55601,10,10000
55602,10,0
55603,10,30000
55604,10,20000
55605,10,0
55606,10,0
55607,10,40000
55608,10,40000
55609,10,10000
55610,10,50000
55611,10,0
55612,10,0
55613,10,30000
55614,10,50000
55615,10,0
55616,10,0
55617,10,30000
55618,10,40000
55619,10,0
55620,10,20000
55621,10,5000
55622,10,40000
55623,10,0
55624,10,20000
55625,10,20000
55626,10,10000
55627,10,0
55628,10,10000
55629,10,0
55630,10,20000
55631,10,50000
55632,10,50000
55633,10,20000
55634,10,30000
55635,10,30000
55636,10,0
55637,10,30000
55638,10,30000
55639,10,10000
55640,10,0
55641,10,20000
55642,10,5000
55643,10,20000
55644,10,5000
55645,10,40000
55646,10,20000
55647,10,10000
55648,10,0
55649,10,10000
55650,10,40000
55651,10,40000
55652,10,40000
55653,10,30000
55654,10,20000
55655,10,0
55656,10,10000
55657,10,50000
55658,10,20000
55659,10,0
55660,10,50000
55661,10,30000
55662,10,30000
55663,10,5000
55664,10,20000
55665,10,30000
55666,10,40000
55667,10,0
55668,10,40000
55669,10,10000
55670,10,50000
55671,10,50000
55672,10,20000
55673,10,0
55674,10,20000
55675,10,5000
55676,10,5000
55677,10,30000
55678,10,30000
55679,10,0
55680,10,50000
55681,10,40000
55682,10,5000
55683,10,50000
55684,10,50000
55685,10,40000
55686,10,5000
55687,10,30000
55688,10,50000
55689,10,0
55690,10,30000
55691,10,50000
55692,10,0
55693,10,30000
55694,10,0
55695,10,30000
55696,10,40000
55697,10,10000
55698,10,0
55699,10,0
55700,10,5000
55701,10,20000
55702,10,20000
55703,10,40000
55704,10,0
55705,10,10
55706,10,50000
55707,10,20000
55708,10,20000
55709,10,0
55710,10,40000
55711,10,0
55712,10,50000
55713,10,20000
55714,10,50000
55715,10,0
55716,10,20000
55717,10,30000
55718,10,30000
55719,10,30000
55720,10,10000
55721,10,0
55722,10,10000
55723,10,10000
55724,10,0
55725,10,30000
55726,10,20000
55727,10,20000
55728,10,0
55729,10,0
55730,10,20000
55731,10,0
55732,10,40000
55733,10,50000
55734,10,40000
55735,10,0
55736,10,50000
55737,10,0
55738,10,30000
55739,10,0
55740,10,0
55741,10,50000
55742,10,50000
55743,10,5000
55744,10,0
55745,10,5000
55746,10,0
55747,10,20000
55748,10,40000
55749,10,0
55750,10,50000
55751,10,40000
55752,10,30000
55753,10,10000
55754,10,30000
55755,10,50000
55756,10,20000
55757,10,10
55758,10,30000
55759,10,40000
55760,10,30000
55761,10,20000
55762,10,0
55763,10,30000
55764,10,0
55765,10,20000
55766,10,30000
55767,10,30000
55768,10,10000
55769,10,30000
55770,10,50000
55771,10,20000
55772,10,0
55773,10,10000
55774,10,0
55775,10,10000
55776,10,50000
55777,10,10000
55778,10,50000
55779,10,30000
55780,10,10000
55781,10,0
55782,10,30000
55783,10,10000
55784,10,0
55785,10,0
55786,10,10000
55787,10,20000
55788,10,20000
55789,10,10000
55790,10,30000
55791,10,20000
55792,10,20000
55793,10,0
55794,10,0
55795,10,0
55796,10,10000
55797,10,50000
55798,10,30000
55799,10,50000
55800,10,20000
55801,10,50000
55802,10,20000
55803,10,20000
55804,10,5000
55805,10,10000
55806,10,40000
55807,10,0
55808,10,50000
55809,10,5000
55810,10,0
55811,10,30000
55812,10,40000
55813,10,50000
55814,10,30000
55815,10,0
55816,10,10000
55817,10,20000
55818,10,10000
55819,10,20000
55820,10,0
55821,10,40000
55822,10,10000
55823,10,50000
55824,10,0
55825,10,10000
55826,10,30000
55827,10,0
55828,10,5000
55829,10,0
55830,10,20000
55831,10,0
55832,10,10000
55833,10,5000
55834,10,10000
55835,10,50000
55836,10,0
55837,10,0
55838,10,20000
55839,10,0
55840,10,5000
55841,10,30000
55842,10,10000
55843,10,40000
55844,10,30000
55845,10,20000
55846,10,50000
55847,10,20000
55848,10,0
55849,10,40000
55850,10,40000
55851,10,0
55852,10,0
55853,10,30000
55854,10,0
55855,10,20000
55856,10,50000
55857,10,50000
55858,10,30000
55859,10,5000
55860,10,30000
55861,10,0
55862,10,30000
55863,10,40000
55864,10,10000
55865,10,10000
55866,10,30000
55867,10,10000
55868,10,0
55869,10,0
55870,10,20000
55871,10,0
55872,10,5000
55873,10,30000
55874,10,30000
55875,10,0
55876,10,20000
55877,10,5000
55878,10,0
55879,10,30000
55880,10,40000
55881,10,20000
55882,10,0
55883,10,10000
55884,10,10000
55885,10,40000
55886,10,0
55887,10,5000
55888,10,20000
55889,10,20000
55890,10,20000
55891,10,0
55892,10,0
55893,10,30000
55894,10,30000
55895,10,5000
55896,10,0
55897,10,10000
55898,10,0
55899,10,40000
55900,10,0
55901,10,0
55902,10,50000
55903,10,0
55904,10,20000
55905,10,40000
55906,10,0
55907,10,5000
55908,10,40000
55909,10,20000
55910,10,30000
55911,10,30000
55912,10,40000
55913,10,30000
55914,10,10000
55915,10,40000
55916,10,30000
55917,10,10000
55918,10,0
55919,10,0
55920,10,20000
55921,10,5000
55922,10,0
55923,10,30000
55924,10,50000
55925,10,30000
55926,10,0
55927,10,50000
55928,10,30000
55929,10,30000
55930,10,50000
55931,10,0
55932,10,20000
55933,10,0
55934,10,40000
55935,10,0
55936,10,0
55937,10,50000
55938,10,40000
55939,10,20000
55940,10,20000
55941,10,0
55942,10,40000
55943,10,20000
55944,10,30000
55945,10,50000
55946,10,30000
55947,10,10
55948,10,0
55949,10,40000
55950,10,5000
55951,10,20000
55952,10,50000
55953,10,0
55954,10,30000
55955,10,50000
55956,10,0
55957,10,0
55958,10,20000
55959,10,50000
55960,10,0
55961,10,50000
55962,10,20000
55963,10,0
55964,10,20000
55965,10,0
55966,10,0
55967,10,0
55968,10,30000
55969,10,30000
55970,10,20000
55971,10,50000
55972,10,30000
55973,10,50000
55974,10,0
55975,10,0
55976,10,20000
55977,10,50000
55978,10,30000
55979,10,0
55980,10,0
55981,10,40000
55982,10,20000
55983,10,0
55984,10,20000
55985,10,50000
55986,10,0
55987,10,0
55988,10,5000
55989,10,50000
55990,10,40000
55991,10,0
55992,10,20000
55993,10,50000
55994,10,30000
55995,10,40000
55996,10,5000
55997,10,40000
55998,10,30000
55999,10,40000
56000,10,30000
56001,11,40000
56002,10,30000
56003,10,5000
56004,10,5000
56005,10,0
56006,10,5000
56007,10,20000
56008,10,10000
56009,10,20000
56010,10,10000
56011,10,50000
56012,10,10000
56013,10,30000
56014,10,5000
56015,10,10000
56016,10,30000
56017,10,40000
56018,10,30000
56019,10,10000
56020,10,0
56021,10,50000
56022,10,5000
56023,10,0
56024,10,5000
56025,10,0
56026,10,10000
56027,10,40000
56028,10,0
56029,10,20000
56030,10,5000
56031,10,30000
56032,10,0
56033,10,50000
56034,10,40000
56035,10,20000
56036,10,0
56037,10,10000
56038,10,10000
56039,10,0
56040,10,20000
56041,10,50000
56042,10,50000
56043,10,30000
56044,10,10000
56045,10,30000
56046,10,0
56047,10,50000
56048,10,5000
56049,10,50000
56050,10,10000
56051,10,10000
56052,10,30000
56053,10,5000
56054,10,0
56055,10,0
56056,10,0
56057,10,0
56058,10,0
56059,10,10000
56060,10,20000
56061,10,50000
56062,10,5000
56063,10,40000
56064,10,50000
56065,10,0
56066,10,50000
56067,10,30000
56068,10,50000
56069,10,30000
56070,10,20000
56071,10,40000
56072,10,10000
56073,10,0
56074,10,20000
56075,10,40000
56076,10,50000
56077,10,30000
56078,10,0
56079,10,0
56080,10,10000
56081,10,0
56082,10,30000
56083,10,30000
56084,10,10000
56085,10,0
56086,10,30000
56087,10,0
56088,10,0
56089,10,20000
56090,10,0
56091,10,0
56092,10,0
56093,10,20000
56094,10,0
56095,10,5000
56096,10,30000
56097,10,50000
56098,10,0
56099,10,0
56100,10,0
56101,10,30000
56102,10,0
56103,10,0
56104,10,0
56105,10,30000
56106,10,50000
56107,10,10000
56108,10,10000
56109,10,0
56110,10,40000
56111,10,0
56112,10,5000
56113,10,10000
56114,10,10000
56115,10,30000
56116,10,30000
56117,10,30000
56118,10,10000
56119,10,40000
56120,10,20000
56121,10,30000
56122,10,0
56123,10,20000
56124,10,0
56125,10,30000
56126,10,50000
56127,10,50000
56128,10,20000
56129,10,20000
56130,10,10000
56131,10,40000
56132,10,0
56133,10,5000
56134,10,30000
56135,10,40000
56136,10,0
56137,10,5000
56138,10,5000
56139,10,0
56140,10,50000
56141,10,40000
56142,10,50000
56143,10,0
56144,10,0
56145,10,5000
56146,10,0
56147,10,0
56148,10,10000
56149,10,40000
56150,10,10000
56151,10,50000
56152,10,5000
56153,10,0
56154,10,5000
56155,10,0
56156,10,0
56157,10,20000
56158,10,40000
56159,10,30000
56160,10,10000
56161,10,0
56162,10,0
56163,10,40000
56164,10,0
56165,10,50000
56166,10,10000
56167,10,0
56168,10,0
56169,10,50000
56170,10,0
56171,10,20000
56172,10,5000
56173,10,20000
56174,10,50000
56175,10,30000
56176,10,50000
56177,10,10000
56178,10,50000
56179,10,50000
56180,10,20000
56181,10,0
56182,10,0
56183,10,5000
56184,10,0
56185,10,5000
56186,10,40000
56187,10,40000
56188,10,20000
56189,10,30000
56190,10,30000
56191,10,0
56192,10,40000
56193,10,20000
56194,10,50000
56195,10,0
56196,10,40000
56197,10,50000
56198,10,20000
56199,10,5000
56200,10,20000
56201,10,20000
56202,10,30000
56203,10,0
56204,10,40000
56205,10,20000
56206,10,0
56207,10,20000
56208,10,50000
56209,10,10000
56210,10,10000
56211,10,5000
56212,10,30000
56213,10,40000
56214,10,50000
56215,10,50000
56216,10,20000
56217,10,50000
56218,10,30000
56219,10,0
56220,10,50000
56221,10,0
56222,10,30000
56223,10,10000
56224,10,40000
56225,10,40000
56226,10,50000
56227,10,10000
56228,10,0
56229,10,40000
56230,10,0
56231,10,10000
56232,10,50000
56233,10,50000
56234,10,0
56235,10,20000
56236,10,40000
56237,10,0
56238,10,40000
56239,10,40000
56240,10,50000
56241,10,40000
56242,10,40000
56243,10,50000
56244,10,20000
56245,10,20000
56246,10,0
56247,10,20000
56248,10,50000
56249,10,10000
56250,10,10000
56251,10,20000
56252,10,0
56253,10,0
56254,10,0
56255,10,5000
56256,10,20000
56257,10,0
56258,10,0
56259,10,0
56260,10,5000
56261,10,5000
56262,10,20000
56263,10,5000
56264,10,10000
56265,10,10000
56266,10,40000
56267,10,5000
56268,10,0
56269,10,0
56270,10,0
56271,10,5000
56272,10,30000
56273,10,0
56274,10,20000
56275,10,50000
56276,10,10000
56277,10,40000
56278,10,0
56279,10,0
56280,10,50000
56281,10,5000
56282,10,5000
56283,10,20000
56284,10,50000
56285,10,0
56286,10,0
56287,10,0
56288,10,30000
56289,10,0
56290,10,40000
56291,10,50000
56292,10,0
56293,10,10000
56294,10,0
56295,10,0
56296,10,40000
56297,10,0
56298,10,0
56299,10,40000
56300,10,20000
56301,10,5000
56302,10,0
56303,10,0
56304,10,0
56305,10,5000
56306,10,0
56307,10,40000
56308,10,10000
56309,10,50000
56310,10,40000
56311,10,20000
56312,10,40000
56313,10,5000
56314,10,5000
56315,10,0
56316,10,0
56317,10,20000
56318,10,30000
56319,10,10000
56320,10,5000
56321,10,30000
56322,10,40000
56323,10,0
56324,10,5000
56325,10,0
56326,10,30000
56327,10,5000
56328,10,5000
56329,10,50000
56330,10,5000
56331,10,0
56332,10,40000
56333,10,40000
56334,10,20000
56335,10,10000
56336,10,0
56337,10,0
56338,10,30000
56339,10,0
56340,10,10000
56341,10,10000
56342,10,50000
56343,10,50000
56344,10,0
56345,10,10000
56346,10,20000
56347,10,20000
56348,10,50000
56349,10,0
56350,10,0
56351,10,5000
56352,10,30000
56353,10,0
56354,10,10000
56355,10,40000
56356,10,0
56357,10,50000
56358,10,0
56359,10,20000
56360,10,0
56361,10,0
56362,10,50000
56363,10,30000
56364,10,40000
56365,10,50000
56366,10,10000
56367,10,50000
56368,10,50000
56369,10,10000
56370,10,50000
56371,10,50000
56372,10,20000
56373,10,50000
56374,10,5000
56375,10,0
56376,10,0
56377,10,0
56378,10,20000
56379,10,50000
56380,10,40000
56381,10,0
56382,10,0
56383,10,20000
56384,10,0
56385,10,10000
56386,10,50000
56387,10,30000
56388,10,20000
56389,10,0
56390,10,0
56391,10,10000
56392,10,0
56393,10,50000
56394,10,40000
56395,10,30000
56396,10,50000
56397,10,20000
56398,10,10000
56399,10,50000
56400,10,0
56401,10,0
56402,10,20000
56403,10,0
56404,10,0
56405,10,30000
56406,10,10000
56407,10,50000
56408,10,50000
56409,10,0
56410,10,30000
56411,10,30000
56412,10,50000
56413,10,20000
56414,10,20000
56415,10,0
56416,10,50000
56417,10,0
56418,10,0
56419,10,0
56420,10,5000
56421,10,50000
56422,10,50000
56423,10,10000
56424,10,40000
56425,10,5000
56426,10,20000
56427,10,50000
56428,10,50000
56429,10,40000
56430,10,40000
56431,10,0
56432,10,10000
56433,10,50000
56434,10,20000
56435,10,0
56436,10,0
56437,10,10000
56438,10,20000
56439,10,30000
56440,10,20000
56441,10,10000
56442,10,50000
56443,10,20000
56444,10,0
56445,10,50000
56446,10,0
56447,10,5000
56448,10,50000
56449,10,50000
56450,10,40000
56451,10,30000
56452,10,30000
56453,10,0
56454,10,40000
56455,10,30000
56456,10,30000
56457,10,30000
56458,10,40000
56459,10,5000
56460,10,20000
56461,10,0
56462,10,40000
56463,10,50000
56464,10,0
56465,10,10000
56466,10,0
56467,10,5000
56468,10,50000
56469,10,50000
56470,10,20000
56471,10,0
56472,10,0
56473,10,30000
56474,10,5000
56475,10,20000
56476,10,40000
56477,10,40000
56478,10,30000
56479,10,20000
56480,10,40000
56481,10,40000
56482,10,30000
56483,10,0
56484,10,0
56485,10,0
56486,10,10000
56487,10,40000
56488,10,20000
56489,10,30000
56490,10,50000
56491,10,40000
56492,10,0
56493,10,40000
56494,10,0
56495,10,0
56496,10,20000
56497,10,50000
56498,10,20000
56499,10,50000
56500,10,50000
56501,10,0
56502,10,0
56503,10,30000
56504,10,0
56505,10,20000
56506,10,0
56507,10,10000
56508,10,30000
56509,10,10000
56510,10,30000
56511,10,50000
56512,10,30000
56513,10,40000
56514,10,50000
56515,10,0
56516,10,0
56517,10,30000
56518,10,5000
56519,10,10000
56520,10,0
56521,10,30000
56522,10,30000
56523,10,10000
56524,10,50000
56525,10,0
56526,10,40000
56527,10,30000
56528,10,30000
56529,10,5000
56530,10,0
56531,10,10000
56532,10,30000
56533,10,50000
56534,10,30000
56535,10,0
56536,10,30000
56537,10,5000
56538,10,5000
56539,10,0
56540,10,10000
56541,10,30000
56542,10,20000
56543,10,0
56544,10,30000
56545,10,20000
56546,10,30000
56547,10,50000
56548,10,0
56549,10,10000
56550,10,50000
56551,10,10000
56552,10,0
56553,10,50000
56554,10,40000
56555,10,30000
56556,10,50000
56557,10,30000
56558,10,10000
56559,10,10000
56560,10,30000
56561,10,0
56562,10,20000
56563,10,30000
56564,10,0
56565,10,40000
56566,10,0
56567,10,5000
56568,10,30000
56569,10,10000
56570,10,30000
56571,10,0
56572,10,5000
56573,10,5000
56574,10,20000
56575,10,10000
56576,10,30000
56577,10,0
56578,10,20000
56579,10,20000
56580,10,50000
56581,10,5000
56582,10,50000
56583,10,5000
56584,10,10000
56585,10,10000
56586,10,30000
56587,10,50000
56588,10,30000
56589,10,10000
56590,10,10000
56591,10,5000
56592,10,30000
56593,10,50000
56594,10,5000
56595,10,30000
56596,10,10000
56597,10,5000
56598,10,0
56599,10,0
56600,10,20000
56601,10,50000
56602,10,50000
56603,10,0
56604,10,0
56605,10,0
56606,10,0
56607,10,0
56608,10,20000
56609,10,20000
56610,10,0
56611,10,50000
56612,10,30000
56613,10,0
56614,10,0
56615,10,5000
56616,10,0
56617,10,50000
56618,10,20000
56619,10,5000
56620,10,30000
56621,10,10000
56622,10,50000
56623,10,20000
56624,10,40000
56625,10,40000
56626,10,30000
56627,10,50000
56628,10,0
56629,10,30000
56630,10,0
56631,10,40000
56632,10,40000
56633,10,0
56634,10,20000
56635,10,20000
56636,10,0
56637,10,10000
56638,10,40000
56639,10,20000
56640,10,0
56641,10,10
56642,10,5000
56643,10,50000
56644,10,20000
56645,10,40000
56646,10,30000
56647,10,5000
56648,10,0
56649,10,0
56650,10,5000
56651,10,20000
56652,10,40000
56653,10,40000
56654,10,5000
56655,10,0
56656,10,0
56657,10,40000
56658,10,20000
56659,10,5000
56660,10,20000
56661,10,20000
56662,10,20000
56663,10,0
56664,10,0
56665,10,0
56666,10,5000
56667,10,0
56668,10,40000
56669,10,20000
56670,10,50000
56671,10,20000
56672,10,40000
56673,10,5000
56674,10,20000
56675,10,30000
56676,10,0
56677,10,0
56678,10,10000
56679,10,40000
56680,10,50000
56681,10,5000
56682,10,0
56683,10,40000
56684,10,40000
56685,10,0
56686,10,50000
56687,10,10000
56688,10,0
56689,10,30000
56690,10,50000
56691,10,30000
56692,10,0
56693,10,5000
56694,10,0
56695,10,20000
56696,10,0
56697,10,50000
56698,10,0
56699,10,20000
56700,10,40000
56701,10,30000
56702,10,30000
56703,10,5000
56704,10,0
56705,10,40000
56706,10,50000
56707,10,40000
56708,10,0
56709,10,20000
56710,10,40000
56711,10,40000
56712,10,0
56713,10,40000
56714,10,5000
56715,10,20000
56716,10,5000
56717,10,20000
56718,10,0
56719,10,40000
56720,10,0
56721,10,30000
56722,10,40000
56723,10,50000
56724,10,20000
56725,10,40000
56726,10,40000
56727,10,0
56728,10,30000
56729,10,20000
56730,10,40000
56731,10,50000
56732,10,0
56733,10,0
56734,10,0
56735,10,20000
56736,10,30000
56737,10,30000
56738,10,5000
56739,10,50000
56740,10,50000
56741,10,10000
56742,10,0
56743,10,0
56744,10,0
56745,10,0
56746,10,10
56747,10,5000
56748,10,50000
56749,10,0
56750,10,30000
56751,10,0
56752,10,20000
56753,10,40000
56754,10,0
56755,10,40000
56756,10,20000
56757,10,20000
56758,10,20000
56759,10,5000
56760,10,0
56761,10,40000
56762,10,50000
56763,10,10000
56764,10,0
56765,10,30000
56766,10,0
56767,10,30000
56768,10,0
56769,10,5000
56770,10,10000
56771,10,50000
56772,10,0
56773,10,30000
56774,10,20000
56775,10,0
56776,10,20000
56777,10,10000
56778,10,40000
56779,10,40000
56780,10,40000
56781,10,50000
56782,10,10000
56783,10,30000
56784,10,40000
56785,10,0
56786,10,20000
56787,10,50000
56788,10,5000
56789,10,30000
56790,10,0
56791,10,50000
56792,10,30000
56793,10,10000
56794,10,40000
56795,10,0
56796,10,5000
56797,10,30000
56798,10,50000
56799,10,0
56800,10,50000
56801,10,10000
56802,10,50000
56803,10,0
56804,10,0
56805,10,20000
56806,10,20000
56807,10,20000
56808,10,40000
56809,10,50000
56810,10,0
56811,10,0
56812,10,20000
56813,10,0
56814,10,30000
56815,10,0
56816,10,20000
56817,10,50000
56818,10,30000
56819,10,30000
56820,10,5000
56821,10,10000
56822,10,20000
56823,10,0
56824,10,50000
56825,10,10000
56826,10,40000
56827,10,5000
56828,10,0
56829,10,20000
56830,10,20000
56831,10,20000
56832,10,30000
56833,10,50000
56834,10,20000
56835,10,0
56836,10,20000
56837,10,0
56838,10,5000
56839,10,20000
56840,10,20000
56841,10,30000
56842,10,30000
56843,10,0
56844,10,0
56845,10,30000
56846,10,0
56847,10,40000
56848,10,10000
56849,10,40000
56850,10,5000
56851,10,20000
56852,10,40000
56853,10,50000
56854,10,0
56855,10,5000
56856,10,0
56857,10,20000
56858,10,50000
56859,10,0
56860,10,0
56861,10,10000
56862,10,20000
56863,10,50000
56864,10,40000
56865,10,10000
56866,10,5000
56867,10,0
56868,10,0
56869,10,50000
56870,10,0
56871,10,20000
56872,10,50000
56873,10,40000
56874,10,10000
56875,10,50000
56876,10,50000
56877,10,5000
56878,10,50000
56879,10,20000
56880,10,40000
56881,10,10000
56882,10,0
56883,10,0
56884,10,0
56885,10,5000
56886,10,20000
56887,10,50000
56888,10,0
56889,10,20000
56890,10,0
56891,10,40000
56892,10,10000
56893,10,10000
56894,10,30000
56895,10,40000
56896,10,0
56897,10,40000
56898,10,50000
56899,10,20000
56900,10,0
56901,10,0
56902,10,0
56903,10,10000
56904,10,30000
56905,10,0
56906,10,5000
56907,10,0
56908,10,20000
56909,10,40000
56910,10,40000
56911,10,30000
56912,10,5000
56913,10,40000
56914,10,30000
56915,10,50000
56916,10,0
56917,10,20000
56918,10,0
56919,10,5000
56920,10,50000
56921,10,40000
56922,10,0
56923,10,0
56924,10,10000
56925,10,5000
56926,10,30000
56927,10,50000
56928,10,30000
56929,10,0
56930,10,40000
56931,10,5000
56932,10,10000
56933,10,5000
56934,10,30000
56935,10,0
56936,10,0
56937,10,30000
56938,10,10000
56939,10,40000
56940,10,0
56941,10,0
56942,10,20000
56943,10,30000
56944,10,0
56945,10,30000
56946,10,0
56947,10,30000
56948,10,40000
56949,10,5000
56950,10,0
56951,10,20000
56952,10,5000
56953,10,20000
56954,10,30000
56955,10,0
56956,10,40000
56957,10,0
56958,10,40000
56959,10,40000
56960,10,5000
56961,10,5000
56962,10,20000
56963,10,10000
56964,10,40000
56965,10,30000
56966,10,0
56967,10,20000
56968,10,5000
56969,10,0
56970,10,5000
56971,10,20000
56972,10,30000
56973,10,0
56974,10,0
56975,10,40000
56976,10,0
56977,10,50000
56978,10,40000
56979,10,0
56980,10,40000
56981,10,30000
56982,10,30000
56983,10,20000
56984,10,10000
56985,10,10000
56986,10,10000
56987,10,5000
56988,10,50000
56989,10,30000
56990,10,30000
56991,10,0
56992,10,0
56993,10,50000
56994,10,30000
56995,10,0
56996,10,30000
56997,10,30000
56998,10,0
56999,10,30000
57000,10,30000
57001,10,40000
57002,10,0
57003,10,0
57004,10,50000
57005,10,20000
57006,10,30000
57007,10,20000
57008,10,0
57009,10,5000
57010,10,5000
57011,10,0
57012,10,0
57013,10,10
57014,10,0
57015,10,30000
57016,10,5000
57017,10,20000
57018,10,30000
57019,10,10000
57020,10,30000
57021,10,30000
57022,10,0
57023,10,20000
57024,10,50000
57025,10,30000
57026,10,0
57027,10,30000
57028,10,10000
57029,10,0
57030,10,20000
57031,10,20000
57032,10,0
57033,10,40000
57034,10,20000
57035,10,0
57036,10,10000
57037,10,40000
57038,10,30000
57039,10,0
57040,10,0
57041,10,0
57042,10,50000
57043,10,40000
57044,10,10000
57045,10,40000
57046,10,30000
57047,10,0
57048,10,20000
57049,10,0
57050,10,10000
57051,10,20000
57052,10,5000
57053,10,5000
57054,10,10000
57055,10,20000
57056,10,50000
57057,10,40000
57058,10,5000
57059,10,5000
57060,10,10000
57061,10,0
57062,10,0
57063,10,0
57064,10,10000
57065,10,0
57066,10,30000
57067,10,10000
57068,10,30000
57069,10,5000
57070,10,0
57071,10,20000
57072,10,0
57073,10,20000
57074,10,5000
57075,10,0
57076,10,20000
57077,10,0
57078,10,40000
57079,10,30000
57080,10,5000
57081,10,0
57082,10,50000
57083,10,30000
57084,10,10000
57085,10,40000
57086,10,40000
57087,10,20000
57088,10,20000
57089,10,10000
57090,10,5000
57091,10,30000
57092,10,30000
57093,10,30000
57094,10,0
57095,10,10000
57096,10,40000
57097,10,10000
57098,10,30000
57099,10,40000
57100,10,50000
57101,10,10000
57102,10,0
57103,10,30000
57104,10,20000
57105,10,10000
57106,10,0
57107,10,0
57108,10,0
57109,10,5000
57110,10,20000
57111,10,20000
57112,10,0
57113,10,5000
57114,10,30000
57115,10,0
57116,10,0
57117,10,0
57118,10,20000
57119,10,0
57120,10,0
57121,10,5000
57122,10,20000
57123,10,40000
57124,10,5000
57125,10,0
57126,10,20000
57127,10,50000
57128,10,0
57129,10,0
57130,10,0
57131,10,30000
57132,10,10000
57133,10,40000
57134,10,0
57135,10,0
57136,10,5000
57137,10,50000
57138,10,30000
57139,10,0
57140,10,30000
57141,10,20000
57142,10,10000
57143,10,10000
57144,10,10000
57145,10,30000
57146,10,0
57147,10,20000
57148,10,10000
57149,10,50000
57150,10,20000
57151,10,0
57152,10,10000
57153,10,10000
57154,10,50000
57155,10,50000
57156,10,30000
57157,10,30000
57158,10,30000
57159,10,0
57160,10,30000
57161,10,20000
57162,10,40000
57163,10,40000
57164,10,10000
57165,10,5000
57166,10,40000
57167,10,0
57168,10,0
57169,10,5000
57170,10,10000
57171,10,40000
57172,10,40000
57173,10,50000
57174,10,40000
57175,10,5000
57176,10,50000
57177,10,30000
57178,10,40000
57179,10,50000
57180,10,30000
57181,10,20000
57182,10,20000
57183,10,40000
57184,10,20000
57185,10,0
57186,10,20000
57187,10,20000
57188,10,50000
57189,10,0
57190,10,0
57191,10,40000
57192,10,20000
57193,10,30000
57194,10,0
57195,10,0
57196,10,50000
57197,10,0
57198,10,20000
57199,10,0
57200,10,0
57201,10,0
57202,10,30000
57203,10,5000
57204,10,10000
57205,10,30000
57206,10,50000
57207,10,5000
57208,10,50000
57209,10,20000
57210,10,0
57211,10,40000
57212,10,50000
57213,10,30000
57214,10,0
57215,10,5000
57216,10,0
57217,10,20000
57218,10,0
57219,10,10000
57220,10,0
57221,10,5000
57222,10,10000
57223,10,0
57224,10,20000
57225,10,0
57226,10,40000
57227,10,0
57228,10,50000
57229,10,40000
57230,10,0
57231,10,0
57232,10,20000
57233,10,30000
57234,10,20000
57235,10,0
57236,10,40000
57237,10,50000
57238,10,5000
57239,10,5000
57240,10,0
57241,10,20000
57242,10,5000
57243,10,20000
57244,10,30000
57245,10,40000
57246,10,10000
57247,10,40000
57248,10,0
57249,10,40000
57250,10,50000
57251,10,50000
57252,10,40000
57253,10,0
57254,10,10000
57255,10,30000
57256,10,30000
57257,10,0
57258,10,40000
57259,10,40000
57260,10,40000
57261,10,10000
57262,10,0
57263,10,10000
57264,10,0
57265,10,0
57266,10,50000
57267,10,30000
57268,10,0
57269,10,50000
57270,10,5000
57271,10,50000
57272,10,40000
57273,10,50000
57274,10,20000
57275,10,20000
57276,10,5000
57277,10,30000
57278,10,40000
57279,10,20000
57280,10,30000
57281,10,0
57282,10,10000
57283,10,10000
57284,10,30000
57285,10,0
57286,10,5000
57287,10,10000
57288,10,20000
57289,10,0
57290,10,20000
57291,10,0
57292,10,10000
57293,10,5000
57294,10,50000
57295,10,40000
57296,10,0
57297,10,5000
57298,10,20000
57299,10,50000
57300,10,0
57301,10,0
57302,10,50000
57303,10,20000
57304,10,10000
57305,10,20000
57306,10,0
57307,10,20000
57308,10,10000
57309,10,20000
57310,10,20000
57311,10,30000
57312,10,5000
57313,10,30000
57314,10,50000
57315,10,30000
57316,10,20000
57317,10,0
57318,10,40000
57319,10,20000
57320,10,40000
57321,10,40000
57322,10,20000
57323,10,50000
57324,10,20000
57325,10,5000
57326,10,30000
57327,10,30000
57328,10,40000
57329,10,0
57330,10,5000
57331,10,30000
57332,10,40000
57333,10,0
57334,10,20000
57335,10,20000
57336,10,50000
57337,10,20000
57338,10,5000
57339,10,0
57340,10,0
57341,10,40000
57342,10,0
57343,10,0
57344,10,50000
57345,10,5000
57346,10,10000
57347,10,30000
57348,10,20000
57349,10,30000
57350,10,0
57351,10,40000
57352,10,0
57353,10,0
57354,10,20000
57355,10,40000
57356,10,0
57357,10,0
57358,10,5000
57359,10,40000
57360,10,0
57361,10,0
57362,10,30000
57363,10,5000
57364,10,0
57365,10,40000
57366,10,20000
57367,10,40000
57368,10,0
57369,10,0
57370,10,20000
57371,10,40000
57372,10,30000
57373,10,50000
57374,10,20000
57375,10,0
57376,10,0
57377,10,40000
57378,10,30000
57379,10,5000
57380,10,20000
57381,10,0
57382,10,5000
57383,10,30000
57384,10,50000
57385,10,40000
57386,10,10000
57387,10,30000
57388,10,50000
57389,10,0
57390,10,10000
57391,10,5000
57392,10,30000
57393,10,50000
57394,10,0
57395,10,0
57396,10,0
57397,10,50000
57398,10,50000
57399,10,0
57400,10,0
57401,10,20000
57402,10,50000
57403,10,50000
57404,10,20000
57405,10,0
57406,10,0
57407,10,20000
57408,10,0
57409,10,30000
57410,10,20000
57411,10,50000
57412,10,30000
57413,10,10000
57414,10,0
57415,10,50000
57416,10,20000
57417,10,50000
57418,10,0
57419,10,50000
57420,10,0
57421,10,10000
57422,10,50000
57423,10,0
57424,10,10000
57425,10,0
57426,10,20000
57427,10,5000
57428,10,40000
57429,10,20000
57430,10,0
57431,10,5000
57432,10,50000
57433,10,0
57434,10,0
57435,10,30000
57436,10,20000
57437,10,0
57438,10,10000
57439,10,0
57440,10,0
57441,10,50000
57442,10,10000
57443,10,50000
57444,10,5000
57445,10,30000
57446,10,40000
57447,10,10000
57448,10,30000
57449,10,40000
57450,10,0
57451,10,10000
57452,10,30000
57453,10,5000
57454,10,50000
57455,10,10
57456,10,40000
57457,10,10000
57458,10,40000
57459,10,20000
57460,10,5000
57461,10,0
57462,10,0
57463,10,40000
57464,10,40000
57465,10,0
57466,10,5000
57467,10,20000
57468,10,5000
57469,10,10000
57470,10,5000
57471,10,50000
57472,10,20000
57473,10,10000
57474,10,5000
57475,10,0
57476,10,10000
57477,10,0
57478,10,0
57479,10,0
57480,10,20000
57481,10,30000
57482,10,10000
57483,10,20000
57484,10,0
57485,10,20000
57486,10,5000
57487,10,20000
57488,10,10000
57489,10,40000
57490,10,40000
57491,10,20000
57492,10,5000
57493,10,0
57494,10,30000
57495,10,30000
57496,10,30000
57497,10,40000
57498,10,50000
57499,10,30000
57500,10,0
57501,10,5000
57502,10,30000
57503,10,10000
57504,10,20000
57505,10,30000
57506,10,30000
57507,10,0
57508,10,20000
57509,10,20000
57510,10,10000
57511,10,50000
57512,10,30000
57513,10,0
57514,10,30000
57515,10,10000
57516,10,10000
57517,10,30000
57518,10,40000
57519,10,0
57520,10,0
57521,10,30000
57522,10,0
57523,10,5000
57524,10,0
57525,10,0
57526,10,30000
57527,10,20000
57528,10,30000
57529,10,10000
57530,10,0
57531,10,10000
57532,10,40000
57533,10,5000
57534,10,50000
57535,10,0
57536,10,40000
57537,10,50000
57538,10,20000
57539,10,50000
57540,10,0
57541,10,0
57542,10,0
57543,10,0
57544,10,10000
57545,10,40000
57546,10,50000
57547,10,30000
57548,10,50000
57549,10,20000
57550,10,20000
57551,10,5000
57552,10,5000
57553,10,10000
57554,10,20000
57555,10,50000
57556,10,0
57557,10,50000
57558,10,40000
57559,10,50000
57560,10,10000
57561,10,0
57562,10,40000
57563,10,5000
57564,10,30000
57565,10,0
57566,10,0
57567,10,0
57568,10,0
57569,10,0
57570,10,40000
57571,10,40000
57572,10,50000
57573,10,5000
57574,10,50000
57575,10,30000
57576,10,0
57577,10,0
57578,10,10000
57579,10,0
57580,10,5000
57581,10,20000
57582,10,20000
57583,10,30000
57584,10,0
57585,10,5000
57586,10,40000
57587,10,5000
57588,10,0
57589,10,20000
57590,10,20000
57591,10,20000
57592,10,10000
57593,10,0
57594,10,30000
57595,10,0
57596,10,50000
57597,10,20000
57598,10,40000
57599,10,50000
57600,10,30000
57601,10,10000
57602,10,10000
57603,10,0
57604,10,0
57605,10,10000
57606,10,0
57607,10,0
57608,10,5000
57609,10,10000
57610,10,40000
57611,10,5000
57612,10,50000
57613,10,0
57614,10,30000
57615,10,10000
57616,10,30000
57617,10,40000
57618,10,20000
57619,10,5000
57620,10,50000
57621,10,0
57622,10,30000
57623,10,0
57624,10,20000
57625,10,5000
57626,10,0
57627,10,10000
57628,10,50000
57629,10,30000
57630,10,0
57631,10,0
57632,10,40000
57633,10,20000
57634,10,0
57635,10,5000
57636,10,0
57637,10,40000
57638,10,20000
57639,10,0
57640,10,50000
57641,10,50000
57642,10,10000
57643,10,40000
57644,10,50000
57645,10,20000
57646,10,30000
57647,10,20000
57648,10,10000
57649,10,5000
57650,10,40000
57651,10,0
57652,10,50000
57653,10,30000
57654,10,0
57655,10,50000
57656,10,50000
57657,10,5000
57658,10,0
57659,10,30000
57660,10,30000
57661,10,20000
57662,10,50000
57663,10,30000
57664,10,30000
57665,10,0
57666,10,30000
57667,10,20000
57668,10,30000
57669,10,0
57670,10,40000
57671,10,0
57672,10,50000
57673,10,30000
57674,10,0
57675,10,0
57676,10,5000
57677,10,0
57678,10,0
57679,10,0
57680,10,10000
57681,10,0
57682,10,40000
57683,10,40000
57684,10,5000
57685,10,40000
57686,10,5000
57687,10,0
57688,10,0
57689,10,40000
57690,10,20000
57691,10,0
57692,10,5000
57693,10,0
57694,10,0
57695,10,20000
57696,10,50000
57697,10,20000
57698,10,0
57699,10,0
57700,10,30000
57701,10,40000
57702,10,5000
57703,10,20000
57704,10,50000
57705,10,50000
57706,10,0
57707,10,10000
57708,10,30000
57709,10,20000
57710,10,5000
57711,10,0
57712,10,0
57713,10,10000
57714,10,30000
57715,10,50000
57716,10,40000
57717,10,5000
57718,10,40000
57719,10,0
57720,10,50000
57721,10,0
57722,10,0
57723,10,0
57724,10,5000
57725,10,5000
57726,10,0
57727,10,40000
57728,10,40000
57729,10,0
57730,10,5000
57731,10,40000
57732,10,10000
57733,10,40000
57734,10,0
57735,10,40000
57736,10,20000
57737,10,5000
57738,10,5000
57739,10,0
57740,10,5000
57741,10,5000
57742,10,5000
57743,10,10000
57744,10,40000
57745,10,30000
57746,10,20000
57747,10,20000
57748,10,5000
57749,10,0
57750,10,0
57751,10,0
57752,10,5000
57753,10,50000
57754,10,50000
57755,10,40000
57756,10,0
57757,10,50000
57758,10,10000
57759,10,0
57760,10,50000
57761,10,10000
57762,10,30000
57763,10,20000
57764,10,20000
57765,10,0
57766,10,30000
57767,10,5000
57768,10,10000
57769,10,40000
57770,10,50000
57771,10,30000
57772,10,0
57773,10,20000
57774,10,40000
57775,10,30000
57776,10,30000
57777,10,5000
57778,10,0
57779,10,30000
57780,10,20000
57781,10,50000
57782,10,0
57783,10,30000
57784,10,10000
57785,10,5000
57786,10,0
57787,10,10000
57788,10,30000
57789,10,0
57790,10,5000
57791,10,0
57792,10,30000
57793,10,0
57794,10,20000
57795,10,30000
57796,10,50000
57797,10,30000
57798,10,30000
57799,10,0
57800,10,30000
57801,10,50000
57802,10,20000
57803,10,50000
57804,10,0
57805,10,30000
57806,10,20000
57807,10,20000
57808,10,30000
57809,10,40000
57810,10,30000
57811,10,30000
57812,10,0
57813,10,30000
57814,10,10000
57815,10,10000
57816,10,30000
57817,10,30000
57818,10,5000
57819,10,40000
57820,10,0
57821,10,30000
57822,10,0
57823,10,30000
57824,10,10000
57825,10,0
57826,10,0
57827,10,5000
57828,10,40000
57829,10,0
57830,10,10000
57831,10,20000
57832,10,0
57833,10,0
57834,10,0
57835,10,10000
57836,10,50000
57837,10,0
57838,10,0
57839,10,50000
57840,10,0
57841,10,5000
57842,10,20000
57843,10,20000
57844,10,0
57845,10,0
57846,10,20000
57847,10,50000
57848,10,5000
57849,10,10000
57850,10,50000
57851,10,0
57852,10,30000
57853,10,20000
57854,10,40000
57855,10,0
57856,10,0
57857,10,20000
57858,10,20000
57859,10,50000
57860,10,0
57861,10,30000
57862,10,20000
57863,10,30000
57864,10,10000
57865,10,20000
57866,10,0
57867,10,50000
57868,10,0
57869,10,30000
57870,10,0
57871,10,20000
57872,10,40000
57873,10,20000
57874,10,20000
57875,10,50000
57876,10,30000
57877,10,0
57878,10,50000
57879,10,30000
57880,10,40000
57881,10,30000
57882,10,50000
57883,10,0
57884,10,30000
57885,10,0
57886,10,5000
57887,10,40000
57888,10,20000
57889,10,5000
57890,10,40000
57891,10,30000
57892,10,50000
57893,10,10000
57894,10,10000
57895,10,30000
57896,10,40000
57897,10,20000
57898,10,40000
57899,10,30000
57900,10,0
57901,10,20000
57902,10,5000
57903,10,40000
57904,10,20000
57905,10,30000
57906,10,0
57907,10,0
57908,10,50000
57909,10,50000
57910,10,0
57911,10,50000
57912,10,0
57913,10,0
57914,10,30000
57915,10,0
57916,10,30000
57917,10,10000
57918,10,50000
57919,10,10000
57920,10,0
57921,10,10000
57922,10,30000
57923,10,30000
57924,10,10000
57925,10,40000
57926,10,10000
57927,10,40000
57928,10,30000
57929,10,50000
57930,10,10000
57931,10,30000
57932,10,5000
57933,10,0
57934,10,0
57935,10,5000
57936,10,10000
57937,10,5000
57938,10,40000
57939,10,30000
57940,10,5000
57941,10,30000
57942,10,10000
57943,10,0
57944,10,0
57945,10,0
57946,10,30000
57947,10,20000
57948,10,0
57949,10,40000
57950,10,30000
57951,10,0
57952,10,20000
57953,10,20000
57954,10,0
57955,10,50000
57956,10,20000
57957,10,50000
57958,10,10000
57959,10,0
57960,10,0
57961,10,40000
57962,10,30000
57963,10,50000
57964,10,30000
57965,10,20000
57966,10,0
57967,10,50000
57968,10,5000
57969,10,40000
57970,10,5000
57971,10,5000
57972,10,10000
57973,10,20000
57974,10,20000
57975,10,0
57976,10,10000
57977,10,20000
57978,10,20000
57979,10,0
57980,10,20000
57981,10,0
57982,10,5000
57983,10,0
57984,10,5000
57985,10,0
57986,10,40000
57987,10,10000
57988,10,30000
57989,10,30000
57990,10,10000
57991,10,20000
57992,10,50000
57993,10,5000
57994,10,50000
57995,10,20000
57996,10,50000
57997,10,0
57998,10,20000
57999,10,20000
58000,10,20000
58001,10,50000
58002,10,40000
58003,10,20000
58004,10,0
58005,10,20000
58006,10,0
58007,10,20000
58008,10,10000
58009,10,0
58010,10,30000
58011,10,40000
58012,10,10000
58013,10,0
58014,10,30000
58015,10,10000
58016,10,30000
58017,10,20000
58018,10,5000
58019,10,20000
58020,10,50000
58021,10,30000
58022,10,40000
58023,10,5000
58024,10,40000
58025,10,5000
58026,10,10000
58027,10,50000
58028,10,0
58029,10,30000
58030,10,40000
58031,10,10000
58032,10,10000
58033,10,40000
58034,10,10000
58035,10,50000
58036,10,20000
58037,10,0
58038,10,10000
58039,10,5000
58040,10,0
58041,10,30000
58042,10,40000
58043,10,20000
58044,10,50000
58045,10,0
58046,10,30000
58047,10,5000
58048,10,0
58049,10,0
58050,10,0
58051,10,50000
58052,10,10000
58053,10,50000
58054,10,30000
58055,10,30000
58056,10,5000
58057,10,0
58058,10,40000
58059,10,30000
58060,10,30000
58061,10,0
58062,10,0
58063,10,30000
58064,10,50000
58065,10,20000
58066,10,20000
58067,10,40000
58068,10,20000
58069,10,40000
58070,10,50000
58071,10,30000
58072,10,30000
58073,10,30000
58074,10,50000
58075,10,20000
58076,10,20000
58077,10,5000
58078,10,0
58079,10,50000
58080,10,10000
58081,10,20000
58082,10,0
58083,10,5000
58084,10,5000
58085,10,0
58086,10,20000
58087,10,5000
58088,10,20000
58089,10,20000
58090,10,50000
58091,10,40000
58092,10,30000
58093,10,5000
58094,10,30000
58095,10,30000
58096,10,0
58097,10,10000
58098,10,10
58099,10,5000
58100,10,5000
58101,10,30000
58102,10,20000
58103,10,5000
58104,10,0
58105,10,50000
58106,10,50000
58107,10,10000
58108,10,0
58109,10,50000
58110,10,0
58111,10,5000
58112,10,10000
58113,10,10000
58114,10,5000
58115,10,20000
58116,10,20000
58117,10,0
58118,10,0
58119,10,0
58120,10,0
58121,10,10000
58122,10,5000
58123,10,10000
58124,10,0
58125,10,0
58126,10,40000
58127,10,10000
58128,10,30000
58129,10,30000
58130,10,30000
58131,10,30000
58132,10,50000
58133,10,50000
58134,10,5000
58135,10,0
58136,10,30000
58137,10,0
58138,10,0
58139,10,5000
58140,10,5000
58141,10,5000
58142,10,10000
58143,10,30000
58144,10,30000
58145,10,0
58146,10,20000
58147,10,10000
58148,10,40000
58149,10,0
58150,10,20000
58151,10,30000
58152,10,0
58153,10,0
58154,10,40000
58155,10,50000
58156,10,50000
58157,10,30000
58158,10,0
58159,10,20000
58160,10,5000
58161,10,50000
58162,10,30000
58163,10,50000
58164,10,30000
58165,10,30000
58166,10,20000
58167,10,20000
58168,10,5000
58169,10,30000
58170,10,0
58171,10,0
58172,10,0
58173,10,0
58174,10,50000
58175,10,0
58176,10,20000
58177,10,0
58178,10,5000
58179,10,20000
58180,10,10000
58181,10,0
58182,10,0
58183,10,30000
58184,10,10000
58185,10,0
58186,10,0
58187,10,30000
58188,10,30000
58189,10,10000
58190,10,50000
58191,10,50000
58192,10,50000
58193,10,0
58194,10,30000
58195,10,0
58196,10,30000
58197,10,0
58198,10,20000
58199,10,10000
58200,10,30000
58201,10,30000
58202,10,0
58203,10,40000
58204,10,10000
58205,10,0
58206,10,50000
58207,10,0
58208,10,50000
58209,10,5000
58210,10,0
58211,10,20000
58212,10,20000
58213,10,5000
58214,10,10000
58215,10,50000
58216,10,40000
58217,10,10000
58218,10,20000
58219,10,20000
58220,10,20000
58221,10,50000
58222,10,20000
58223,10,20000
58224,10,30000
58225,10,5000
58226,10,50000
58227,10,40000
58228,10,20000
58229,10,0
58230,10,40000
58231,10,0
58232,10,10000
58233,10,50000
58234,10,30000
58235,10,40000
58236,10,40000
58237,10,40000
58238,10,10000
58239,10,20000
58240,10,5000
58241,10,0
58242,10,40000
58243,10,30000
58244,10,30000
58245,10,0
58246,10,0
58247,10,0
58248,10,50000
58249,10,0
58250,10,30000
58251,10,20000
58252,10,5000
58253,10,5000
58254,10,0
58255,10,5000
58256,10,0
58257,10,0
58258,10,0
58259,10,50000
58260,10,10000
58261,10,5000
58262,10,20000
58263,10,40000
58264,10,20000
58265,10,5000
58266,10,0
58267,10,30000
58268,10,20000
58269,10,0
58270,10,0
58271,10,50000
58272,10,20000
58273,10,40000
58274,10,0
58275,10,5000
58276,10,20000
58277,10,50000
58278,10,20000
58279,10,20000
58280,10,10000
58281,10,5000
58282,10,50000
58283,10,50000
58284,10,40000
58285,10,40000
58286,10,20000
58287,10,10000
58288,10,0
58289,10,5000
58290,10,10000
58291,10,0
58292,10,0
58293,10,10000
58294,10,30000
58295,10,50000
58296,10,5000
58297,10,30000
58298,10,50000
58299,10,50000
58300,10,50000
58301,10,30000
58302,10,5000
58303,10,0
58304,10,5000
58305,10,20000
58306,10,10000
58307,10,0
58308,10,0
58309,10,5000
58310,10,20000
58311,10,50000
58312,10,0
58313,10,20000
58314,10,0
58315,10,20000
58316,10,10000
58317,10,30000
58318,10,20000
58319,10,0
58320,10,20000
58321,10,20000
58322,10,0
58323,10,40000
58324,10,30000
58325,10,30000
58326,10,5000
58327,10,40000
58328,10,10000
58329,10,30000
58330,10,30000
58331,10,20000
58332,10,5000
58333,10,10000
58334,10,20000
58335,10,10000
58336,10,40000
58337,10,5000
58338,10,40000
58339,10,30000
58340,10,0
58341,10,40000
58342,10,5000
58343,10,5000
58344,10,10000
58345,10,0
58346,10,10000
58347,10,40000
58348,10,20000
58349,10,0
58350,10,50000
58351,10,20000
58352,10,50000
58353,10,30000
58354,10,5000
58355,10,30000
58356,10,0
58357,10,0
58358,10,20000
58359,10,40000
58360,10,20000
58361,10,0
58362,10,40000
58363,10,5000
58364,10,0
58365,10,0
58366,10,0
58367,10,50000
58368,10,0
58369,10,0
58370,10,20000
58371,10,0
58372,10,20000
58373,10,50000
58374,10,30000
58375,10,0
58376,10,30000
58377,10,30000
58378,10,5000
58379,10,5000
58380,10,20000
58381,10,10000
58382,10,20000
58383,10,0
58384,10,0
58385,10,20000
58386,10,40000
58387,10,0
58388,10,30000
58389,10,5000
58390,10,50000
58391,10,5000
58392,10,30000
58393,10,30000
58394,10,50000
58395,10,40000
58396,10,50000
58397,10,0
58398,10,0
58399,10,50000
58400,10,10000
58401,10,40000
58402,10,30000
58403,10,10000
58404,10,5000
58405,10,10000
58406,10,5000
58407,10,0
58408,10,20000
58409,10,0
58410,10,40000
58411,10,0
58412,10,20000
58413,10,5000
58414,10,30000
58415,10,5000
58416,10,0
58417,10,20000
58418,10,50000
58419,10,10000
58420,10,20000
58421,10,30000
58422,10,0
58423,10,50000
58424,10,50000
58425,10,5000
58426,10,5000
58427,10,10000
58428,10,0
58429,10,0
58430,10,20000
58431,10,30000
58432,10,20000
58433,10,30000
58434,10,30000
58435,10,0
58436,10,40000
58437,10,5000
58438,10,0
58439,10,0
58440,10,20000
58441,10,50000
58442,10,50000
58443,10,20000
58444,10,10000
58445,10,40000
58446,10,0
58447,10,20000
58448,10,40000
58449,10,5000
58450,10,0
58451,10,0
58452,10,20000
58453,10,20000
58454,10,5000
58455,10,30000
58456,10,50000
58457,10,30000
58458,10,20000
58459,10,40000
58460,10,50000
58461,10,10000
58462,10,50000
58463,10,0
58464,10,30000
58465,10,0
58466,10,40000
58467,10,50000
58468,10,30000
58469,10,30000
58470,10,0
58471,10,30000
58472,10,50000
58473,10,10000
58474,10,40000
58475,10,0
58476,10,20000
58477,10,30000
58478,10,30000
58479,10,40000
58480,10,10000
58481,10,20000
58482,10,5000
58483,10,20000
58484,10,20000
58485,10,50000
58486,10,5000
58487,10,0
58488,10,10000
58489,10,0
58490,10,30000
58491,10,0
58492,10,0
58493,10,0
58494,10,20000
58495,10,30000
58496,10,40000
58497,10,0
58498,10,40000
58499,10,0
58500,10,20000
58501,10,5000
58502,10,30000
58503,10,0
58504,10,20000
58505,10,20000
58506,10,20000
58507,10,0
58508,10,5000
58509,10,0
58510,10,20000
58511,10,10000
58512,10,10000
58513,10,10000
58514,10,50000
58515,10,10000
58516,10,0
58517,10,20000
58518,10,50000
58519,10,30000
58520,10,20000
58521,10,0
58522,10,30000
58523,10,20000
58524,10,0
58525,10,5000
58526,10,30000
58527,10,0
58528,10,20000
58529,10,20000
58530,10,20000
58531,10,0
58532,10,40000
58533,10,0
58534,10,0
58535,10,40000
58536,10,50000
58537,10,20000
58538,10,0
58539,10,50000
58540,10,5000
58541,10,0
58542,10,0
58543,10,0
58544,10,10000
58545,10,30000
58546,10,10000
58547,10,0
58548,10,40000
58549,10,50000
58550,10,5000
58551,10,10
58552,10,5000
58553,10,50000
58554,10,10000
58555,10,0
58556,10,40000
58557,10,10000
58558,10,0
58559,10,0
58560,10,20000
58561,10,5000
58562,10,30000
58563,10,50000
58564,10,0
58565,10,30000
58566,10,5000
58567,10,20000
58568,10,10000
58569,10,0
58570,10,20000
58571,10,20000
58572,10,50000
58573,10,50000
58574,10,20000
58575,10,10000
58576,10,30000
58577,10,50000
58578,10,0
58579,10,10
58580,10,20000
58581,10,0
58582,10,20000
58583,10,10000
58584,10,30000
58585,10,0
58586,10,20000
58587,10,5000
58588,10,0
58589,10,40000
58590,10,10000
58591,10,40000
58592,10,0
58593,10,0
58594,10,0
58595,10,50000
58596,10,20000
58597,10,50000
58598,10,20000
58599,10,10000
58600,10,30000
58601,10,30000
58602,10,50000
58603,10,0
58604,10,0
58605,10,40000
58606,10,50000
58607,10,10000
58608,10,10000
58609,10,10000
58610,10,30000
58611,10,0
58612,10,30000
58613,10,5000
58614,10,50000
58615,10,40000
58616,10,20000
58617,10,20000
58618,10,0
58619,10,10000
58620,10,10000
58621,10,0
58622,10,10000
58623,10,30000
58624,10,0
58625,10,5000
58626,10,50000
58627,10,10000
58628,10,0
58629,10,40000
58630,10,30000
58631,10,20000
58632,10,0
58633,10,0
58634,10,20000
58635,10,20000
58636,10,0
58637,10,5000
58638,10,30000
58639,10,30000
58640,10,0
58641,10,0
58642,10,0
58643,10,0
58644,10,30000
58645,10,0
58646,10,0
58647,10,5000
58648,10,30000
58649,10,30000
58650,10,20000
58651,10,0
58652,10,20000
58653,10,5000
58654,10,0
58655,10,20000
58656,10,40000
58657,10,5000
58658,10,20000
58659,10,0
58660,10,50000
58661,10,40000
58662,10,50000
58663,10,10000
58664,10,50000
58665,10,50000
58666,10,5000
58667,10,50000
58668,10,20000
58669,10,5000
58670,10,5000
58671,10,10000
58672,10,5000
58673,10,0
58674,10,0
58675,10,0
58676,10,20000
58677,10,30000
58678,10,0
58679,10,40000
58680,10,30000
58681,10,0
58682,10,30000
58683,10,40000
58684,10,50000
58685,10,5000
58686,10,20000
58687,10,10000
58688,10,10000
58689,10,40000
58690,10,5000
58691,10,20000
58692,10,40000
58693,10,5000
58694,10,40000
58695,10,20000
58696,10,30000
58697,10,0
58698,10,5000
58699,10,10000
58700,10,0
58701,10,0
58702,10,10000
58703,10,40000
58704,10,10000
58705,10,40000
58706,10,0
58707,10,50000
58708,10,30000
58709,10,40000
58710,10,50000
58711,10,0
58712,10,0
58713,10,10000
58714,10,30000
58715,10,5000
58716,10,30000
58717,10,0
58718,10,0
58719,10,5000
58720,10,10000
58721,10,30000
58722,10,40000
58723,10,40000
58724,10,0
58725,10,50000
58726,10,0
58727,10,20000
58728,10,0
58729,10,20000
58730,10,30000
58731,10,10
58732,10,40000
58733,10,0
58734,10,0
58735,10,20000
58736,10,50000
58737,10,50000
58738,10,40000
58739,10,5000
58740,10,10000
58741,10,20000
58742,10,20000
58743,10,30000
58744,10,0
58745,10,50000
58746,10,5000
58747,10,0
58748,10,20000
58749,10,50000
58750,10,30000
58751,10,5000
58752,10,10000
58753,10,10000
58754,10,5000
58755,10,0
58756,10,0
58757,10,0
58758,10,50000
58759,10,10000
58760,10,30000
58761,10,0
58762,10,10000
58763,10,10000
58764,10,20000
58765,10,30000
58766,10,0
58767,10,20000
58768,10,40000
58769,10,20000
58770,10,5000
58771,10,40000
58772,10,5000
58773,10,30000
58774,10,50000
58775,10,50000
58776,10,20000
58777,10,50000
58778,10,0
58779,10,30000
58780,10,40000
58781,10,10000
58782,10,0
58783,10,0
58784,10,20000
58785,10,20000
58786,10,20000
58787,10,50000
58788,10,0
58789,10,0
58790,10,30000
58791,10,40000
58792,10,0
58793,10,40000
58794,10,0
58795,10,10000
58796,10,0
58797,10,50000
58798,10,40000
58799,10,0
58800,10,10000
58801,10,20000
58802,10,20000
58803,10,20000
58804,10,10000
58805,10,50000
58806,10,0
58807,10,0
58808,10,50000
58809,10,20000
58810,10,50000
58811,10,30000
58812,10,10000
58813,10,0
58814,10,0
58815,10,50000
58816,10,5000
58817,10,0
58818,10,10000
58819,10,10000
58820,10,0
58821,10,0
58822,10,0
58823,10,10000
58824,10,10000
58825,10,5000
58826,10,20000
58827,10,10000
58828,10,50000
58829,10,5000
58830,10,5000
58831,10,40000
58832,10,10000
58833,10,0
58834,10,50000
58835,10,0
58836,10,0
58837,10,50000
58838,10,20000
58839,10,20000
58840,10,0
58841,10,20000
58842,10,20000
58843,10,40000
58844,10,0
58845,10,20000
58846,10,40000
58847,10,20000
58848,10,40000
58849,10,40000
58850,10,30000
58851,10,10000
58852,10,5000
58853,10,50000
58854,10,0
58855,10,0
58856,10,30000
58857,10,10000
58858,10,50000
58859,10,40000
58860,10,10000
58861,10,0
58862,10,10000
58863,10,10000
58864,10,30000
58865,10,0
58866,10,30000
58867,10,40000
58868,10,0
58869,10,40000
58870,10,20000
58871,10,30000
58872,10,50000
58873,10,50000
58874,10,30000
58875,10,10000
58876,10,5000
58877,10,10000
58878,10,10000
58879,10,50000
58880,10,20000
58881,10,30000
58882,10,0
58883,10,20000
58884,10,0
58885,10,30000
58886,10,20000
58887,10,40000
58888,10,10
58889,10,20000
58890,10,20000
58891,10,0
58892,10,0
58893,10,50000
58894,10,50000
58895,10,20000
58896,10,10000
58897,10,30000
58898,10,0
58899,10,0
58900,10,50000
58901,10,0
58902,10,30000
58903,10,40000
58904,10,0
58905,10,0
58906,10,0
58907,10,5000
58908,10,5000
58909,10,30000
58910,10,0
58911,10,50000
58912,10,20000
58913,10,0
58914,10,20000
58915,10,40000
58916,10,20000
58917,10,50000
58918,10,20000
58919,10,20000
58920,10,0
58921,10,0
58922,10,20000
58923,10,40000
58924,10,10000
58925,10,30000
58926,10,0
58927,10,0
58928,10,30000
58929,10,10000
58930,10,0
58931,10,0
58932,10,0
58933,10,20000
58934,10,5000
58935,10,0
58936,10,5000
58937,10,50000
58938,10,50000
58939,10,50000
58940,10,20000
58941,10,0
58942,10,50000
58943,10,0
58944,10,30000
58945,10,20000
58946,10,0
58947,10,20000
58948,10,0
58949,10,40000
58950,10,30000
58951,10,50000
58952,10,30000
58953,10,5000
58954,10,40000
58955,10,0
58956,10,20000
58957,10,0
58958,10,10000
58959,10,30000
58960,10,30000
58961,10,30000
58962,10,50000
58963,10,5000
58964,10,20000
58965,10,40000
58966,10,0
58967,10,0
58968,10,0
58969,10,40000
58970,10,5000
58971,10,0
58972,10,30000
58973,10,30000
58974,10,0
58975,10,10000
58976,10,50000
58977,10,5000
58978,10,30000
58979,10,20000
58980,10,40000
58981,10,40000
58982,10,20000
58983,10,0
58984,10,50000
58985,10,50000
58986,10,0
58987,10,30000
58988,10,20000
58989,10,0
58990,10,30000
58991,10,40000
58992,10,50000
58993,10,0
58994,10,0
58995,10,50000
58996,10,0
58997,10,50000
58998,10,40000
58999,10,0
59000,10,50000
59001,10,20000
59002,10,10000
59003,10,50000
59004,10,20000
59005,10,40000
59006,10,5000
59007,10,20000
59008,10,5000
59009,10,20000
59010,10,5000
59011,10,0
59012,10,30000
59013,10,0
59014,10,0
59015,10,10000
59016,10,10000
59017,10,0
59018,10,30000
59019,10,0
59020,10,50000
59021,10,0
59022,10,0
59023,10,40000
59024,10,5000
59025,10,40000
59026,10,0
59027,10,40000
59028,10,20000
59029,10,0
59030,10,30000
59031,10,20000
59032,10,0
59033,10,5000
59034,10,0
59035,10,40000
59036,10,20000
59037,10,0
59038,10,20000
59039,10,0
59040,10,0
59041,10,50000
59042,10,30000
59043,10,50000
59044,10,30000
59045,10,30000
59046,10,30000
59047,10,40000
59048,10,0
59049,10,30000
59050,10,0
59051,10,20000
59052,10,30000
59053,10,50000
59054,10,0
59055,10,20000
59056,10,30000
59057,10,5000
59058,10,50000
59059,10,20000
59060,10,0
59061,10,30000
59062,10,5000
59063,10,20000
59064,10,50000
59065,10,50000
59066,10,0
59067,10,40000
59068,10,0
59069,10,20000
59070,10,10000
59071,10,0
59072,10,30000
59073,10,40000
59074,10,50000
59075,10,10000
59076,10,40000
59077,10,10
59078,10,5000
59079,10,40000
59080,10,50000
59081,10,5000
59082,10,0
59083,10,0
59084,10,0
59085,10,5000
59086,10,20000
59087,10,0
59088,10,50000
59089,10,50000
59090,10,0
59091,10,10000
59092,10,20000
59093,10,20000
59094,10,40000
59095,10,0
59096,10,50000
59097,10,0
59098,10,5000
59099,10,50000
59100,10,20000
59101,10,0
59102,10,20000
59103,10,0
59104,10,0
59105,10,40000
59106,10,10000
59107,10,5000
59108,10,0
59109,10,20000
59110,10,30000
59111,10,50000
59112,10,5000
59113,10,0
59114,10,30000
59115,10,5000
59116,10,0
59117,10,20000
59118,10,30000
59119,10,5000
59120,10,0
59121,10,50000
59122,10,30000
59123,10,40000
59124,10,30000
59125,10,5000
59126,10,0
59127,10,10000
59128,10,0
59129,10,30000
59130,10,50000
59131,10,10000
59132,10,50000
59133,10,10000
59134,10,30000
59135,10,0
59136,10,5000
59137,10,50000
59138,10,50000
59139,10,50000
59140,10,0
59141,10,0
59142,10,5000
59143,10,20000
59144,10,20000
59145,10,30000
59146,10,30000
59147,10,0
59148,10,5000
59149,10,0
59150,10,30000
59151,10,30000
59152,10,50000
59153,10,40000
59154,10,0
59155,10,0
59156,10,0
59157,10,0
59158,10,0
59159,10,10000
59160,10,20000
59161,10,20000
59162,10,50000
59163,10,40000
59164,10,30000
59165,10,20000
59166,10,5000
59167,10,5000
59168,10,20000
59169,10,50000
59170,10,0
59171,10,10000
59172,10,0
59173,10,30000
59174,10,5000
59175,10,20000
59176,10,0
59177,10,10000
59178,10,40000
59179,10,0
59180,10,30000
59181,10,0
59182,10,5000
59183,10,30000
59184,10,0
59185,10,40000
59186,10,0
59187,10,50000
59188,10,0
59189,10,20000
59190,10,20000
59191,10,40000
59192,10,20000
59193,10,0
59194,10,0
59195,10,50000
59196,10,10000
59197,10,0
59198,10,0
59199,10,0
59200,10,50000
59201,10,5000
59202,10,0
59203,10,50000
59204,10,20000
59205,10,30000
59206,10,40000
59207,10,0
59208,10,0
59209,10,0
59210,10,30000
59211,10,10000
59212,10,30000
59213,10,10000
59214,10,0
59215,10,10000
59216,10,20000
59217,10,10000
59218,10,10000
59219,10,0
59220,10,10000
59221,10,0
59222,10,0
59223,10,20000
59224,10,20000
59225,10,10000
59226,10,0
59227,10,50000
59228,10,0
59229,10,20000
59230,10,40000
59231,10,40000
59232,10,20000
59233,10,30000
59234,10,0
59235,10,50000
59236,10,10000
59237,10,30000
59238,10,30000
59239,10,5000
59240,10,10000
59241,10,0
59242,10,0
59243,10,10000
59244,10,20000
59245,10,30000
59246,10,50000
59247,10,20000
59248,10,30000
59249,10,50000
59250,10,30000
59251,10,0
59252,10,30000
59253,10,0
59254,10,10000
59255,10,0
59256,10,0
59257,10,50000
59258,10,30000
59259,10,50000
59260,10,5000
59261,10,0
59262,10,50000
59263,10,0
59264,10,10000
59265,10,5000
59266,10,0
59267,10,50000
59268,10,0
59269,10,0
59270,10,10000
59271,10,0
59272,10,50000
59273,10,0
59274,10,5000
59275,10,30000
59276,10,20000
59277,10,30000
59278,10,30000
59279,10,0
59280,10,30000
59281,10,30000
59282,10,40000
59283,10,30000
59284,10,30000
59285,10,5000
59286,10,40000
59287,10,10000
59288,10,30000
59289,10,30000
59290,10,10000
59291,10,0
59292,10,0
59293,10,30000
59294,10,0
59295,10,30000
59296,10,40000
59297,10,40000
59298,10,10000
59299,10,0
59300,10,30000
59301,10,40000
59302,10,30000
59303,10,10000
59304,10,40000
59305,10,0
59306,10,50000
59307,10,10000
59308,10,40000
59309,10,0
59310,10,10
59311,10,0
59312,10,0
59313,10,30000
59314,10,50000
59315,10,50000
59316,10,0
59317,10,40000
59318,10,50000
59319,10,20000
59320,10,10000
59321,10,5000
59322,10,0
59323,10,0
59324,10,0
59325,10,30000
59326,10,0
59327,10,0
59328,10,30000
59329,10,20000
59330,10,0
59331,10,30000
59332,10,5000
59333,10,5000
59334,10,0
59335,10,5000
59336,10,5000
59337,10,20000
59338,10,40000
59339,10,20000
59340,10,0
59341,10,40000
59342,10,10000
59343,10,40000
59344,10,30000
59345,10,20000
59346,10,0
59347,10,20000
59348,10,5000
59349,10,50000
59350,10,5000
59351,10,30000
59352,10,50000
59353,10,50000
59354,10,0
59355,10,50000
59356,10,20000
59357,10,0
59358,10,10000
59359,10,0
59360,10,0
59361,10,0
59362,10,0
59363,10,30000
59364,10,20000
59365,10,0
59366,10,20000
59367,10,5000
59368,10,30000
59369,10,30000
59370,10,20000
59371,10,40000
59372,10,0
59373,10,10
59374,10,50000
59375,10,50000
59376,10,0
59377,10,50000
59378,10,5000
59379,10,0
59380,10,20000
59381,10,0
59382,10,20000
59383,10,30000
59384,10,20000
59385,10,30000
59386,10,20000
59387,10,0
59388,10,0
59389,10,50000
59390,10,30000
59391,10,5000
59392,10,0
59393,10,40000
59394,10,20000
59395,10,10000
59396,10,0
59397,10,30000
59398,10,20000
59399,10,50000
59400,10,50000
59401,10,20000
59402,10,5000
59403,10,30000
59404,10,50000
59405,10,10000
59406,10,0
59407,10,30000
59408,10,40000
59409,10,0
59410,10,50000
59411,10,0
59412,10,30000
59413,10,0
59414,10,10000
59415,10,40000
59416,10,50000
59417,10,0
59418,10,10000
59419,10,30000
59420,10,20000
59421,10,30000
59422,10,30000
59423,10,0
59424,10,40000
59425,10,30000
59426,10,20000
59427,10,20000
59428,10,30000
59429,10,30000
59430,10,0
59431,10,5000
59432,10,50000
59433,10,50000
59434,10,0
59435,10,50000
59436,10,20000
59437,10,40000
59438,10,0
59439,10,40000
59440,10,50000
59441,10,0
59442,10,40000
59443,10,20000
59444,10,5000
59445,10,5000
59446,10,10000
59447,10,50000
59448,10,0
59449,10,30000
59450,10,50000
59451,10,10
59452,10,50000
59453,10,0
59454,10,5000
59455,10,50000
59456,10,20000
59457,10,0
59458,10,30000
59459,10,10000
59460,10,20000
59461,10,5000
59462,10,50000
59463,10,5000
59464,10,50000
59465,10,10000
59466,10,5000
59467,10,50000
59468,10,5000
59469,10,10000
59470,10,0
59471,10,5000
59472,10,30000
59473,10,10000
59474,10,0
59475,10,0
59476,10,0
59477,10,5000
59478,10,20000
59479,10,0
59480,10,0
59481,10,50000
59482,10,30000
59483,10,20000
59484,10,20000
59485,10,30000
59486,10,10000
59487,10,40000
59488,10,5000
59489,10,0
59490,10,30000
59491,10,0
59492,10,0
59493,10,0
59494,10,0
59495,10,40000
59496,10,5000
59497,10,30000
59498,10,0
59499,10,20000
59500,10,30000
59501,10,10000
59502,10,0
59503,10,0
59504,10,30000
59505,10,0
59506,10,30000
59507,10,20000
59508,10,30000
59509,10,30000
59510,10,50000
59511,10,40000
59512,10,30000
59513,10,50000
59514,10,10000
59515,10,40000
59516,10,50000
59517,10,30000
59518,10,40000
59519,10,0
59520,10,40000
59521,10,40000
59522,10,40000
59523,10,50000
59524,10,5000
59525,10,20000
59526,10,50000
59527,10,20000
59528,10,20000
59529,10,5000
59530,10,5000
59531,10,30000
59532,10,10000
59533,10,30000
59534,10,20000
59535,10,0
59536,10,0
59537,10,40000
59538,10,20000
59539,10,20000
59540,10,40000
59541,10,50000
59542,10,40000
59543,10,0
59544,10,0
59545,10,50000
59546,10,30000
59547,10,30000
59548,10,20000
59549,10,20000
59550,10,0
59551,10,30000
59552,10,20000
59553,10,50000
59554,10,5000
59555,10,20000
59556,10,0
59557,10,50000
59558,10,0
59559,10,10000
59560,10,5000
59561,10,0
59562,10,5000
59563,10,5000
59564,10,10000
59565,10,0
59566,10,10000
59567,10,20000
59568,10,0
59569,10,0
59570,10,30000
59571,10,50000
59572,10,30000
59573,10,0
59574,10,0
59575,10,30000
59576,10,10000
59577,10,10000
59578,10,50000
59579,10,10000
59580,10,0
59581,10,5000
59582,10,0
59583,10,20000
59584,10,50000
59585,10,0
59586,10,0
59587,10,20000
59588,10,40000
59589,10,10000
59590,10,30000
59591,10,40000
59592,10,40000
59593,10,0
59594,10,0
59595,10,0
59596,10,5000
59597,10,0
59598,10,5000
59599,10,50000
59600,10,30000
59601,10,20000
59602,10,10000
59603,10,10000
59604,10,0
59605,10,10000
59606,10,0
59607,10,30000
59608,10,40000
59609,10,0
59610,10,30000
59611,10,0
59612,10,50000
59613,10,10000
59614,10,20000
59615,10,0
59616,10,20000
59617,10,20000
59618,10,50000
59619,10,20000
59620,10,30000
59621,10,10000
59622,10,40000
59623,10,50000
59624,10,0
59625,10,0
59626,10,5000
59627,10,30000
59628,10,0
59629,10,10000
59630,10,0
59631,10,50000
59632,10,0
59633,10,0
59634,10,50000
59635,10,5000
59636,10,5000
59637,10,40000
59638,10,0
59639,10,0
59640,10,30000
59641,10,0
59642,10,30000
59643,10,10000
59644,10,20000
59645,10,0
59646,10,30000
59647,10,20000
59648,10,0
59649,10,50000
59650,10,0
59651,10,30000
59652,10,0
59653,10,20000
59654,10,50000
59655,10,0
59656,10,30000
59657,10,0
59658,10,40000
59659,10,10000
59660,10,20000
59661,10,20000
59662,10,0
59663,10,0
59664,10,0
59665,10,40000
59666,10,20000
59667,10,30000
59668,10,0
59669,10,50000
59670,10,30000
59671,10,40000
59672,10,0
59673,10,50000
59674,10,40000
59675,10,30000
59676,10,10000
59677,10,0
59678,10,10000
59679,10,40000
59680,10,10000
59681,10,50000
59682,10,30000
59683,10,20000
59684,10,10000
59685,10,20000
59686,10,10000
59687,10,50000
59688,10,20000
59689,10,30000
59690,10,0
59691,10,20000
59692,10,5000
59693,10,30000
59694,10,0
59695,10,30000
59696,10,50000
59697,10,40000
59698,10,50000
59699,10,50000
59700,10,50000
59701,10,20000
59702,10,20000
59703,10,40000
59704,10,20000
59705,10,30000
59706,10,10000
59707,10,10000
59708,10,40000
59709,10,10000
59710,10,20000
59711,10,20000
59712,10,30000
59713,10,30000
59714,10,20000
59715,10,40000
59716,10,10000
59717,10,50000
59718,10,20000
59719,10,0
59720,10,40000
59721,10,10
59722,10,50000
59723,10,40000
59724,10,0
59725,10,20000
59726,10,0
59727,10,50000
59728,10,50000
59729,10,0
59730,10,0
59731,10,5000
59732,10,0
59733,10,5000
59734,10,50000
59735,10,5000
59736,10,50000
59737,10,40000
59738,10,0
59739,10,5000
59740,10,20000
59741,10,30000
59742,10,0
59743,10,50000
59744,10,0
59745,10,40000
59746,10,30000
59747,10,5000
59748,10,20000
59749,10,20000
59750,10,0
59751,10,20000
59752,10,20000
59753,10,20000
59754,10,0
59755,10,40000
59756,10,10000
59757,10,20000
59758,10,20000
59759,10,0
59760,10,20000
59761,10,30000
59762,10,30000
59763,10,5000
59764,10,40000
59765,10,40000
59766,10,5000
59767,10,5000
59768,10,0
59769,10,30000
59770,10,0
59771,10,5000
59772,10,20000
59773,10,0
59774,10,10000
59775,10,50000
59776,10,40000
59777,10,30000
59778,10,30000
59779,10,40000
59780,10,50000
59781,10,5000
59782,10,20000
59783,10,0
59784,10,0
59785,10,0
59786,10,50000
59787,10,0
59788,10,30000
59789,10,50000
59790,10,0
59791,10,0
59792,10,0
59793,10,0
59794,10,0
59795,10,0
59796,10,30000
59797,10,30000
59798,10,0
59799,10,40000
59800,10,40000
59801,10,0
59802,10,20000
59803,10,0
59804,10,20000
59805,10,10000
59806,10,40000
59807,10,10000
59808,10,30000
59809,10,50000
59810,10,40000
59811,10,10
59812,10,5000
59813,10,50000
59814,10,50000
59815,10,40000
59816,10,0
59817,10,20000
59818,10,20000
59819,10,0
59820,10,0
59821,10,0
59822,10,0
59823,10,10000
59824,10,30000
59825,10,0
59826,10,20000
59827,10,10000
59828,10,20000
59829,10,20000
59830,10,10000
59831,10,20000
59832,10,0
59833,10,30000
59834,10,0
59835,10,20000
59836,10,40000
59837,10,40000
59838,10,10000
59839,10,30000
59840,10,0
59841,10,30000
59842,10,40000
59843,10,50000
59844,10,20000
59845,10,0
59846,10,40000
59847,10,0
59848,10,30000
59849,10,10000
59850,10,0
59851,10,20000
59852,10,30000
59853,10,10000
59854,10,40000
59855,10,0
59856,10,0
59857,10,20000
59858,10,10000
59859,10,50000
59860,10,30000
59861,10,20000
59862,10,20000
59863,10,0
59864,10,40000
59865,10,50000
59866,10,20000
59867,10,20000
59868,10,20000
59869,10,20000
59870,10,10000
59871,10,0
59872,10,50000
59873,10,0
59874,10,10000
59875,10,20000
59876,10,0
59877,10,50000
59878,10,30000
59879,10,30000
59880,10,5000
59881,10,0
59882,10,5000
59883,10,30000
59884,10,30000
59885,10,10000
59886,10,30000
59887,10,30000
59888,10,20000
59889,10,10000
59890,10,40000
59891,10,5000
59892,10,20000
59893,10,30000
59894,10,0
59895,10,5000
59896,10,40000
59897,10,0
59898,10,10000
59899,10,40000
59900,10,0
59901,10,10000
59902,10,20000
59903,10,5000
59904,10,10000
59905,10,30000
59906,10,20000
59907,10,30000
59908,10,20000
59909,10,50000
59910,10,0
59911,10,5000
59912,10,50000
59913,10,0
59914,10,0
59915,10,5000
59916,10,50000
59917,10,0
59918,10,0
59919,10,5000
59920,10,0
59921,10,50000
59922,10,30000
59923,10,50000
59924,10,0
59925,10,0
59926,10,0
59927,10,0
59928,10,0
59929,10,30000
59930,10,0
59931,10,40000
59932,10,20000
59933,10,30000
59934,10,20000
59935,10,0
59936,10,0
59937,10,40000
59938,10,10000
59939,10,50000
59940,10,20000
59941,10,0
59942,10,40000
59943,10,50000
59944,10,40000
59945,10,50000
59946,10,50000
59947,10,10000
59948,10,10000
59949,10,10000
59950,10,50000
59951,10,20000
59952,10,20000
59953,10,5000
59954,10,20000
59955,10,40000
59956,10,0
59957,10,30000
59958,10,0
59959,10,30000
59960,10,30000
59961,10,10
59962,10,20000
59963,10,20000
59964,10,50000
59965,10,20000
59966,10,0
59967,10,5000
59968,10,5000
59969,10,40000
59970,10,50000
59971,10,5000
59972,10,0
59973,10,10000
59974,10,50000
59975,10,0
59976,10,5000
59977,10,20000
59978,10,0
59979,10,50000
59980,10,50000
59981,10,30000
59982,10,40000
59983,10,30000
59984,10,5000
59985,10,0
59986,10,30000
59987,10,50000
59988,10,20000
59989,10,40000
59990,10,0
59991,10,5000
59992,10,50000
59993,10,10000
59994,10,20000
59995,10,0
59996,10,20000
59997,10,0
59998,10,0
59999,10,30000
60000,10,0
60001,10,0
60002,10,20000
60003,10,30000
60004,10,10000
60005,10,5000
60006,10,30000
60007,10,10000
60008,10,30000
60009,10,40000
60010,10,0
60011,10,30000
60012,10,40000
60013,10,0
60014,10,10000
60015,10,20000
60016,10,40000
60017,10,0
60018,10,30000
60019,10,50000
60020,10,20000
60021,10,30000
60022,10,10000
60023,10,0
60024,10,0
60025,10,20000
60026,10,0
60027,10,30000
60028,10,0
60029,10,30000
60030,10,0
60031,10,10000
60032,10,0
60033,10,5000
60034,10,10000
60035,10,30000
60036,10,50000
60037,10,30000
60038,10,20000
60039,10,0
60040,10,5000
60041,10,10000
60042,10,0
60043,10,0
60044,10,0
60045,10,0
60046,10,20000
60047,10,0
60048,10,20000
60049,10,0
60050,10,5000
60051,10,0
60052,10,0
60053,10,0
60054,10,0
60055,10,5000
60056,10,0
60057,10,20000
60058,10,50000
60059,10,20000
60060,10,40000
60061,10,5000
60062,10,30000
60063,10,20000
60064,10,40000
60065,10,30000
60066,10,10000
60067,10,5000
60068,10,0
60069,10,20000
60070,10,40000
60071,10,30000
60072,10,20000
60073,10,40000
60074,10,20000
60075,10,10000
60076,10,5000
60077,10,0
60078,10,0
60079,10,40000
60080,10,0
60081,10,0
60082,10,5000
60083,10,5000
60084,10,20000
60085,10,20000
60086,10,40000
60087,10,0
60088,10,10000
60089,10,50000
60090,10,10000
60091,10,0
60092,10,20000
60093,10,0
60094,10,20000
60095,10,10000
60096,10,0
60097,10,0
60098,10,50000
60099,10,30000
60100,10,5000
60101,10,5000
60102,10,20000
60103,10,0
60104,10,0
60105,10,20000
60106,10,50000
60107,10,50000
60108,10,30000
60109,10,50000
60110,10,0
60111,10,0
60112,10,20000
60113,10,20000
60114,10,40000
60115,10,0
60116,10,50000
60117,10,5000
60118,10,5000
60119,10,5000
60120,10,50000
60121,10,10000
60122,10,10000
60123,10,10000
60124,10,30000
60125,10,20000
60126,10,0
60127,10,10000
60128,10,0
60129,10,30000
60130,10,50000
60131,10,40000
60132,10,20000
60133,10,0
60134,10,5000
60135,10,5000
60136,10,20000
60137,10,20000
60138,10,30000
60139,10,10000
60140,10,0
60141,10,30000
60142,10,0
60143,10,0
60144,10,40000
60145,10,20000
60146,10,40000
60147,10,40000
60148,10,20000
60149,10,40000
60150,10,50000
60151,10,40000
60152,10,20000
60153,10,30000
60154,10,10000
60155,10,0
60156,10,0
60157,10,5000
60158,10,50000
60159,10,0
60160,10,30000
60161,10,0
60162,10,30000
60163,10,0
60164,10,20000
60165,10,30000
60166,10,0
60167,10,20000
60168,10,30000
60169,10,30000
60170,10,0
60171,10,50000
60172,10,50000
60173,10,10000
60174,10,40000
60175,10,0
60176,10,30000
60177,10,30000
60178,10,0
60179,10,20000
60180,10,20000
60181,10,20000
60182,10,50000
60183,10,40000
60184,10,20000
60185,10,10000
60186,10,5000
60187,10,30000
60188,10,5000
60189,10,40000
60190,10,0
60191,10,0
60192,10,0
60193,10,5000
60194,10,30000
60195,10,30000
60196,10,30000
60197,10,0
60198,10,20000
60199,10,0
60200,10,5000
60201,10,0
60202,10,20000
60203,10,50000
60204,10,0
60205,10,50000
60206,10,0
60207,10,0
60208,10,50000
60209,10,0
60210,10,0
60211,10,5000
60212,10,0
60213,10,0
60214,10,0
60215,10,40000
60216,10,40000
60217,10,0
60218,10,50000
60219,10,5000
60220,10,30000
60221,10,0
60222,10,10000
60223,10,10000
60224,10,30000
60225,10,20000
60226,10,20000
60227,10,0
60228,10,5000
60229,10,0
60230,10,40000
60231,10,20000
60232,10,5000
60233,10,5000
60234,10,50000
60235,10,20000
60236,10,50000
60237,10,50000
60238,10,40000
60239,10,0
60240,10,20000
60241,10,5000
60242,10,50000
60243,10,20000
60244,10,20000
60245,10,40000
60246,10,10000
60247,10,0
60248,10,20000
60249,10,50000
60250,10,0
60251,10,30000
60252,10,0
60253,10,10000
60254,10,20000
60255,10,30000
60256,10,40000
60257,10,20000
60258,10,30000
60259,10,50000
60260,10,0
60261,10,0
60262,10,50000
60263,10,20000
60264,10,40000
60265,10,20000
60266,10,40000
60267,10,10000
60268,10,50000
60269,10,30000
60270,10,0
60271,10,40000
60272,10,30000
60273,10,0
60274,10,40000
60275,10,10000
60276,10,5000
60277,10,50000
60278,10,0
60279,10,5000
60280,10,5000
60281,10,20000
60282,10,30000
60283,10,50000
60284,10,50000
60285,10,30000
60286,10,50000
60287,10,20000
60288,10,5000
60289,10,20000
60290,10,10000
60291,10,30000
60292,10,50000
60293,10,40000
60294,10,20000
60295,10,5000
60296,10,10000
60297,10,20000
60298,10,50000
60299,10,30000
60300,10,0
60301,10,40000
60302,10,0
60303,10,40000
60304,10,40000
60305,10,0
60306,10,5000
60307,10,0
60308,10,40000
60309,10,20000
60310,10,0
60311,10,0
60312,10,0
60313,10,30000
60314,10,5000
60315,10,50000
60316,10,0
60317,10,5000
60318,10,30000
60319,10,40000
60320,10,50000
60321,10,5000
60322,10,50000
60323,10,0
60324,10,0
60325,10,50000
60326,10,0
60327,10,5000
60328,10,10000
60329,10,40000
60330,10,0
60331,10,40000
60332,10,50000
60333,10,20000
60334,10,5000
60335,10,10000
60336,10,0
60337,10,0
60338,10,20000
60339,10,30000
60340,10,30000
60341,10,0
60342,10,30000
60343,10,30000
60344,10,30000
60345,10,5000
60346,10,20000
60347,10,30000
60348,10,20000
60349,10,20000
60350,10,30000
60351,10,0
60352,10,5000
60353,10,10000
60354,10,20000
60355,10,0
60356,10,0
60357,10,50000
60358,10,0
60359,10,10000
60360,10,0
60361,10,20000
60362,10,20000
60363,10,20000
60364,10,30000
60365,10,0
60366,10,20000
60367,10,20000
60368,10,0
60369,10,0
60370,10,20000
60371,10,50000
60372,10,50000
60373,10,30000
60374,10,0
60375,10,40000
60376,10,40000
60377,10,20000
60378,10,20000
60379,10,0
60380,10,40000
60381,10,40000
60382,10,30000
60383,10,10000
60384,10,0
60385,10,30000
60386,10,50000
60387,10,10000
60388,10,5000
60389,10,20000
60390,10,5000
60391,10,30000
60392,10,0
60393,10,40000
60394,10,20000
60395,10,30000
60396,10,40000
60397,10,30000
60398,10,50000
60399,10,20000
60400,10,20000
60401,10,50000
60402,10,40000
60403,10,30000
60404,10,20000
60405,10,50000
60406,10,0
60407,10,5000
60408,10,0
60409,10,20000
60410,10,40000
60411,10,20000
60412,10,0
60413,10,5000
60414,10,30000
60415,10,10000
60416,10,50000
60417,10,0
60418,10,0
60419,10,10000
60420,10,40000
60421,10,20000
60422,10,0
60423,10,20000
60424,10,20000
60425,10,20000
60426,10,40000
60427,10,20000
60428,10,10000
60429,10,50000
60430,10,10000
60431,10,0
60432,10,30000
60433,10,30000
60434,10,30000
60435,10,5000
60436,10,40000
60437,10,30000
60438,10,0
60439,10,0
60440,10,0
60441,10,10000
60442,10,0
60443,10,20000
60444,10,30000
60445,10,0
60446,10,20000
60447,10,0
60448,10,0
60449,10,5000
60450,10,10000
60451,10,50000
60452,10,0
60453,10,40000
60454,10,50000
60455,10,5000
60456,10,10000
60457,10,10
60458,10,30000
60459,10,30000
60460,10,5000
60461,10,10000
60462,10,0
60463,10,30000
60464,10,40000
60465,10,0
60466,10,20000
60467,10,0
60468,10,0
60469,10,0
60470,10,50000
60471,10,40000
60472,10,0
60473,10,30000
60474,10,40000
60475,10,20000
60476,10,40000
60477,10,40000
60478,10,20000
60479,10,0
60480,10,30000
60481,10,0
60482,10,30000
60483,10,0
60484,10,50000
60485,10,5000
60486,10,20000
60487,10,30000
60488,10,10000
60489,10,10000
60490,10,0
60491,10,20000
60492,10,30000
60493,10,50000
60494,10,0
60495,10,50000
60496,10,50000
60497,10,10000
60498,10,0
60499,10,0
60500,10,50000
60501,10,50000
60502,10,20000
60503,10,30000
60504,10,10000
60505,10,30000
60506,10,30000
60507,10,20000
60508,10,0
60509,10,30000
60510,10,20000
60511,10,0
60512,10,0
60513,10,10000
60514,10,50000
60515,10,0
60516,10,0
60517,10,20000
60518,10,5000
60519,10,0
60520,10,50000
60521,10,0
60522,10,0
60523,10,40000
60524,10,5000
60525,10,5000
60526,10,0
60527,10,0
60528,10,20000
60529,10,40000
60530,10,0
60531,10,20000
60532,10,5000
60533,10,0
60534,10,20000
60535,10,5000
60536,10,5000
60537,10,10000
60538,10,5000
60539,10,5000
60540,10,30000
60541,10,0
60542,10,20000
60543,10,0
60544,10,0
60545,10,10000
60546,10,40000
60547,10,50000
60548,10,0
60549,10,5000
60550,10,20000
60551,10,40000
60552,10,5000
60553,10,20000
60554,10,10000
60555,10,10000
60556,10,0
60557,10,0
60558,10,5000
60559,10,10000
60560,10,10000
60561,10,50000
60562,10,30000
60563,10,20000
60564,10,0
60565,10,20000
60566,10,5000
60567,10,40000
60568,10,40000
60569,10,50000
60570,10,20000
60571,10,20000
60572,10,30000
60573,10,20000
60574,10,20000
60575,10,50000
60576,10,0
60577,10,30000
60578,10,0
60579,10,0
60580,10,20000
60581,10,40000
60582,10,0
60583,10,30000
60584,10,0
60585,10,20000
60586,10,5000
60587,10,5000
60588,10,0
60589,10,30000
60590,10,30000
60591,10,30000
60592,10,30000
60593,10,40000
60594,10,0
60595,10,20000
60596,10,30000
60597,10,5000
60598,10,0
60599,10,20000
60600,10,5000
60601,10,30000
60602,10,20000
60603,10,10000
60604,10,0
60605,10,10000
60606,10,0
60607,10,10000
60608,10,20000
60609,10,30000
60610,10,30000
60611,10,50000
60612,10,50000
60613,10,0
60614,10,30000
60615,10,50000
60616,10,5000
60617,10,0
60618,10,10000
60619,10,0
60620,10,40000
60621,10,40000
60622,10,5000
60623,10,5000
60624,10,20000
60625,10,20000
60626,10,10000
60627,10,5000
60628,10,30000
60629,10,50000
60630,10,10000
60631,10,0
60632,10,20000
60633,10,50000
60634,10,0
60635,10,0
60636,10,0
60637,10,20000
60638,10,10000
60639,10,0
60640,10,40000
60641,10,20000
60642,10,40000
60643,10,30000
60644,10,10000
60645,10,40000
60646,10,40000
60647,10,10000
60648,10,0
60649,10,40000
60650,10,0
60651,10,30000
60652,10,0
60653,10,20000
60654,10,50000
60655,10,50000
60656,10,40000
60657,10,20000
60658,10,0
60659,10,5000
60660,10,20000
60661,10,20000
60662,10,20000
60663,10,0
60664,10,0
60665,10,20000
60666,10,10000
60667,10,10000
60668,10,10000
60669,10,0
60670,10,20000
60671,10,0
60672,10,50000
60673,10,0
60674,10,50000
60675,10,0
60676,10,40000
60677,10,10000
60678,10,0
60679,10,50000
60680,10,50000
60681,10,20000
60682,10,0
60683,10,0
60684,10,0
60685,10,30000
60686,10,30000
60687,10,50000
60688,10,50000
60689,10,20000
60690,10,30000
60691,10,10000
60692,10,20000
60693,10,20000
60694,10,0
60695,10,0
60696,10,10
60697,10,50000
60698,10,0
60699,10,0
60700,10,50000
60701,10,30000
60702,10,0
60703,10,5000
60704,10,40000
60705,10,50000
60706,10,10000
60707,10,0
60708,10,0
60709,10,0
60710,10,10000
60711,10,0
60712,10,0
60713,10,50000
60714,10,0
60715,10,30000
60716,10,40000
60717,10,10000
60718,10,0
60719,10,0
60720,10,10000
60721,10,40000
60722,10,30000
60723,10,10000
60724,10,50000
60725,10,0
60726,10,20000
60727,10,0
60728,10,0
60729,10,10000
60730,10,50000
60731,10,5000
60732,10,20000
60733,10,30000
60734,10,0
60735,10,20000
60736,10,30000
60737,10,50000
60738,10,5000
60739,10,40000
60740,10,0
60741,10,50000
60742,10,20000
60743,10,50000
60744,10,40000
60745,10,0
60746,10,0
60747,10,0
60748,10,5000
60749,10,20000
60750,10,0
60751,10,10000
60752,10,10000
60753,10,50000
60754,10,30000
60755,10,40000
60756,10,50000
60757,10,40000
60758,10,20000
60759,10,50000
60760,10,0
60761,10,20000
60762,10,50000
60763,10,30000
60764,10,20000
60765,10,40000
60766,10,40000
60767,10,10000
60768,10,0
60769,10,0
60770,10,0
60771,10,5000
60772,10,20000
60773,10,20000
60774,10,0
60775,10,30000
60776,10,50000
60777,10,50000
60778,10,20000
60779,10,40000
60780,10,20000
60781,10,30000
60782,10,10000
60783,10,10000
60784,10,5000
60785,10,30000
60786,10,20000
60787,10,20000
60788,10,5000
60789,10,20000
60790,10,0
60791,10,40000
60792,10,50000
60793,10,0
60794,10,40000
60795,10,20000
60796,10,40000
60797,10,0
60798,10,50000
60799,10,30000
60800,10,20000
60801,10,40000
60802,10,20000
60803,10,30000
60804,10,50000
60805,10,40000
60806,10,50000
60807,10,40000
60808,10,20000
60809,10,20000
60810,10,20000
60811,10,0
60812,10,20000
60813,10,0
60814,10,5000
60815,10,10000
60816,10,0
60817,10,5000
60818,10,50000
60819,10,40000
60820,10,10000
60821,10,0
60822,10,0
60823,10,40000
60824,10,30000
60825,10,50000
60826,10,20000
60827,10,30000
60828,10,0
60829,10,5000
60830,10,20000
60831,10,30000
60832,10,40000
60833,10,20000
60834,10,50000
60835,10,40000
60836,10,0
60837,10,0
60838,10,40000
60839,10,30000
60840,10,0
60841,10,20000
60842,10,0
60843,10,0
60844,10,50000
60845,10,30000
60846,10,20000
60847,10,50000
60848,10,0
60849,10,0
60850,10,10000
60851,10,5000
60852,10,30000
60853,10,10000
60854,10,5000
60855,10,20000
60856,10,5000
60857,10,30000
60858,10,50000
60859,10,30000
60860,10,0
60861,10,30000
60862,10,0
60863,10,30000
60864,10,20000
60865,10,20000
60866,10,5000
60867,10,10000
60868,10,0
60869,10,40000
60870,10,50000
60871,10,20000
60872,10,20000
60873,10,30000
60874,10,10000
60875,10,0
60876,10,10000
60877,10,5000
60878,10,50000
60879,10,10
60880,10,50000
60881,10,50000
60882,10,0
60883,10,20000
60884,10,10000
60885,10,20000
60886,10,0
60887,10,5000
60888,10,50000
60889,10,40000
60890,10,30000
60891,10,10000
60892,10,40000
60893,10,30000
60894,10,50000
60895,10,10000
60896,10,40000
60897,10,5000
60898,10,20000
60899,10,0
60900,10,5000
60901,10,5000
60902,10,0
60903,10,20000
60904,10,30000
60905,10,50000
60906,10,30000
60907,10,20000
60908,10,20000
60909,10,20000
60910,10,0
60911,10,0
60912,10,0
60913,10,30000
60914,10,50000
60915,10,50000
60916,10,0
60917,10,30000
60918,10,0
60919,10,0
60920,10,5000
60921,10,20000
60922,10,20000
60923,10,50000
60924,10,30000
60925,10,50000
60926,10,50000
60927,10,0
60928,10,30000
60929,10,30000
60930,10,0
60931,10,5000
60932,10,0
60933,10,30000
60934,10,40000
60935,10,40000
60936,10,30000
60937,10,0
60938,10,10000
60939,10,5000
60940,10,30000
60941,10,0
60942,10,50000
60943,10,0
60944,10,40000
60945,10,50000
60946,10,30000
60947,10,20000
60948,10,20000
60949,10,50000
60950,10,50000
60951,10,20000
60952,10,0
60953,10,20000
60954,10,50000
60955,10,50000
60956,10,0
60957,10,0
60958,10,20000
60959,10,30000
60960,10,5000
60961,10,0
60962,10,20000
60963,10,5000
60964,10,30000
60965,10,40000
60966,10,0
60967,10,10
60968,10,10000
60969,10,5000
60970,10,5000
60971,10,5000
60972,10,5000
60973,10,30000
60974,10,0
60975,10,30000
60976,10,50000
60977,10,20000
60978,10,0
60979,10,10000
60980,10,20000
60981,10,50000
60982,10,0
60983,10,20000
60984,10,20000
60985,10,0
60986,10,5000
60987,10,5000
60988,10,20000
60989,10,30000
60990,10,5000
60991,10,0
60992,10,20000
60993,10,10000
60994,10,30000
60995,10,20000
60996,10,30000
60997,10,0
60998,10,50000
60999,10,20000
61000,10,0
61001,10,0
61002,10,40000
61003,10,5000
61004,10,0
61005,10,0
61006,10,20000
61007,10,0
61008,10,0
61009,10,40000
61010,10,5000
61011,10,5000
61012,10,20000
61013,10,30000
61014,10,0
61015,10,5000
61016,10,50000
61017,10,20000
61018,10,50000
61019,10,30000
61020,10,0
61021,10,0
61022,10,50000
61023,10,10000
61024,10,30000
61025,10,5000
61026,10,5000
61027,10,30000
61028,10,10000
61029,10,20000
61030,10,5000
61031,10,50000
61032,10,0
61033,10,40000
61034,10,10000
61035,10,0
61036,10,0
61037,10,50000
61038,10,10000
61039,10,20000
61040,10,0
61041,10,30000
61042,10,40000
61043,10,40000
61044,10,0
61045,10,20000
61046,10,10000
61047,10,40000
61048,10,20000
61049,10,20000
61050,10,30000
61051,10,10000
61052,10,0
61053,10,40000
61054,10,40000
61055,10,10000
61056,10,10000
61057,10,0
61058,10,0
61059,10,50000
61060,10,50000
61061,10,0
61062,10,30000
61063,10,40000
61064,10,40000
61065,10,30000
61066,10,50000
61067,10,0
61068,10,50000
61069,10,50000
61070,10,0
61071,10,20000
61072,10,0
61073,10,0
61074,10,10000
61075,10,30000
61076,10,10000
61077,10,0
61078,10,0
61079,10,50000
61080,10,50000
61081,10,0
61082,10,0
61083,10,0
61084,10,0
61085,10,50000
61086,10,40000
61087,10,0
61088,10,50000
61089,10,0
61090,10,0
61091,10,20000
61092,10,5000
61093,10,10000
61094,10,50000
61095,10,5000
61096,10,30000
61097,10,5000
61098,10,50000
61099,10,5000
61100,10,0
61101,10,0
61102,10,50000
61103,10,0
61104,10,30000
61105,10,30000
61106,10,0
61107,10,0
61108,10,20000
61109,10,40000
61110,10,40000
61111,10,20000
61112,10,40000
61113,10,5000
61114,10,0
61115,10,50000
61116,10,50000
61117,10,30000
61118,10,40000
61119,10,5000
61120,10,40000
61121,10,50000
61122,10,30000
61123,10,0
61124,10,5000
61125,10,40000
61126,10,0
61127,10,50000
61128,10,5000
61129,10,5000
61130,10,30000
61131,10,40000
61132,10,10000
61133,10,50000
61134,10,0
61135,10,20000
61136,10,5000
61137,10,10000
61138,10,40000
61139,10,20000
61140,10,20000
61141,10,30000
61142,10,10000
61143,10,0
61144,10,30000
61145,10,40000
61146,10,30000
61147,10,10000
61148,10,0
61149,10,30000
61150,10,50000
61151,10,0
61152,10,40000
61153,10,50000
61154,10,30000
61155,10,30000
61156,10,5000
61157,10,20000
61158,10,0
61159,10,0
61160,10,40000
61161,10,10000
61162,10,20000
61163,10,0
61164,10,50000
61165,10,20000
61166,10,40000
61167,10,50000
61168,10,50000
61169,10,30000
61170,10,30000
61171,10,0
61172,10,40000
61173,10,20000
61174,10,5000
61175,10,40000
61176,10,5000
61177,10,50000
61178,10,10000
61179,10,0
61180,10,20000
61181,10,30000
61182,10,30000
61183,10,0
61184,10,40000
61185,10,5000
61186,10,40000
61187,10,50000
61188,10,20000
61189,10,5000
61190,10,0
61191,10,0
61192,10,40000
61193,10,20000
61194,10,5000
61195,10,5000
61196,10,0
61197,10,50000
61198,10,0
61199,10,50000
61200,10,50000
61201,10,5000
61202,10,0
61203,10,20000
61204,10,10000
61205,10,50000
61206,10,20000
61207,10,20000
61208,10,30000
61209,10,5000
61210,10,0
61211,10,50000
61212,10,30000
61213,10,20000
61214,10,0
61215,10,20000
61216,10,30000
61217,10,40000
61218,10,5000
61219,10,0
61220,10,20000
61221,10,5000
61222,10,30000
61223,10,0
61224,10,50000
61225,10,50000
61226,10,50000
61227,10,10000
61228,10,20000
61229,10,30000
61230,10,10000
61231,10,20000
61232,10,30000
61233,10,0
61234,10,30000
61235,10,50000
61236,10,50000
61237,10,30000
61238,10,30000
61239,10,0
61240,10,50000
61241,10,0
61242,10,10000
61243,10,20000
61244,10,0
61245,10,30000
61246,10,5000
61247,10,0
61248,10,30000
61249,10,40000
61250,10,0
61251,10,5000
61252,10,5000
61253,10,30000
61254,10,30000
61255,10,30000
61256,10,50000
61257,10,40000
61258,10,10000
61259,10,10000
61260,10,10000
61261,10,30000
61262,10,20000
61263,10,0
61264,10,30000
61265,10,5000
61266,10,30000
61267,10,50000
61268,10,0
61269,10,50000
61270,10,10000
61271,10,50000
61272,10,50000
61273,10,30000
61274,10,0
61275,10,50000
61276,10,40000
61277,10,20000
61278,10,5000
61279,10,0
61280,10,0
61281,10,5000
61282,10,0
61283,10,0
61284,10,20000
61285,10,20000
61286,10,20000
61287,10,0
61288,10,5000
61289,10,5000
61290,10,40000
61291,10,0
61292,10,0
61293,10,20000
61294,10,0
61295,10,50000
61296,10,20000
61297,10,0
61298,10,50000
61299,10,0
61300,10,20000
61301,10,40000
61302,10,20000
61303,10,20000
61304,10,10000
61305,10,0
61306,10,30000
61307,10,20000
61308,10,0
61309,10,30000
61310,10,10000
61311,10,10000
61312,10,0
61313,10,20000
61314,10,0
61315,10,50000
61316,10,50000
61317,10,20000
61318,10,30000
61319,10,0
61320,10,0
61321,10,0
61322,10,20000
61323,10,5000
61324,10,50000
61325,10,10000
61326,10,10000
61327,10,20000
61328,10,5000
61329,10,40000
61330,10,0
61331,10,40000
61332,10,30000
61333,10,5000
61334,10,40000
61335,10,0
61336,10,50000
61337,10,0
61338,10,30000
61339,10,20000
61340,10,10000
61341,10,0
61342,10,30000
61343,10,30000
61344,10,30000
61345,10,10000
61346,10,5000
61347,10,10000
61348,10,40000
61349,10,50000
61350,10,50000
61351,10,40000
61352,10,30000
61353,10,0
61354,10,0
61355,10,0
61356,10,0
61357,10,50000
61358,10,0
61359,10,40000
61360,10,10000
61361,10,0
61362,10,0
61363,10,0
61364,10,0
61365,10,0
61366,10,5000
61367,10,0
61368,10,20000
61369,10,20000
61370,10,20000
61371,10,0
61372,10,5000
61373,10,20000
61374,10,10000
61375,10,10000
61376,10,5000
61377,10,0
61378,10,20000
61379,10,30000
61380,10,0
61381,10,0
61382,10,20000
61383,10,30000
61384,10,30000
61385,10,0
61386,10,0
61387,10,5000
61388,10,40000
61389,10,20000
61390,10,0
61391,10,0
61392,10,5000
61393,10,0
61394,10,0
61395,10,50000
61396,10,0
61397,10,30000
61398,10,0
61399,10,20000
61400,10,0
61401,10,0
61402,10,0
61403,10,30000
61404,10,20000
61405,10,0
61406,10,40000
61407,10,5000
61408,10,0
61409,10,40000
61410,10,10000
61411,10,0
61412,10,20000
61413,10,20000
61414,10,40000
61415,10,5000
61416,10,50000
61417,10,30000
61418,10,50000
61419,10,20000
61420,10,50000
61421,10,0
61422,10,20000
61423,10,30000
61424,10,5000
61425,10,10000
61426,10,20000
61427,10,0
61428,10,30000
61429,10,0
61430,10,30000
61431,10,0
61432,10,0
61433,10,40000
61434,10,30000
61435,10,5000
61436,10,5000
61437,10,50000
61438,10,30000
61439,10,10000
61440,10,20000
61441,10,0
61442,10,20000
61443,10,50000
61444,10,0
61445,10,10000
61446,10,20000
61447,10,30000
61448,10,5000
61449,10,5000
61450,10,40000
61451,10,10000
61452,10,40000
61453,10,20000
61454,10,0
61455,10,0
61456,10,40000
61457,10,0
61458,10,40000
61459,10,20000
61460,10,5000
61461,10,40000
61462,10,0
61463,10,50000
61464,10,0
61465,10,30000
61466,10,0
61467,10,20000
61468,10,0
61469,10,0
61470,10,10000
61471,10,20000
61472,10,30000
61473,10,30000
61474,10,10000
61475,10,10000
61476,10,30000
61477,10,10000
61478,10,0
61479,10,40000
61480,10,20000
61481,10,50000
61482,10,5000
61483,10,0
61484,10,0
61485,10,30000
61486,10,0
61487,10,30000
61488,10,30000
61489,10,10000
61490,10,30000
61491,10,0
61492,10,30000
61493,10,5000
61494,10,20000
61495,10,10000
61496,10,40000
61497,10,10000
61498,10,50000
61499,10,0
61500,10,40000
61501,10,0
61502,10,5000
61503,10,20000
61504,10,30000
61505,10,30000
61506,10,0
61507,10,30000
61508,10,40000
61509,10,0
61510,10,10000
61511,10,20000
61512,10,40000
61513,10,5000
61514,10,20000
61515,10,5000
61516,10,20000
61517,10,10000
61518,10,40000
61519,10,40000
61520,10,0
61521,10,20000
61522,10,0
61523,10,10000
61524,10,0
61525,10,0
61526,10,20000
61527,10,50000
61528,10,5000
61529,10,40000
61530,10,40000
61531,10,5000
61532,10,10000
61533,10,10000
61534,10,10000
61535,10,40000
61536,10,20000
61537,10,20000
61538,10,30000
61539,10,40000
61540,10,0
61541,10,0
61542,10,20000
61543,10,50000
61544,10,50000
61545,10,0
61546,10,10000
61547,10,20000
61548,10,0
61549,10,10000
61550,10,10000
61551,10,40000
61552,10,5000
61553,10,40000
61554,10,10000
61555,10,50000
61556,10,0
61557,10,10000
61558,10,0
61559,10,0
61560,10,10000
61561,10,50000
61562,10,30000
61563,10,30000
61564,10,30000
61565,10,20000
61566,10,0
61567,10,10000
61568,10,40000
61569,10,20000
61570,10,10000
61571,10,50000
61572,10,50000
61573,10,50000
61574,10,30000
61575,10,40000
61576,10,30000
61577,10,0
61578,10,30000
61579,10,0
61580,10,0
61581,10,30000
61582,10,0
61583,10,50000
61584,10,50000
61585,10,10000
61586,10,50000
61587,10,10000
61588,10,0
61589,10,0
61590,10,0
61591,10,0
61592,10,0
61593,10,20000
61594,10,20000
61595,10,30000
61596,10,40000
61597,10,0
61598,10,30000
61599,10,0
61600,10,50000
61601,10,10000
61602,10,20000
61603,10,0
61604,10,20000
61605,10,20000
61606,10,5000
61607,10,5000
61608,10,10000
61609,10,10000
61610,10,0
61611,10,40000
61612,10,0
61613,10,0
61614,10,20000
61615,10,0
61616,10,30000
61617,10,30000
61618,10,40000
61619,10,5000
61620,10,5000
61621,10,20000
61622,10,0
61623,10,20000
61624,10,0
61625,10,50000
61626,10,50000
61627,10,5000
61628,10,0
61629,10,0
61630,10,0
61631,10,5000
61632,10,20000
61633,10,0
61634,10,20000
61635,10,0
61636,10,0
61637,10,50000
61638,10,20000
61639,10,20000
61640,10,50000
61641,10,0
61642,10,0
61643,10,0
61644,10,0
61645,10,30000
61646,10,0
61647,10,40000
61648,10,40000
61649,10,0
61650,10,20000
61651,10,0
61652,10,40000
61653,10,0
61654,10,5000
61655,10,5000
61656,10,20000
61657,10,0
61658,10,50000
61659,10,10
61660,10,50000
61661,10,0
61662,10,0
61663,10,10000
61664,10,20000
61665,10,40000
61666,10,0
61667,10,30000
61668,10,0
61669,10,50000
61670,10,0
61671,10,30000
61672,10,5000
61673,10,20000
61674,10,20000
61675,10,10000
61676,10,50000
61677,10,0
61678,10,10000
61679,10,0
61680,10,10000
61681,10,50000
61682,10,50000
61683,10,5000
61684,10,0
61685,10,20000
61686,10,0
61687,10,20000
61688,10,10000
61689,10,50000
61690,10,50000
61691,10,20000
61692,10,40000
61693,10,0
61694,10,0
61695,10,30000
61696,10,10000
61697,10,50000
61698,10,40000
61699,10,0
61700,10,0
61701,10,10000
61702,10,20000
61703,10,0
61704,10,0
61705,10,50000
61706,10,40000
61707,10,30000
61708,10,5000
61709,10,0
61710,10,0
61711,10,20000
61712,10,50000
61713,10,0
61714,10,30000
61715,10,30000
61716,10,0
61717,10,0
61718,10,50000
61719,10,0
61720,10,20000
61721,10,20000
61722,10,30000
61723,10,30000
61724,10,20000
61725,10,10000
61726,10,5000
61727,10,40000
61728,10,5000
61729,10,30000
61730,10,50000
61731,10,40000
61732,10,50000
61733,10,5000
61734,10,50000
61735,10,30000
61736,10,10000
61737,10,30000
61738,10,20000
61739,10,0
61740,10,0
61741,10,40000
61742,10,5000
61743,10,20000
61744,10,20000
61745,10,30000
61746,10,5000
61747,10,20000
61748,10,10000
61749,10,0
61750,10,50000
61751,10,50000
61752,10,20000
61753,10,50000
61754,10,30000
61755,10,0
61756,10,0
61757,10,10000
61758,10,50000
61759,10,0
61760,10,30000
61761,10,5000
61762,10,5000
61763,10,30000
61764,10,20000
61765,10,5000
61766,10,30000
61767,10,10000
61768,10,30000
61769,10,40000
61770,10,20000
61771,10,30000
61772,10,0
61773,10,50000
61774,10,10000
61775,10,20000
61776,10,30000
61777,10,0
61778,10,30000
61779,10,30000
61780,10,0
61781,10,5000
61782,10,50000
61783,10,30000
61784,10,0
61785,10,50000
61786,10,10000
61787,10,30000
61788,10,0
61789,10,50000
61790,10,0
61791,10,30000
61792,10,20000
61793,10,20000
61794,10,0
61795,10,40000
61796,10,30000
61797,10,0
61798,10,0
61799,10,20000
61800,10,0
61801,10,50000
61802,10,0
61803,10,0
61804,10,5000
61805,10,0
61806,10,5000
61807,10,30000
61808,10,0
61809,10,20000
61810,10,20000
61811,10,5000
61812,10,0
61813,10,10000
61814,10,50000
61815,10,20000
61816,10,10000
61817,10,0
61818,10,20000
61819,10,5000
61820,10,40000
61821,10,40000
61822,10,40000
61823,10,0
61824,10,0
61825,10,0
61826,10,50000
61827,10,0
61828,10,0
61829,10,10000
61830,10,0
61831,10,0
61832,10,40000
61833,10,5000
61834,10,20000
61835,10,20000
61836,10,30000
61837,10,5000
61838,10,40000
61839,10,30000
61840,10,0
61841,10,50000
61842,10,50000
61843,10,5000
61844,10,40000
61845,10,20000
61846,10,50000
61847,10,30000
61848,10,30000
61849,10,10000
61850,10,0
61851,10,0
61852,10,30000
61853,10,10000
61854,10,5000
61855,10,30000
61856,10,0
61857,10,10000
61858,10,0
61859,10,10000
61860,10,0
61861,10,20000
61862,10,20000
61863,10,0
61864,10,5000
61865,10,5000
61866,10,20000
61867,10,20000
61868,10,40000
61869,10,50000
61870,10,5000
61871,10,20000
61872,10,0
61873,10,0
61874,10,5000
61875,10,20000
61876,10,50000
61877,10,10000
61878,10,20000
61879,10,40000
61880,10,20000
61881,10,20000
61882,10,40000
61883,10,50000
61884,10,50000
61885,10,0
61886,10,50000
61887,10,50000
61888,10,10000
61889,10,0
61890,10,50000
61891,10,30000
61892,10,0
61893,10,0
61894,10,0
61895,10,0
61896,10,10000
61897,10,0
61898,10,30000
61899,10,30000
61900,10,0
61901,10,50000
61902,10,0
61903,10,0
61904,10,0
61905,10,0
61906,10,30000
61907,10,50000
61908,10,40000
61909,10,5000
61910,10,10000
61911,10,20000
61912,10,30000
61913,10,40000
61914,10,20000
61915,10,30000
61916,10,0
61917,10,20000
61918,10,40000
61919,10,10000
61920,10,40000
61921,10,30000
61922,10,40000
61923,10,20000
61924,10,5000
61925,10,30000
61926,10,10000
61927,10,0
61928,10,0
61929,10,0
61930,10,30000
61931,10,0
61932,10,30000
61933,10,50000
61934,10,10000
61935,10,20000
61936,10,20000
61937,10,0
61938,10,5000
61939,10,0
61940,10,50000
61941,10,10000
61942,10,30000
61943,10,5000
61944,10,0
61945,10,20000
61946,10,20000
61947,10,0
61948,10,5000
61949,10,0
61950,10,50000
61951,10,0
61952,10,5000
61953,10,5000
61954,10,0
61955,10,0
61956,10,0
61957,10,10000
61958,10,0
61959,10,0
61960,10,5000
61961,10,20000
61962,10,30000
61963,10,0
61964,10,50000
61965,10,40000
61966,10,40000
61967,10,10000
61968,10,40000
61969,10,10000
61970,10,20000
61971,10,0
61972,10,30000
61973,10,5000
61974,10,10000
61975,10,30000
61976,10,10000
61977,10,40000
61978,10,5000
61979,10,0
61980,10,20000
61981,10,50000
61982,10,30000
61983,10,20000
61984,10,5000
61985,10,0
61986,10,20000
61987,10,20000
61988,10,0
61989,10,30000
61990,10,20000
61991,10,0
61992,10,30000
61993,10,0
61994,10,0
61995,10,20000
61996,10,30000
61997,10,0
61998,10,20000
61999,10,0
62000,10,40000
62001,10,0
62002,10,40000
62003,10,0
62004,10,20000
62005,10,40000
62006,10,20000
62007,10,20000
62008,10,50000
62009,10,0
62010,10,0
62011,10,30000
62012,10,20000
62013,10,20000
62014,10,40000
62015,10,0
62016,10,10000
62017,10,50000
62018,10,0
62019,10,40000
62020,10,40000
62021,10,50000
62022,10,20000
62023,10,5000
62024,10,30000
62025,10,0
62026,10,40000
62027,10,0
62028,10,30000
62029,10,0
62030,10,30000
62031,10,5000
62032,10,0
62033,10,50000
62034,10,50000
62035,10,10000
62036,10,0
62037,10,40000
62038,10,40000
62039,10,30000
62040,10,10000
62041,10,0
62042,10,20000
62043,10,20000
62044,10,50000
62045,10,50000
62046,10,50000
62047,10,0
62048,10,0
62049,10,20000
62050,10,20000
62051,10,50000
62052,10,20000
62053,10,30000
62054,10,40000
62055,10,40000
62056,10,10000
62057,10,40000
62058,10,50000
62059,10,30000
62060,10,50000
62061,10,50000
62062,10,50000
62063,10,50000
62064,10,50000
62065,10,5000
62066,10,5000
62067,10,5000
62068,10,5000
62069,10,50000
62070,10,20000
62071,10,20000
62072,10,50000
62073,10,30000
62074,10,50000
62075,10,20000
62076,10,0
62077,10,0
62078,10,30000
62079,10,0
62080,10,30000
62081,10,5000
62082,10,30000
62083,10,30000
62084,10,5000
62085,10,0
62086,10,30000
62087,10,10000
62088,10,40000
62089,10,0
62090,10,50000
62091,10,0
62092,10,0
62093,10,40000
62094,10,20000
62095,10,0
62096,10,0
62097,10,0
62098,10,0
62099,10,50000
62100,10,30000
62101,10,10
62102,10,0
62103,10,5000
62104,10,5000
62105,10,10000
62106,10,30000
62107,10,10000
62108,10,50000
62109,10,5000
62110,10,30000
62111,10,0
62112,10,0
62113,10,50000
62114,10,10000
62115,10,30000
62116,10,0
62117,10,20000
62118,10,0
62119,10,20000
62120,10,50000
62121,10,0
62122,10,30000
62123,10,50000
62124,10,20000
62125,10,20000
62126,10,40000
62127,10,5000
62128,10,50000
62129,10,30000
62130,10,20000
62131,10,0
62132,10,5000
62133,10,0
62134,10,0
62135,10,0
62136,10,20000
62137,10,30000
62138,10,0
62139,10,20000
62140,10,30000
62141,10,5000
62142,10,0
62143,10,30000
62144,10,0
62145,10,0
62146,10,20000
62147,10,30000
62148,10,0
62149,10,0
62150,10,50000
62151,10,0
62152,10,5000
62153,10,50000
62154,10,20000
62155,10,50000
62156,10,30000
62157,10,0
62158,10,0
62159,10,0
62160,10,0
62161,10,0
62162,10,10000
62163,10,40000
62164,10,30000
62165,10,0
62166,10,30000
62167,10,0
62168,10,10000
62169,10,10000
62170,10,20000
62171,10,40000
62172,10,5000
62173,10,0
62174,10,20000
62175,10,20000
62176,10,0
62177,10,20000
62178,10,5000
62179,10,10000
62180,10,40000
62181,10,40000
62182,10,30000
62183,10,50000
62184,10,20000
62185,10,40000
62186,10,30000
62187,10,10000
62188,10,30000
62189,10,0
62190,10,0
62191,10,0
62192,10,20000
62193,10,10000
62194,10,0
62195,10,30000
62196,10,10000
62197,10,20000
62198,10,0
62199,10,0
62200,10,30000
62201,10,0
62202,10,0
62203,10,50000
62204,10,5000
62205,10,0
62206,10,5000
62207,10,20000
62208,10,10000
62209,10,0
62210,10,40000
62211,10,30000
62212,10,0
62213,10,20000
62214,10,50000
62215,10,10000
62216,10,30000
62217,10,40000
62218,10,10000
62219,10,10000
62220,10,0
62221,10,0
62222,10,10000
62223,10,20000
62224,10,30000
62225,10,0
62226,10,0
62227,10,20000
62228,10,0
62229,10,0
62230,10,20000
62231,10,30000
62232,10,0
62233,10,0
62234,10,30000
62235,10,40000
62236,10,10000
62237,10,5000
62238,10,10000
62239,10,30000
62240,10,50000
62241,10,0
62242,10,0
62243,10,0
62244,10,0
62245,10,40000
62246,10,40000
62247,10,30000
62248,10,30000
62249,10,20000
62250,10,20000
62251,10,50000
62252,10,30000
62253,10,50000
62254,10,50000
62255,10,40000
62256,10,20000
62257,10,0
62258,10,30000
62259,10,40000
62260,10,10000
62261,10,0
62262,10,50000
62263,10,10000
62264,10,40000
62265,10,30000
62266,10,20000
62267,10,50000
62268,10,50000
62269,10,10000
62270,10,20000
62271,10,50000
62272,10,0
62273,10,30000
62274,10,40000
62275,10,5000
62276,10,20000
62277,10,20000
62278,10,0
62279,10,5000
62280,10,20000
62281,10,0
62282,10,0
62283,10,0
62284,10,20000
62285,10,10000
62286,10,0
62287,10,30000
62288,10,10000
62289,10,50000
62290,10,20000
62291,10,0
62292,10,10000
62293,10,10000
62294,10,40000
62295,10,40000
62296,10,20000
62297,10,0
62298,10,50000
62299,10,10000
62300,10,0
62301,10,0
62302,10,20000
62303,10,40000
62304,10,30000
62305,10,20000
62306,10,20000
62307,10,0
62308,10,5000
62309,10,0
62310,10,0
62311,10,40000
62312,10,50000
62313,10,5000
62314,10,0
62315,10,40000
62316,10,50000
62317,10,20000
62318,10,0
62319,10,0
62320,10,0
62321,10,0
62322,10,10000
62323,10,40000
62324,10,40000
62325,10,20000
62326,10,50000
62327,10,5000
62328,10,10000
62329,10,20000
62330,10,30000
62331,10,5000
62332,10,5000
62333,10,50000
62334,10,0
62335,10,50000
62336,10,5000
62337,10,0
62338,10,40000
62339,10,0
62340,10,20000
62341,10,10000
62342,10,40000
62343,10,30000
62344,10,0
62345,10,20000
62346,10,40000
62347,10,5000
62348,10,0
62349,10,40000
62350,10,40000
62351,10,0
62352,10,5000
62353,10,5000
62354,10,0
62355,10,0
62356,10,10000
62357,10,0
62358,10,50000
62359,10,5000
62360,10,40000
62361,10,20000
62362,10,0
62363,10,10000
62364,10,50000
62365,10,0
62366,10,20000
62367,10,50000
62368,10,40000
62369,10,40000
62370,10,10000
62371,10,5000
62372,10,0
62373,10,40000
62374,10,30000
62375,10,30000
62376,10,20000
62377,10,30000
62378,10,30000
62379,10,0
62380,10,30000
62381,10,20000
62382,10,30000
62383,10,30000
62384,10,0
62385,10,50000
62386,10,0
62387,10,20000
62388,10,30000
62389,10,0
62390,10,0
62391,10,10000
62392,10,30000
62393,10,50000
62394,10,0
62395,10,50000
62396,10,10000
62397,10,40000
62398,10,0
62399,10,50000
62400,10,30000
62401,10,30000
62402,10,0
62403,10,5000
62404,10,40000
62405,10,0
62406,10,30000
62407,10,20000
62408,10,5000
62409,10,0
62410,10,5000
62411,10,50000
62412,10,20000
62413,10,30000
62414,10,10000
62415,10,0
62416,10,0
62417,10,0
62418,10,5000
62419,10,40000
62420,10,20000
62421,10,0
62422,10,20000
62423,10,0
62424,10,30000
62425,10,40000
62426,10,50000
62427,10,30000
62428,10,50000
62429,10,20000
62430,10,5000
62431,10,0
62432,10,40000
62433,10,5000
62434,10,0
62435,10,50000
62436,10,30000
62437,10,0
62438,10,20000
62439,10,50000
62440,10,5000
62441,10,10000
62442,10,20000
62443,10,20000
62444,10,5000
62445,10,30000
62446,10,30000
62447,10,0
62448,10,20000
62449,10,20000
62450,10,20000
62451,10,0
62452,10,5000
62453,10,5000
62454,10,30000
62455,10,0
62456,10,10000
62457,10,0
62458,10,5000
62459,10,30000
62460,10,40000
62461,10,20000
62462,10,50000
62463,10,10000
62464,10,30000
62465,10,30000
62466,10,0
62467,10,0
62468,10,10000
62469,10,0
62470,10,30000
62471,10,0
62472,10,30000
62473,10,40000
62474,10,0
62475,10,50000
62476,10,30000
62477,10,20000
62478,10,30000
62479,10,0
62480,10,10000
62481,10,30000
62482,10,10000
62483,10,0
62484,10,30000
62485,10,30000
62486,10,0
62487,10,10000
62488,10,20000
62489,10,30000
62490,10,30000
62491,10,0
62492,10,10000
62493,10,50000
62494,10,0
62495,10,20000
62496,10,20000
62497,10,30000
62498,10,0
62499,10,0
62500,10,10000
62501,10,40000
62502,10,50000
62503,10,0
62504,10,30000
62505,10,40000
62506,10,0
62507,10,20000
62508,10,30000
62509,10,20000
62510,10,0
62511,10,0
62512,10,0
62513,10,40000
62514,10,50000
62515,10,0
62516,10,5000
62517,10,5000
62518,10,0
62519,10,10000
62520,10,40000
62521,10,50000
62522,10,40000
62523,10,0
62524,10,30000
62525,10,20000
62526,10,30000
62527,10,50000
62528,10,30000
62529,10,40000
62530,10,40000
62531,10,0
62532,10,0
62533,10,0
62534,10,20000
62535,10,5000
62536,10,0
62537,10,0
62538,10,10000
62539,10,40000
62540,10,5000
62541,10,30000
62542,10,30000
62543,10,30000
62544,10,5000
62545,10,20000
62546,10,0
62547,10,0
62548,10,10
62549,10,5000
62550,10,50000
62551,10,30000
62552,10,0
62553,10,0
62554,10,0
62555,10,40000
62556,10,40000
62557,10,20000
62558,10,40000
62559,10,40000
62560,10,0
62561,10,20000
62562,10,0
62563,10,30000
62564,10,0
62565,10,5000
62566,10,10000
62567,10,0
62568,10,20000
62569,10,50000
62570,10,0
62571,10,0
62572,10,20000
62573,10,0
62574,10,0
62575,10,0
62576,10,50000
62577,10,20000
62578,10,0
62579,10,40000
62580,10,30000
62581,10,50000
62582,10,40000
62583,10,30000
62584,10,30000
62585,10,0
62586,10,30000
62587,10,20000
62588,10,0
62589,10,40000
62590,10,30000
62591,10,0
62592,10,0
62593,10,40000
62594,10,5000
62595,10,20000
62596,10,20000
62597,10,10000
62598,10,0
62599,10,0
62600,10,40000
62601,10,0
62602,10,30000
62603,10,0
62604,10,0
62605,10,50000
62606,10,0
62607,10,30000
62608,10,10000
62609,10,5000
62610,10,50000
62611,10,40000
62612,10,50000
62613,10,40000
62614,10,0
62615,10,30000
62616,10,0
62617,10,10000
62618,10,50000
62619,10,20000
62620,10,30000
62621,10,50000
62622,10,10000
62623,10,10000
62624,10,10000
62625,10,20000
62626,10,40000
62627,10,10000
62628,10,0
62629,10,5000
62630,10,40000
62631,10,0
62632,10,0
62633,10,50000
62634,10,10000
62635,10,40000
62636,10,20000
62637,10,30000
62638,10,10000
62639,10,20000
62640,10,10000
62641,10,10000
62642,10,30000
62643,10,0
62644,10,0
62645,10,0
62646,10,5000
62647,10,0
62648,10,40000
62649,10,20000
62650,10,0
62651,10,50000
62652,10,0
62653,10,10000
62654,10,50000
62655,10,0
62656,10,0
62657,10,10000
62658,10,20000
62659,10,30000
62660,10,30000
62661,10,0
62662,10,20000
62663,10,30000
62664,10,0
62665,10,30000
62666,10,5000
62667,10,0
62668,10,0
62669,10,50000
62670,10,0
62671,10,20000
62672,10,20000
62673,10,5000
62674,10,0
62675,10,50000
62676,10,0
62677,10,10000
62678,10,5000
62679,10,10000
62680,10,0
62681,10,30000
62682,10,20000
62683,10,0
62684,10,0
62685,10,50000
62686,10,0
62687,10,50000
62688,10,5000
62689,10,50000
62690,10,10000
62691,10,10
62692,10,0
62693,10,0
62694,10,20000
62695,10,40000
62696,10,20000
62697,10,50000
62698,10,0
62699,10,30000
62700,10,40000
62701,10,20000
62702,10,0
62703,10,20000
62704,10,30000
62705,10,50000
62706,10,30000
62707,10,30000
62708,10,0
62709,10,50000
62710,10,10000
62711,10,20000
62712,10,0
62713,10,10000
62714,10,10000
62715,10,5000
62716,10,0
62717,10,0
62718,10,10000
62719,10,0
62720,10,20000
62721,10,10
62722,10,0
62723,10,40000
62724,10,50000
62725,10,50000
62726,10,50000
62727,10,20000
62728,10,5000
62729,10,20000
62730,10,40000
62731,10,0
62732,10,10000
62733,10,10000
62734,10,50000
62735,10,20000
62736,10,20000
62737,10,0
62738,10,0
62739,10,0
62740,10,5000
62741,10,5000
62742,10,5000
62743,10,50000
62744,10,40000
62745,10,0
62746,10,20000
62747,10,20000
62748,10,40000
62749,10,0
62750,10,0
62751,10,20000
62752,10,50000
62753,10,5000
62754,10,5000
62755,10,10000
62756,10,50000
62757,10,30000
62758,10,5000
62759,10,50000
62760,10,0
62761,10,30000
62762,10,10000
62763,10,20000
62764,10,5000
62765,10,30000
62766,10,10000
62767,10,30000
62768,10,5000
62769,10,50000
62770,10,20000
62771,10,0
62772,10,30000
62773,10,20000
62774,10,50000
62775,10,0
62776,10,0
62777,10,10000
62778,10,20000
62779,10,50000
62780,10,0
62781,10,40000
62782,10,0
62783,10,50000
62784,10,10
62785,10,40000
62786,10,20000
62787,10,0
62788,10,0
62789,10,30000
62790,10,30000
62791,10,5000
62792,10,30000
62793,10,20000
62794,10,20000
62795,10,40000
62796,10,30000
62797,10,20000
62798,10,0
62799,10,0
62800,10,40000
62801,10,0
62802,10,0
62803,10,10000
62804,10,30000
62805,10,30000
62806,10,0
62807,10,5000
62808,10,5000
62809,10,0
62810,10,30000
62811,10,5000
62812,10,0
62813,10,0
62814,10,0
62815,10,50000
62816,10,30000
62817,10,10000
62818,10,0
62819,10,0
62820,10,30000
62821,10,50000
62822,10,20000
62823,10,30000
62824,10,30000
62825,10,50000
62826,10,0
62827,10,0
62828,10,0
62829,10,40000
62830,10,0
62831,10,20000
62832,10,10000
62833,10,20000
62834,10,20000
62835,10,0
62836,10,5000
62837,10,20000
62838,10,0
62839,10,40000
62840,10,50000
62841,10,10000
62842,10,30000
62843,10,0
62844,10,20000
62845,10,50000
62846,10,10000
62847,10,40000
62848,10,30000
62849,10,0
62850,10,30000
62851,10,30000
62852,10,5000
62853,10,0
62854,10,50000
62855,10,0
62856,10,10000
62857,10,5000
62858,10,50000
62859,10,10000
62860,10,0
62861,10,10000
62862,10,5000
62863,10,5000
62864,10,0
62865,10,5000
62866,10,30000
62867,10,40000
62868,10,30000
62869,10,50000
62870,10,5000
62871,10,40000
62872,10,0
62873,10,0
62874,10,0
62875,10,20000
62876,10,20000
62877,10,0
62878,10,20000
62879,10,30000
62880,10,30000
62881,10,30000
62882,10,50000
62883,10,40000
62884,10,20000
62885,10,0
62886,10,0
62887,10,50000
62888,10,40000
62889,10,20000
62890,10,0
62891,10,30000
62892,10,20000
62893,10,40000
62894,10,10000
62895,10,0
62896,10,20000
62897,10,30000
62898,10,30000
62899,10,40000
62900,10,10000
62901,10,10
62902,10,40000
62903,10,0
62904,10,40000
62905,10,0
62906,10,0
62907,10,30000
62908,10,5000
62909,10,40000
62910,10,30000
62911,10,40000
62912,10,50000
62913,10,50000
62914,10,40000
62915,10,5000
62916,10,5000
62917,10,50000
62918,10,50000
62919,10,30000
62920,10,20000
62921,10,0
62922,10,50000
62923,10,20000
62924,10,30000
62925,10,0
62926,10,40000
62927,10,0
62928,10,20000
62929,10,0
62930,10,5000
62931,10,5000
62932,10,10000
62933,10,10000
62934,10,20000
62935,10,50000
62936,10,20000
62937,10,40000
62938,10,0
62939,10,50000
62940,10,30000
62941,10,20000
62942,10,30000
62943,10,30000
62944,10,0
62945,10,30000
62946,10,0
62947,10,20000
62948,10,5000
62949,10,0
62950,10,40000
62951,10,0
62952,10,30000
62953,10,30000
62954,10,0
62955,10,50000
62956,10,40000
62957,10,30000
62958,10,30000
62959,10,0
62960,10,0
62961,10,30000
62962,10,50000
62963,10,10000
62964,10,5000
62965,10,20000
62966,10,30000
62967,10,40000
62968,10,0
62969,10,0
62970,10,0
62971,10,30000
62972,10,50000
62973,10,30000
62974,10,0
62975,10,30000
62976,10,20000
62977,10,30000
62978,10,0
62979,10,20000
62980,10,0
62981,10,0
62982,10,30000
62983,10,30000
62984,10,5000
62985,10,30000
62986,10,0
62987,10,10000
62988,10,0
62989,10,40000
62990,10,0
62991,10,40000
62992,10,30000
62993,10,0
62994,10,0
62995,10,5000
62996,10,0
62997,10,30000
62998,10,0
62999,10,40000
63000,10,0
63001,10,40000
63002,10,50000
63003,10,40000
63004,10,20000
63005,10,40000
63006,10,20000
63007,10,5000
63008,10,20000
63009,10,5000
63010,10,0
63011,10,50000
63012,10,50000
63013,10,0
63014,10,0
63015,10,0
63016,10,50000
63017,10,50000
63018,10,0
63019,10,20000
63020,10,50000
63021,10,0
63022,10,0
63023,10,0
63024,10,10000
63025,10,0
63026,10,50000
63027,10,10000
63028,10,0
63029,10,0
63030,10,20000
63031,10,10000
63032,10,20000
63033,10,0
63034,10,20000
63035,10,0
63036,10,30000
63037,10,50000
63038,10,30000
63039,10,50000
63040,10,0
63041,10,30000
63042,10,5000
63043,10,20000
63044,10,0
63045,10,50000
63046,10,30000
63047,10,20000
63048,10,5000
63049,10,0
63050,10,0
63051,10,50000
63052,10,20000
63053,10,10000
63054,10,30000
63055,10,0
63056,10,40000
63057,10,40000
63058,10,0
63059,10,0
63060,10,0
63061,10,10000
63062,10,40000
63063,10,0
63064,10,5000
63065,10,50000
63066,10,20000
63067,10,40000
63068,10,0
63069,10,0
63070,10,0
63071,10,0
63072,10,50000
63073,10,20000
63074,10,30000
63075,10,20000
63076,10,0
63077,10,0
63078,10,0
63079,10,10000
63080,10,40000
63081,10,30000
63082,10,30000
63083,10,30000
63084,10,50000
63085,10,0
63086,10,30000
63087,10,0
63088,10,20000
63089,10,5000
63090,10,0
63091,10,20000
63092,10,30000
63093,10,10000
63094,10,30000
63095,10,5000
63096,10,40000
63097,10,40000
63098,10,0
63099,10,0
63100,10,20000
63101,10,0
63102,10,50000
63103,10,10000
63104,10,20000
63105,10,20000
63106,10,50000
63107,10,20000
63108,10,30000
63109,10,20000
63110,10,0
63111,10,10000
63112,10,10000
63113,10,0
63114,10,10000
63115,10,10000
63116,10,40000
63117,10,30000
63118,10,0
63119,10,20000
63120,10,40000
63121,10,20000
63122,10,0
63123,10,5000
63124,10,0
63125,10,0
63126,10,30000
63127,10,5000
63128,10,30000
63129,10,0
63130,10,0
63131,10,30000
63132,10,0
63133,10,40000
63134,10,40000
63135,10,20000
63136,10,40000
63137,10,40000
63138,10,10000
63139,10,0
63140,10,50000
63141,10,30000
63142,10,50000
63143,10,0
63144,10,20000
63145,10,20000
63146,10,50000
63147,10,20000
63148,10,50000
63149,10,20000
63150,10,10000
63151,10,20000
63152,10,10000
63153,10,0
63154,10,0
63155,10,50000
63156,10,50000
63157,10,20000
63158,10,0
63159,10,0
63160,10,30000
63161,10,30000
63162,10,30000
63163,10,30000
63164,10,10000
63165,10,50000
63166,10,0
63167,10,30000
63168,10,50000
63169,10,0
63170,10,30000
63171,10,30000
63172,10,0
63173,10,50000
63174,10,0
63175,10,50000
63176,10,40000
63177,10,0
63178,10,40000
63179,10,0
63180,10,50000
63181,10,20000
63182,10,40000
63183,10,0
63184,10,40000
63185,10,40000
63186,10,40000
63187,10,20000
63188,10,40000
63189,10,10000
63190,10,0
63191,10,0
63192,10,30000
63193,10,10000
63194,10,40000
63195,10,50000
63196,10,0
63197,10,50000
63198,10,30000
63199,10,10000
63200,10,0
63201,10,10000
63202,10,50000
63203,10,0
63204,10,20000
63205,10,10000
63206,10,40000
63207,10,0
63208,10,20000
63209,10,30000
63210,10,30000
63211,10,40000
63212,10,30000
63213,10,20000
63214,10,40000
63215,10,0
63216,10,10000
63217,10,0
63218,10,50000
63219,10,40000
63220,10,5000
63221,10,50000
63222,10,0
63223,10,0
63224,10,50000
63225,10,20000
63226,10,30000
63227,10,0
63228,10,50000
63229,10,0
63230,10,0
63231,10,0
63232,10,30000
63233,10,10000
63234,10,0
63235,10,20000
63236,10,5000
63237,10,5000
63238,10,30000
63239,10,40000
63240,10,40000
63241,10,40000
63242,10,10000
63243,10,0
63244,10,50000
63245,10,5000
63246,10,0
63247,10,0
63248,10,0
63249,10,20000
63250,10,50000
63251,10,10000
63252,10,10000
63253,10,50000
63254,10,0
63255,10,5000
63256,10,20000
63257,10,40000
63258,10,50000
63259,10,0
63260,10,0
63261,10,0
63262,10,10000
63263,10,40000
63264,10,40000
63265,10,0
63266,10,30000
63267,10,50000
63268,10,0
63269,10,0
63270,10,50000
63271,10,30000
63272,10,5000
63273,10,5000
63274,10,0
63275,10,0
63276,10,20000
63277,10,50000
63278,10,5000
63279,10,0
63280,10,20000
63281,10,20000
63282,10,10000
63283,10,20000
63284,10,30000
63285,10,0
63286,10,20000
63287,10,0
63288,10,20000
63289,10,40000
63290,10,5000
63291,10,30000
63292,10,0
63293,10,0
63294,10,20000
63295,10,50000
63296,10,50000
63297,10,10000
63298,10,5000
63299,10,20000
63300,10,30000
63301,10,40000
63302,10,30000
63303,10,50000
63304,10,30000
63305,10,50000
63306,10,0
63307,10,20000
63308,10,40000
63309,10,0
63310,10,10000
63311,10,10000
63312,10,20000
63313,10,50000
63314,10,40000
63315,10,30000
63316,10,5000
63317,10,30000
63318,10,40000
63319,10,0
63320,10,30000
63321,10,10000
63322,10,0
63323,10,0
63324,10,50000
63325,10,30000
63326,10,0
63327,10,5000
63328,10,20000
63329,10,0
63330,10,0
63331,10,50000
63332,10,10000
63333,10,20000
63334,10,20000
63335,10,40000
63336,10,10000
63337,10,5000
63338,10,30000
63339,10,0
63340,10,0
63341,10,40000
63342,10,0
63343,10,20000
63344,10,40000
63345,10,20000
63346,10,20000
63347,10,50000
63348,10,0
63349,10,20000
63350,10,0
63351,10,5000
63352,10,10000
63353,10,30000
63354,10,40000
63355,10,50000
63356,10,0
63357,10,0
63358,10,50000
63359,10,30000
63360,10,0
63361,10,0
63362,10,40000
63363,10,0
63364,10,20000
63365,10,50000
63366,10,40000
63367,10,40000
63368,10,5000
63369,10,30000
63370,10,20000
63371,10,40000
63372,10,5000
63373,10,0
63374,10,30000
63375,10,10000
63376,10,0
63377,10,5000
63378,10,0
63379,10,40000
63380,10,30000
63381,10,40000
63382,10,30000
63383,10,20000
63384,10,0
63385,10,10000
63386,10,0
63387,10,20000
63388,10,30000
63389,10,0
63390,10,0
63391,10,0
63392,10,5000
63393,10,30000
63394,10,0
63395,10,20000
63396,10,30000
63397,10,5000
63398,10,0
63399,10,0
63400,10,40000
63401,10,20000
63402,10,5000
63403,10,0
63404,10,40000
63405,10,5000
63406,10,50000
63407,10,10000
63408,10,10000
63409,10,40000
63410,10,0
63411,10,20000
63412,10,0
63413,10,10000
63414,10,0
63415,10,30000
63416,10,5000
63417,10,30000
63418,10,20000
63419,10,30000
63420,10,20000
63421,10,5000
63422,10,0
63423,10,0
63424,10,5000
63425,10,20000
63426,10,0
63427,10,50000
63428,10,30000
63429,10,5000
63430,10,5000
63431,10,10000
63432,10,0
63433,10,0
63434,10,20000
63435,10,50000
63436,10,40000
63437,10,0
63438,10,20000
63439,10,30000
63440,10,30000
63441,10,10000
63442,10,0
63443,10,50000
63444,10,0
63445,10,20000
63446,10,0
63447,10,30000
63448,10,50000
63449,10,0
63450,10,40000
63451,10,10000
63452,10,20000
63453,10,0
63454,10,0
63455,10,0
63456,10,30000
63457,10,5000
63458,10,0
63459,10,40000
63460,10,40000
63461,10,0
63462,10,40000
63463,10,0
63464,10,30000
63465,10,50000
63466,10,50000
63467,10,0
63468,10,50000
63469,10,5000
63470,10,40000
63471,10,10000
63472,10,40000
63473,10,10000
63474,10,30000
63475,10,0
63476,10,40000
63477,10,20000
63478,10,50000
63479,10,30000
63480,10,30000
63481,10,0
63482,10,0
63483,10,5000
63484,10,40000
63485,10,50000
63486,10,30000
63487,10,40000
63488,10,50000
63489,10,40000
63490,10,0
63491,10,5000
63492,10,30000
63493,10,30000
63494,10,0
63495,10,10000
63496,10,40000
63497,10,5000
63498,10,0
63499,10,5000
63500,10,10000
63501,10,30000
63502,10,30000
63503,10,20000
63504,10,10000
63505,10,5000
63506,10,40000
63507,10,0
63508,10,0
63509,10,5000
63510,10,0
63511,10,5000
63512,10,40000
63513,10,50000
63514,10,10000
63515,10,50000
63516,10,10000
63517,10,20000
63518,10,30000
63519,10,0
63520,10,10000
63521,10,0
63522,10,0
63523,10,0
63524,10,10000
63525,10,0
63526,10,50000
63527,10,20000
63528,10,0
63529,10,0
63530,10,0
63531,10,50000
63532,10,0
63533,10,0
63534,10,0
63535,10,0
63536,10,50000
63537,10,0
63538,10,30000
63539,10,20000
63540,10,30000
63541,10,40000
63542,10,5000
63543,10,0
63544,10,0
63545,10,40000
63546,10,0
63547,10,10
63548,10,0
63549,10,0
63550,10,40000
63551,10,0
63552,10,10000
63553,10,5000
63554,10,30000
63555,10,20000
63556,10,0
63557,10,0
63558,10,40000
63559,10,0
63560,10,20000
63561,10,40000
63562,10,30000
63563,10,20000
63564,10,50000
63565,10,0
63566,10,30000
63567,10,50000
63568,10,20000
63569,10,40000
63570,10,20000
63571,10,20000
63572,10,40000
63573,10,40000
63574,10,30000
63575,10,10
63576,10,0
63577,10,20000
63578,10,0
63579,10,50000
63580,10,50000
63581,10,40000
63582,10,5000
63583,10,5000
63584,10,20000
63585,10,5000
63586,10,40000
63587,10,20000
63588,10,40000
63589,10,40000
63590,10,0
63591,10,40000
63592,10,20000
63593,10,50000
63594,10,30000
63595,10,0
63596,10,5000
63597,10,30000
63598,10,20000
63599,10,5000
63600,10,30000
63601,10,50000
63602,10,50000
63603,10,5000
63604,10,10000
63605,10,10000
63606,10,20000
63607,10,20000
63608,10,10000
63609,10,20000
63610,10,20000
63611,10,5000
63612,10,20000
63613,10,5000
63614,10,5000
63615,10,0
63616,10,30000
63617,10,50000
63618,10,40000
63619,10,0
63620,10,20000
63621,10,10000
63622,10,10000
63623,10,20000
63624,10,20000
63625,10,0
63626,10,0
63627,10,40000
63628,10,0
63629,10,0
63630,10,0
63631,10,30000
63632,10,30000
63633,10,10000
63634,10,40000
63635,10,30000
63636,10,5000
63637,10,0
63638,10,40000
63639,10,20000
63640,10,5000
63641,10,50000
63642,10,30000
63643,10,40000
63644,10,40000
63645,10,30000
63646,10,10000
63647,10,30000
63648,10,40000
63649,10,0
63650,10,0
63651,10,0
63652,10,20000
63653,10,0
63654,10,30000
63655,10,0
63656,10,0
63657,10,30000
63658,10,5000
63659,10,50000
63660,10,0
63661,10,10000
63662,10,50000
63663,10,0
63664,10,40000
63665,10,0
63666,10,30000
63667,10,30000
63668,10,10000
63669,10,50000
63670,10,10000
63671,10,0
63672,10,5000
63673,10,5000
63674,10,30000
63675,10,30000
63676,10,0
63677,10,10000
63678,10,0
63679,10,0
63680,10,0
63681,10,0
63682,10,30000
63683,10,0
63684,10,50000
63685,10,40000
63686,10,5000
63687,10,0
63688,10,20000
63689,10,20000
63690,10,50000
63691,10,5000
63692,10,30000
63693,10,40000
63694,10,50000
63695,10,30000
63696,10,50000
63697,10,50000
63698,10,30000
63699,10,50000
63700,10,0
63701,10,0
63702,10,10000
63703,10,0
63704,10,50000
63705,10,30000
63706,10,10000
63707,10,5000
63708,10,40000
63709,10,5000
63710,10,20000
63711,10,50000
63712,10,5000
63713,10,0
63714,10,40000
63715,10,50000
63716,10,0
63717,10,30000
63718,10,30000
63719,10,5000
63720,10,0
63721,10,10000
63722,10,30000
63723,10,0
63724,10,20000
63725,10,0
63726,10,20000
63727,10,50000
63728,10,50000
63729,10,20000
63730,10,50000
63731,10,0
63732,10,0
63733,10,0
63734,10,10000
63735,10,20000
63736,10,10000
63737,10,50000
63738,10,20000
63739,10,20000
63740,10,50000
63741,10,0
63742,10,50000
63743,10,5000
63744,10,40000
63745,10,5000
63746,10,50000
63747,10,40000
63748,10,0
63749,10,30000
63750,10,0
63751,10,10000
63752,10,20000
63753,10,0
63754,10,20000
63755,10,0
63756,10,0
63757,10,30000
63758,10,30000
63759,10,5000
63760,10,0
63761,10,5000
63762,10,0
63763,10,5000
63764,10,30000
63765,10,5000
63766,10,0
63767,10,30000
63768,10,0
63769,10,10000
63770,10,50000
63771,10,40000
63772,10,20000
63773,10,5000
63774,10,30000
63775,10,5000
63776,10,5000
63777,10,40000
63778,10,20000
63779,10,10000
63780,10,0
63781,10,0
63782,10,10000
63783,10,20000
63784,10,5000
63785,10,20000
63786,10,40000
63787,10,20000
63788,10,5000
63789,10,20000
63790,10,20000
63791,10,40000
63792,10,10000
63793,10,50000
63794,10,50000
63795,10,30000
63796,10,10000
63797,10,30000
63798,10,40000
63799,10,0
63800,10,30000
63801,10,30000
63802,10,20000
63803,10,0
63804,10,40000
63805,10,30000
63806,10,50000
63807,10,30000
63808,10,10000
63809,10,0
63810,10,50000
63811,10,30000
63812,10,40000
63813,10,40000
63814,10,5000
63815,10,5000
63816,10,30000
63817,10,0
63818,10,20000
63819,10,5000
63820,10,30000
63821,10,40000
63822,10,50000
63823,10,0
63824,10,30000
63825,10,40000
63826,10,0
63827,10,20000
63828,10,20000
63829,10,0
63830,10,20000
63831,10,0
63832,10,30000
63833,10,30000
63834,10,5000
63835,10,30000
63836,10,30000
63837,10,5000
63838,10,50000
63839,10,5000
63840,10,0
63841,10,0
63842,10,5000
63843,10,0
63844,10,30000
63845,10,10000
63846,10,0
63847,10,50000
63848,10,30000
63849,10,10000
63850,10,50000
63851,10,20000
63852,10,30000
63853,10,10000
63854,10,5000
63855,10,20000
63856,10,10000
63857,10,0
63858,10,30000
63859,10,40000
63860,10,10000
63861,10,0
63862,10,0
63863,10,0
63864,10,50000
63865,10,0
63866,10,0
63867,10,5000
63868,10,0
63869,10,0
63870,10,20000
63871,10,10000
63872,10,50000
63873,10,5000
63874,10,50000
63875,10,20000
63876,10,0
63877,10,0
63878,10,40000
63879,10,10000
63880,10,10000
63881,10,0
63882,10,50000
63883,10,20000
63884,10,40000
63885,10,0
63886,10,20000
63887,10,10000
63888,10,10000
63889,10,30000
63890,10,30000
63891,10,0
63892,10,50000
63893,10,50000
63894,10,30000
63895,10,0
63896,10,50000
63897,10,30000
63898,10,40000
63899,10,0
63900,10,50000
63901,10,20000
63902,10,0
63903,10,20000
63904,10,5000
63905,10,20000
63906,10,40000
63907,10,0
63908,10,20000
63909,10,20000
63910,10,5000
63911,10,0
63912,10,10000
63913,10,0
63914,10,0
63915,10,40000
63916,10,50000
63917,10,0
63918,10,10000
63919,10,20000
63920,10,0
63921,10,0
63922,10,20000
63923,10,30000
63924,10,0
63925,10,5000
63926,10,30000
63927,10,10000
63928,10,50000
63929,10,30000
63930,10,20000
63931,10,20000
63932,10,0
63933,10,40000
63934,10,0
63935,10,0
63936,10,0
63937,10,50000
63938,10,0
63939,10,30000
63940,10,30000
63941,10,5000
63942,10,30000
63943,10,50000
63944,10,5000
63945,10,0
63946,10,30000
63947,10,0
63948,10,40000
63949,10,0
63950,10,5000
63951,10,0
63952,10,5000
63953,10,50000
63954,10,0
63955,10,0
63956,10,5000
63957,10,50000
63958,10,10000
63959,10,20000
63960,10,50000
63961,10,5000
63962,10,20000
63963,10,20000
63964,10,20000
63965,10,0
63966,10,0
63967,10,50000
63968,10,30000
63969,10,0
63970,10,20000
63971,10,0
63972,10,40000
63973,10,0
63974,10,20000
63975,10,20000
63976,10,20000
63977,10,5000
63978,10,40000
63979,10,5000
63980,10,5000
63981,10,20000
63982,10,50000
63983,10,0
63984,10,5000
63985,10,0
63986,10,50000
63987,10,30000
63988,10,10000
63989,10,5000
63990,10,0
63991,10,0
63992,10,5000
63993,10,10
63994,10,5000
63995,10,50000
63996,10,0
63997,10,20000
63998,10,0
63999,10,40000
64000,10,5000
64001,10,5000
64002,10,50000
64003,10,40000
64004,10,20000
64005,10,5000
64006,10,20000
64007,10,50000
64008,10,10000
64009,10,0
64010,10,50000
64011,10,30000
64012,10,5000
64013,10,10000
64014,10,40000
64015,10,20000
64016,10,0
64017,10,10000
64018,10,0
64019,10,20000
64020,10,0
64021,10,20000
64022,10,0
64023,10,20000
64024,10,5000
64025,10,0
64026,10,20000
64027,10,40000
64028,10,5000
64029,10,20000
64030,10,0
64031,10,20000
64032,10,30000
64033,10,40000
64034,10,20000
64035,10,50000
64036,10,20000
64037,10,50000
64038,10,10000
64039,10,30000
64040,10,40000
64041,10,40000
64042,10,20000
64043,10,5000
64044,10,30000
64045,10,20000
64046,10,10000
64047,10,20000
64048,10,40000
64049,10,20000
64050,10,20000
64051,10,50000
64052,10,40000
64053,10,0
64054,10,0
64055,10,40000
64056,10,50000
64057,10,30000
64058,10,30000
64059,10,0
64060,10,0
64061,10,20000
64062,10,0
64063,10,50000
64064,10,50000
64065,10,0
64066,10,40000
64067,10,10000
64068,10,5000
64069,10,20000
64070,10,0
64071,10,5000
64072,10,30000
64073,10,30000
64074,10,20000
64075,10,5000
64076,10,40000
64077,10,0
64078,10,5000
64079,10,30000
64080,10,50000
64081,10,40000
64082,10,5000
64083,10,5000
64084,10,30000
64085,10,20000
64086,10,30000
64087,10,0
64088,10,40000
64089,10,20000
64090,10,10000
64091,10,30000
64092,10,50000
64093,10,40000
64094,10,0
64095,10,50000
64096,10,5000
64097,10,50000
64098,10,20000
64099,10,0
64100,10,30000
64101,10,0
64102,10,30000
64103,10,0
64104,10,5000
64105,10,10000
64106,10,30000
64107,10,30000
64108,10,0
64109,10,0
64110,10,20000
64111,10,0
64112,10,20000
64113,10,20000
64114,10,30000
64115,10,5000
64116,10,50000
64117,10,30000
64118,10,0
64119,10,20000
64120,10,0
64121,10,0
64122,10,0
64123,10,20000
64124,10,20000
64125,10,30000
64126,10,50000
64127,10,0
64128,10,40000
64129,10,5000
64130,10,10000
64131,10,30000
64132,10,30000
64133,10,30000
64134,10,50000
64135,10,10000
64136,10,50000
64137,10,10
64138,10,50000
64139,10,0
64140,10,10000
64141,10,5000
64142,10,50000
64143,10,50000
64144,10,0
64145,10,0
64146,10,50000
64147,10,20000
64148,10,0
64149,10,0
64150,10,30000
64151,10,50000
64152,10,50000
64153,10,50000
64154,10,30000
64155,10,5000
64156,10,5000
64157,10,40000
64158,10,40000
64159,10,0
64160,10,0
64161,10,0
64162,10,30000
64163,10,5000
64164,10,50000
64165,10,0
64166,10,20000
64167,10,30000
64168,10,0
64169,10,0
64170,10,0
64171,10,5000
64172,10,40000
64173,10,30000
64174,10,5000
64175,10,0
64176,10,30000
64177,10,30000
64178,10,50000
64179,10,50000
64180,10,0
64181,10,5000
64182,10,30000
64183,10,5000
64184,10,0
64185,10,20000
64186,10,10000
64187,10,0
64188,10,50000
64189,10,20000
64190,10,0
64191,10,40000
64192,10,50000
64193,10,0
64194,10,20000
64195,10,20000
64196,10,0
64197,10,0
64198,10,10000
64199,10,0
64200,10,0
64201,10,10000
64202,10,0
64203,10,30000
64204,10,5000
64205,10,50000
64206,10,40000
64207,10,40000
64208,10,0
64209,10,0
64210,10,10000
64211,10,20000
64212,10,20000
64213,10,0
64214,10,30000
64215,10,0
64216,10,30000
64217,10,5000
64218,10,40000
64219,10,0
64220,10,5000
64221,10,0
64222,10,20000
64223,10,0
64224,10,30000
64225,10,0
64226,10,20000
64227,10,20000
64228,10,30000
64229,10,5000
64230,10,50000
64231,10,0
64232,10,0
64233,10,40000
64234,10,20000
64235,10,0
64236,10,0
64237,10,0
64238,10,40000
64239,10,20000
64240,10,20000
64241,10,0
64242,10,40000
64243,10,5000
64244,10,0
64245,10,30000
64246,10,30000
64247,10,50000
64248,10,5000
64249,10,0
64250,10,30000
64251,10,0
64252,10,0
64253,10,20000
64254,10,5000
64255,10,0
64256,10,0
64257,10,5000
64258,10,0
64259,10,5000
64260,10,5000
64261,10,5000
64262,10,0
64263,10,30000
64264,10,30000
64265,10,40000
64266,10,40000
64267,10,5000
64268,10,0
64269,10,10000
64270,10,40000
64271,10,50000
64272,10,0
64273,10,40000
64274,10,40000
64275,10,10000
64276,10,10000
64277,10,40000
64278,10,30000
64279,10,0
64280,10,20000
64281,10,30000
64282,10,40000
64283,10,20000
64284,10,30000
64285,10,50000
64286,10,30000
64287,10,0
64288,10,40000
64289,10,50000
64290,10,0
64291,10,20000
64292,10,20000
64293,10,30000
64294,10,0
64295,10,50000
64296,10,20000
64297,10,20000
64298,10,50000
64299,10,30000
64300,10,20000
64301,10,50000
64302,10,0
64303,10,40000
64304,10,40000
64305,10,20000
64306,10,20000
64307,10,0
64308,10,30000
64309,10,30000
64310,10,5000
64311,10,0
64312,10,0
64313,10,0
64314,10,0
64315,10,20000
64316,10,50000
64317,10,20000
64318,10,0
64319,10,5000
64320,10,0
64321,10,20000
64322,10,50000
64323,10,0
64324,10,10000
64325,10,30000
64326,10,30000
64327,10,40000
64328,10,0
64329,10,0
64330,10,50000
64331,10,0
64332,10,0
64333,10,10000
64334,10,30000
64335,10,0
64336,10,20000
64337,10,10000
64338,10,10000
64339,10,20000
64340,10,0
64341,10,20000
64342,10,0
64343,10,50000
64344,10,5000
64345,10,0
64346,10,0
64347,10,0
64348,10,10000
64349,10,20000
64350,10,0
64351,10,0
64352,10,5000
64353,10,0
64354,10,0
64355,10,0
64356,10,10000
64357,10,0
64358,10,10000
64359,10,0
64360,10,40000
64361,10,0
64362,10,5000
64363,10,20000
64364,10,0
64365,10,50000
64366,10,0
64367,10,0
64368,10,20000
64369,10,0
64370,10,50000
64371,10,10000
64372,10,0
64373,10,0
64374,10,0
64375,10,50000
64376,10,0
64377,10,40000
64378,10,40000
64379,10,20000
64380,10,0
64381,10,50000
64382,10,30000
64383,10,30000
64384,10,0
64385,10,5000
64386,10,10000
64387,10,30000
64388,10,30000
64389,10,40000
64390,10,40000
64391,10,20000
64392,10,0
64393,10,40000
64394,10,0
64395,10,20000
64396,10,0
64397,10,50000
64398,10,30000
64399,10,50000
64400,10,50000
64401,10,10000
64402,10,40000
64403,10,50000
64404,10,0
64405,10,20000
64406,10,40000
64407,10,50000
64408,10,0
64409,10,10000
64410,10,50000
64411,10,0
64412,10,20000
64413,10,30000
64414,10,20000
64415,10,30000
64416,10,0
64417,10,10000
64418,10,50000
64419,10,10
64420,10,0
64421,10,40000
64422,10,30000
64423,10,0
64424,10,20000
64425,10,0
64426,10,50000
64427,10,0
64428,10,0
64429,10,50000
64430,10,40000
64431,10,20000
64432,10,40000
64433,10,10000
64434,10,10000
64435,10,0
64436,10,50000
64437,10,0
64438,10,30000
64439,10,30000
64440,10,5000
64441,10,40000
64442,10,20000
64443,10,30000
64444,10,0
64445,10,30000
64446,10,50000
64447,10,20000
64448,10,0
64449,10,0
64450,10,50000
64451,10,0
64452,10,50000
64453,10,50000
64454,10,0
64455,10,40000
64456,10,5000
64457,10,50000
64458,10,10000
64459,10,20000
64460,10,20000
64461,10,10000
64462,10,50000
64463,10,0
64464,10,40000
64465,10,50000
64466,10,30000
64467,10,10000
64468,10,50000
64469,10,50000
64470,10,0
64471,10,50000
64472,10,10000
64473,10,0
64474,10,30000
64475,10,0
64476,10,0
64477,10,50000
64478,10,10000
64479,10,5000
64480,10,30000
64481,10,10000
64482,10,0
64483,10,10000
64484,10,20000
64485,10,5000
64486,10,50000
64487,10,0
64488,10,0
64489,10,0
64490,10,50000
64491,10,0
64492,10,20000
64493,10,10000
64494,10,0
64495,10,0
64496,10,5000
64497,10,0
64498,10,0
64499,10,5000
64500,10,0
64501,10,50000
64502,10,50000
64503,10,20000
64504,10,5000
64505,10,40000
64506,10,50000
64507,10,40000
64508,10,30000
64509,10,20000
64510,10,5000
64511,10,5000
64512,10,0
64513,10,0
64514,10,0
64515,10,0
64516,10,40000
64517,10,30000
64518,10,0
64519,10,5000
64520,10,20000
64521,10,30000
64522,10,0
64523,10,5000
64524,10,40000
64525,10,40000
64526,10,20000
64527,10,20000
64528,10,50000
64529,10,0
64530,10,30000
64531,10,20000
64532,10,0
64533,10,20000
64534,10,5000
64535,10,0
64536,10,40000
64537,10,5000
64538,10,30000
64539,10,30000
64540,10,0
64541,10,0
64542,10,30000
64543,10,5000
64544,10,20000
64545,10,5000
64546,10,0
64547,10,0
64548,10,20000
64549,10,20000
64550,10,0
64551,10,30000
64552,10,5000
64553,10,5000
64554,10,20000
64555,10,0
64556,10,5000
64557,10,20000
64558,10,20000
64559,10,30000
64560,10,5000
64561,10,20000
64562,10,50000
64563,10,0
64564,10,40000
64565,10,0
64566,10,30000
64567,10,40000
64568,10,20000
64569,10,0
64570,10,0
64571,10,5000
64572,10,20000
64573,10,40000
64574,10,30000
64575,10,0
64576,10,30000
64577,10,30000
64578,10,0
64579,10,5000
64580,10,5000
64581,10,0
64582,10,0
64583,10,0
64584,10,30000
64585,10,50000
64586,10,40000
64587,10,0
64588,10,50000
64589,10,30000
64590,10,50000
64591,10,30000
64592,10,0
64593,10,0
64594,10,20000
64595,10,30000
64596,10,0
64597,10,20000
64598,10,50000
64599,10,0
64600,10,30000
64601,10,30000
64602,10,5000
64603,10,10000
64604,10,10000
64605,10,50000
64606,10,50000
64607,10,40000
64608,10,20000
64609,10,20000
64610,10,5000
64611,10,0
64612,10,20000
64613,10,5000
64614,10,5000
64615,10,40000
64616,10,30000
64617,10,20000
64618,10,20000
64619,10,20000
64620,10,5000
64621,10,0
64622,10,30000
64623,10,0
64624,10,0
64625,10,0
64626,10,0
64627,10,30000
64628,10,10000
64629,10,0
64630,10,10
64631,10,0
64632,10,50000
64633,10,10000
64634,10,5000
64635,10,30000
64636,10,20000
64637,10,0
64638,10,50000
64639,10,40000
64640,10,10000
64641,10,40000
64642,10,0
64643,10,0
64644,10,0
64645,10,50000
64646,10,0
64647,10,0
64648,10,40000
64649,10,20000
64650,10,20000
64651,10,30000
64652,10,20000
64653,10,30000
64654,10,5000
64655,10,0
64656,10,0
64657,10,50000
64658,10,20000
64659,10,5000
64660,10,5000
64661,10,30000
64662,10,5000
64663,10,40000
64664,10,10000
64665,10,5000
64666,10,50000
64667,10,30000
64668,10,50000
64669,10,40000
64670,10,5000
64671,10,30000
64672,10,50000
64673,10,0
64674,10,10000
64675,10,50000
64676,10,20000
64677,10,5000
64678,10,30000
64679,10,30000
64680,10,5000
64681,10,20000
64682,10,50000
64683,10,30000
64684,10,40000
64685,10,0
64686,10,0
64687,10,20000
64688,10,20000
64689,10,30000
64690,10,20000
64691,10,30000
64692,10,50000
64693,10,10000
64694,10,30000
64695,10,0
64696,10,30000
64697,10,10000
64698,10,30000
64699,10,20000
64700,10,0
64701,10,10000
64702,10,0
64703,10,10000
64704,10,50000
64705,10,0
64706,10,0
64707,10,0
64708,10,30000
64709,10,10000
64710,10,0
64711,10,0
64712,10,40000
64713,10,0
64714,10,0
64715,10,50000
64716,10,10000
64717,10,0
64718,10,50000
64719,10,0
64720,10,0
64721,10,40000
64722,10,50000
64723,10,0
64724,10,5000
64725,10,50000
64726,10,0
64727,10,20000
64728,10,50000
64729,10,40000
64730,10,0
64731,10,30000
64732,10,0
64733,10,0
64734,10,10
64735,10,20000
64736,10,20000
64737,10,5000
64738,10,5000
64739,10,10000
64740,10,30000
64741,10,0
64742,10,30000
64743,10,20000
64744,10,10000
64745,10,50000
64746,10,40000
64747,10,30000
64748,10,20000
64749,10,10000
64750,10,5000
64751,10,5000
64752,10,0
64753,10,0
64754,10,0
64755,10,0
64756,10,50000
64757,10,0
64758,10,0
64759,10,0
64760,10,0
64761,10,40000
64762,10,30000
64763,10,40000
64764,10,0
64765,10,0
64766,10,10000
64767,10,5000
64768,10,30000
64769,10,30000
64770,10,0
64771,10,5000
64772,10,50000
64773,10,20000
64774,10,0
64775,10,50000
64776,10,10000
64777,10,50000
64778,10,5000
64779,10,10000
64780,10,20000
64781,10,30000
64782,10,20000
64783,10,0
64784,10,5000
64785,10,20000
64786,10,5000
64787,10,50000
64788,10,0
64789,10,30000
64790,10,0
64791,10,50000
64792,10,20000
64793,10,20000
64794,10,0
64795,10,30000
64796,10,30000
64797,10,10000
64798,10,30000
64799,10,20000
64800,10,20000
64801,10,0
64802,10,40000
64803,10,20000
64804,10,0
64805,10,5000
64806,10,20000
64807,10,50000
64808,10,50000
64809,10,50000
64810,10,50000
64811,10,50000
64812,10,10000
64813,10,10000
64814,10,50000
64815,10,20000
64816,10,0
64817,10,30000
64818,10,50000
64819,10,0
64820,10,0
64821,10,20000
64822,10,30000
64823,10,50000
64824,10,0
64825,10,0
64826,10,50000
64827,10,0
64828,10,50000
64829,10,50000
64830,10,20000
64831,10,0
64832,10,0
64833,10,20000
64834,10,0
64835,10,50000
64836,10,5000
64837,10,30000
64838,10,30000
64839,10,10000
64840,10,40000
64841,10,10000
64842,10,20000
64843,10,10000
64844,10,10000
64845,10,20000
64846,10,50000
64847,10,30000
64848,10,0
64849,10,0
64850,10,0
64851,10,0
64852,10,5000
64853,10,10000
64854,10,5000
64855,10,50000
64856,10,5000
64857,10,0
64858,10,0
64859,10,30000
64860,10,0
64861,10,10000
64862,10,20000
64863,10,0
64864,10,30000
64865,10,40000
64866,10,20000
64867,10,5000
64868,10,0
64869,10,10000
64870,10,30000
64871,10,40000
64872,10,0
64873,10,50000
64874,10,20000
64875,10,0
64876,10,5000
64877,10,50000
64878,10,50000
64879,10,0
64880,10,10000
64881,10,50000
64882,10,50000
64883,10,50000
64884,10,30000
64885,10,5000
64886,10,0
64887,10,50000
64888,10,0
64889,10,30000
64890,10,0
64891,10,50000
64892,10,10000
64893,10,40000
64894,10,50000
64895,10,50000
64896,10,0
64897,10,20000
64898,10,20000
64899,10,20000
64900,10,0
64901,10,50000
64902,10,5000
64903,10,20000
64904,10,0
64905,10,20000
64906,10,30000
64907,10,5000
64908,10,30000
64909,10,50000
64910,10,20000
64911,10,30000
64912,10,40000
64913,10,40000
64914,10,50000
64915,10,50000
64916,10,10000
64917,10,0
64918,10,0
64919,10,20000
64920,10,0
64921,10,10000
64922,10,40000
64923,10,10000
64924,10,40000
64925,10,20000
64926,10,5000
64927,10,30000
64928,10,30000
64929,10,0
64930,10,40000
64931,10,50000
64932,10,10000
64933,10,50000
64934,10,40000
64935,10,0
64936,10,50000
64937,10,0
64938,10,0
64939,10,0
64940,10,0
64941,10,30000
64942,10,20000
64943,10,5000
64944,10,0
64945,10,0
64946,10,40000
64947,10,0
64948,10,10000
64949,10,10000
64950,10,0
64951,10,20000
64952,10,50000
64953,10,10000
64954,10,40000
64955,10,30000
64956,10,0
64957,10,30000
64958,10,30000
64959,10,30000
64960,10,40000
64961,10,30000
64962,10,50000
64963,10,50000
64964,10,20000
64965,10,10000
64966,10,30000
64967,10,0
64968,10,0
64969,10,5000
64970,10,0
64971,10,5000
64972,10,50000
64973,10,50000
64974,10,0
64975,10,20000
64976,10,40000
64977,10,5000
64978,10,0
64979,10,50000
64980,10,20000
64981,10,10000
64982,10,50000
64983,10,0
64984,10,10000
64985,10,0
64986,10,10000
64987,10,40000
64988,10,50000
64989,10,20000
64990,10,50000
64991,10,40000
64992,10,0
64993,10,0
64994,10,40000
64995,10,30000
64996,10,0
64997,10,40000
64998,10,0
64999,10,20000
65000,10,50000
65001,10,20000
65002,10,0
65003,10,30000
65004,10,0
65005,10,0
65006,10,0
65007,10,50000
65008,10,5000
65009,10,0
65010,10,50000
65011,10,0
65012,10,0
65013,10,20000
65014,10,0
65015,10,30000
65016,10,20000
65017,10,0
65018,10,10000
65019,10,0
65020,10,50000
65021,10,30000
65022,10,30000
65023,10,20000
65024,10,50000
65025,10,40000
65026,10,30000
65027,10,30000
65028,10,5000
65029,10,0
65030,10,20000
65031,10,0
65032,10,0
65033,10,20000
65034,10,0
65035,10,30000
65036,10,10000
65037,10,40000
65038,10,30000
65039,10,10000
65040,10,0
65041,10,40000
65042,10,50000
65043,10,10000
65044,10,20000
65045,10,0
65046,10,10000
65047,10,40000
65048,10,0
65049,10,40000
65050,10,0
65051,10,30000
65052,10,20000
65053,10,0
65054,10,0
65055,10,0
65056,10,40000
65057,10,20000
65058,10,0
65059,10,20000
65060,10,5000
65061,10,5000
65062,10,30000
65063,10,40000
65064,10,0
65065,10,0
65066,10,50000
65067,10,5000
65068,10,40000
65069,10,10000
65070,10,40000
65071,10,0
65072,10,40000
65073,10,40000
65074,10,20000
65075,10,10000
65076,10,30000
65077,10,5000
65078,10,5000
65079,10,0
65080,10,0
65081,10,0
65082,10,5000
65083,10,0
65084,10,5000
65085,10,0
65086,10,20000
65087,10,0
65088,10,40000
65089,10,0
65090,10,40000
65091,10,0
65092,10,30000
65093,10,10000
65094,10,0
65095,10,0
65096,10,0
65097,10,0
65098,10,0
65099,10,0
65100,10,30000
65101,10,20000
65102,10,0
65103,10,50000
65104,10,0
65105,10,0
65106,10,0
65107,10,0
65108,10,0
65109,10,40000
65110,10,0
65111,10,20000
65112,10,0
65113,10,0
65114,10,40000
65115,10,20000
65116,10,30000
65117,10,30000
65118,10,30000
65119,10,50000
65120,10,5000
65121,10,5000
65122,10,20000
65123,10,0
65124,10,30000
65125,10,0
65126,10,50000
65127,10,30000
65128,10,5000
65129,10,0
65130,10,20000
65131,10,20000
65132,10,30000
65133,10,20000
65134,10,50000
65135,10,5000
65136,10,5000
65137,10,0
65138,10,20000
65139,10,5000
65140,10,10000
65141,10,0
65142,10,0
65143,10,40000
65144,10,10000
65145,10,10000
65146,10,0
65147,10,30000
65148,10,20000
65149,10,20000
65150,10,30000
65151,10,30000
65152,10,5000
65153,10,50000
65154,10,20000
65155,10,20000
65156,10,10000
65157,10,40000
65158,10,30000
65159,10,20000
65160,10,20000
65161,10,10000
65162,10,0
65163,10,0
65164,10,0
65165,10,0
65166,10,50000
65167,10,50000
65168,10,50000
65169,10,0
65170,10,0
65171,10,20000
65172,10,20000
65173,10,0
65174,10,30000
65175,10,0
65176,10,30000
65177,10,40000
65178,10,0
65179,10,50000
65180,10,50000
65181,10,20000
65182,10,10000
65183,10,20000
65184,10,40000
65185,10,0
65186,10,50000
65187,10,40000
65188,10,30000
65189,10,30000
65190,10,0
65191,10,30000
65192,10,30000
65193,10,0
65194,10,50000
65195,10,40000
65196,10,40000
65197,10,0
65198,10,0
65199,10,10000
65200,10,20000
65201,10,50000
65202,10,10000
65203,10,20000
65204,10,30000
65205,10,30000
65206,10,5000
65207,10,20000
65208,10,30000
65209,10,5000
65210,10,20000
65211,10,0
65212,10,50000
65213,10,40000
65214,10,0
65215,10,5000
65216,10,5000
65217,10,50000
65218,10,40000
65219,10,20000
65220,10,50000
65221,10,20000
65222,10,40000
65223,10,0
65224,10,50000
65225,10,0
65226,10,20000
65227,10,50000
65228,10,0
65229,10,20000
65230,10,50000
65231,10,50000
65232,10,50000
65233,10,0
65234,10,0
65235,10,0
65236,10,5000
65237,10,50000
65238,10,30000
65239,10,20000
65240,10,30000
65241,10,10000
65242,10,0
65243,10,0
65244,10,0
65245,10,10000
65246,10,5000
65247,10,40000
65248,10,0
65249,10,10000
65250,10,0
65251,10,5000
65252,10,50000
65253,10,40000
65254,10,30000
65255,10,30000
65256,10,40000
65257,10,30000
65258,10,30000
65259,10,0
65260,10,50000
65261,10,20000
65262,10,0
65263,10,0
65264,10,20000
65265,10,10000
65266,10,5000
65267,10,30000
65268,10,5000
65269,10,20000
65270,10,0
65271,10,30000
65272,10,40000
65273,10,0
65274,10,0
65275,10,50000
65276,10,50000
65277,10,40000
65278,10,10000
65279,10,5000
65280,10,30000
65281,10,0
65282,10,50000
65283,10,10000
65284,10,40000
65285,10,40000
65286,10,40000
65287,10,20000
65288,10,10000
65289,10,0
65290,10,0
65291,10,0
65292,10,0
65293,10,40000
65294,10,0
65295,10,50000
65296,10,0
65297,10,50000
65298,10,30000
65299,10,5000
65300,10,10000
65301,10,0
65302,10,10000
65303,10,40000
65304,10,30000
65305,10,10000
65306,10,5000
65307,10,20000
65308,10,0
65309,10,50000
65310,10,20000
65311,10,5000
65312,10,30000
65313,10,5000
65314,10,5000
65315,10,30000
65316,10,5000
65317,10,0
65318,10,40000
65319,10,10000
65320,10,0
65321,10,50000
65322,10,0
65323,10,5000
65324,10,20000
65325,10,30000
65326,10,0
65327,10,0
65328,10,0
65329,10,0
65330,10,0
65331,10,0
65332,10,40000
65333,10,40000
65334,10,10000
65335,10,0
65336,10,40000
65337,10,0
65338,10,30000
65339,10,50000
65340,10,0
65341,10,40000
65342,10,10000
65343,10,20000
65344,10,50000
65345,10,10000
65346,10,10000
65347,10,30000
65348,10,0
65349,10,10000
65350,10,40000
65351,10,0
65352,10,40000
65353,10,50000
65354,10,50000
65355,10,10000
65356,10,30000
65357,10,50000
65358,10,5000
65359,10,30000
65360,10,5000
65361,10,40000
65362,10,30000
65363,10,40000
65364,10,20000
65365,10,50000
65366,10,20000
65367,10,10000
65368,10,50000
65369,10,50000
65370,10,40000
65371,10,0
65372,10,30000
65373,10,40000
65374,10,5000
65375,10,30000
65376,10,50000
65377,10,40000
65378,10,0
65379,10,20000
65380,10,20000
65381,10,30000
65382,10,0
65383,10,20000
65384,10,20000
65385,10,30000
65386,10,0
65387,10,30000
65388,10,0
65389,10,50000
65390,10,40000
65391,10,0
65392,10,30000
65393,10,0
65394,10,20000
65395,10,20000
65396,10,20000
65397,10,50000
65398,10,0
65399,10,0
65400,10,0
65401,10,10000
65402,10,0
65403,10,5000
65404,10,0
65405,10,5000
65406,10,10000
65407,10,50000
65408,10,10000
65409,10,5000
65410,10,0
65411,10,10000
65412,10,50000
65413,10,50000
65414,10,0
65415,10,0
65416,10,40000
65417,10,30000
65418,10,0
65419,10,50000
65420,10,0
65421,10,10000
65422,10,10000
65423,10,0
65424,10,50000
65425,10,20000
65426,10,0
65427,10,30000
65428,10,0
65429,10,40000
65430,10,0
65431,10,20000
65432,10,30000
65433,10,50000
65434,10,30000
65435,10,20000
65436,10,5000
65437,10,0
65438,10,20000
65439,10,40000
65440,10,50000
65441,10,5000
65442,10,0
65443,10,0
65444,10,20000
65445,10,20000
65446,10,30000
65447,10,20000
65448,10,10000
65449,10,0
65450,10,40000
65451,10,0
65452,10,50000
65453,10,0
65454,10,0
65455,10,5000
65456,10,20000
65457,10,0
65458,10,40000
65459,10,0
65460,10,0
65461,10,40000
65462,10,40000
65463,10,20000
65464,10,40000
65465,10,0
65466,10,0
65467,10,30000
65468,10,20000
65469,10,10000
65470,10,30000
65471,10,10000
65472,10,20000
65473,10,20000
65474,10,0
65475,10,0
65476,10,50000
65477,10,0
65478,10,40000
65479,10,0
65480,10,0
65481,10,50000
65482,10,10000
65483,10,40000
65484,10,0
65485,10,0
65486,10,20000
65487,10,10000
65488,10,0
65489,10,30000
65490,10,50000
65491,10,30000
65492,10,50000
65493,10,50000
65494,10,5000
65495,10,50000
65496,10,30000
65497,10,50000
65498,10,30000
65499,10,30000
65500,10,0
65501,10,50000
65502,10,10000
65503,10,20000
65504,10,30000
65505,10,40000
65506,10,0
65507,10,40000
65508,10,40000
65509,10,0
65510,10,0
65511,10,0
65512,10,30000
65513,10,30000
65514,10,5000
65515,10,50000
65516,10,0
65517,10,30000
65518,10,10000
65519,10,0
65520,10,40000
65521,10,5000
65522,10,20000
65523,10,30000
65524,10,5000
65525,10,20000
65526,10,10000
65527,10,10
65528,10,10000
65529,10,40000
65530,10,30000
65531,10,0
65532,10,10000
65533,10,40000
65534,10,0
65535,10,20000
65536,10,0
65537,10,20000
65538,10,10000
65539,10,40000
65540,10,5000
65541,10,0
65542,10,5000
65543,10,10000
65544,10,5000
65545,10,20000
65546,10,30000
65547,10,10000
65548,10,20000
65549,10,50000
65550,10,30000
65551,10,10000
65552,10,5000
65553,10,10000
65554,10,30000
65555,10,10000
65556,10,50000
65557,10,0
65558,10,0
65559,10,10000
65560,10,0
65561,10,30000
65562,10,0
65563,10,30000
65564,10,5000
65565,10,0
65566,10,50000
65567,10,20000
65568,10,20000
65569,10,40000
65570,10,5000
65571,10,0
65572,10,50000
65573,10,0
65574,10,0
65575,10,10000
65576,10,30000
65577,10,50000
65578,10,30000
65579,10,30000
65580,10,30000
65581,10,5000
65582,10,0
65583,10,50000
65584,10,0
65585,10,30000
65586,10,10000
65587,10,5000
65588,10,20000
65589,10,0
65590,10,0
65591,10,30000
65592,10,10000
65593,10,10000
65594,10,40000
65595,10,0
65596,10,5000
65597,10,0
65598,10,30000
65599,10,10
65600,10,50000
65601,10,0
65602,10,40000
65603,10,30000
65604,10,20000
65605,10,40000
65606,10,40000
65607,10,40000
65608,10,10000
65609,10,0
65610,10,0
65611,10,40000
65612,10,30000
65613,10,10000
65614,10,0
65615,10,20000
65616,10,20000
65617,10,50000
65618,10,50000
65619,10,40000
65620,10,50000
65621,10,0
65622,10,0
65623,10,0
65624,10,40000
65625,10,0
65626,10,30000
65627,10,10000
65628,10,50000
65629,10,10000
65630,10,0
65631,10,40000
65632,10,0
65633,10,0
65634,10,30000
65635,10,0
65636,10,0
65637,10,0
65638,10,20000
65639,10,10000
65640,10,50000
65641,10,5000
65642,10,0
65643,10,20000
65644,10,20000
65645,10,0
65646,10,5000
65647,10,0
65648,10,30000
65649,10,0
65650,10,50000
65651,10,50000
65652,10,20000
65653,10,40000
65654,10,0
65655,10,50000
65656,10,0
65657,10,0
65658,10,50000
65659,10,5000
65660,10,30000
65661,10,0
65662,10,0
65663,10,20000
65664,10,0
65665,10,50000
65666,10,10000
65667,10,0
65668,10,40000
65669,10,40000
65670,10,50000
65671,10,30000
65672,10,40000
65673,10,0
65674,10,5000
65675,10,30000
65676,10,10000
65677,10,0
65678,10,0
65679,10,5000
65680,10,30000
65681,10,20000
65682,10,0
65683,10,50000
65684,10,0
65685,10,40000
65686,10,20000
65687,10,10000
65688,10,0
65689,10,0
65690,10,30000
65691,10,30000
65692,10,30000
65693,10,30000
65694,10,20000
65695,10,5000
65696,10,30000
65697,10,40000
65698,10,0
65699,10,0
65700,10,20000
65701,10,5000
65702,10,20000
65703,10,20000
65704,10,0
65705,10,20000
65706,10,30000
65707,10,20000
65708,10,20000
65709,10,0
65710,10,10000
65711,10,10000
65712,10,40000
65713,10,0
65714,10,5000
65715,10,0
65716,10,20000
65717,10,30000
65718,10,0
65719,10,5000
65720,10,0
65721,10,30000
65722,10,5000
65723,10,10000
65724,10,30000
65725,10,20000
65726,10,40000
65727,10,30000
65728,10,0
65729,10,50000
65730,10,0
65731,10,20000
65732,10,20000
65733,10,5000
65734,10,0
65735,10,30000
65736,10,10000
65737,10,30000
65738,10,10000
65739,10,30000
65740,10,50000
65741,10,0
65742,10,10000
65743,10,20000
65744,10,30000
65745,10,0
65746,10,0
65747,10,10000
65748,10,10000
65749,10,40000
65750,10,0
65751,10,0
65752,10,50000
65753,10,30000
65754,10,30000
65755,10,40000
65756,10,30000
65757,10,20000
65758,10,10000
65759,10,30000
65760,10,0
65761,10,5000
65762,10,30000
65763,10,0
65764,10,10000
65765,10,0
65766,10,30000
65767,10,20000
65768,10,10000
65769,10,0
65770,10,30000
65771,10,20000
65772,10,20000
65773,10,50000
65774,10,20000
65775,10,50000
65776,10,0
65777,10,0
65778,10,0
65779,10,0
65780,10,20000
65781,10,0
65782,10,0
65783,10,20000
65784,10,30000
65785,10,40000
65786,10,0
65787,10,30000
65788,10,0
65789,10,40000
65790,10,40000
65791,10,30000
65792,10,0
65793,10,0
65794,10,50000
65795,10,30000
65796,10,0
65797,10,5000
65798,10,0
65799,10,30000
65800,10,20000
65801,10,40000
65802,10,0
65803,10,5000
65804,10,0
65805,10,20000
65806,10,20000
65807,10,50000
65808,10,0
65809,10,0
65810,10,10000
65811,10,20000
65812,10,0
65813,10,0
65814,10,0
65815,10,30000
65816,10,20000
65817,10,20000
65818,10,20000
65819,10,50000
65820,10,30000
65821,10,0
65822,10,40000
65823,10,0
65824,10,0
65825,10,20000
65826,10,30000
65827,10,50000
65828,10,10000
65829,10,30000
65830,10,20000
65831,10,0
65832,10,50000
65833,10,5000
65834,10,20000
65835,10,20000
65836,10,20000
65837,10,30000
65838,10,0
65839,10,0
65840,10,10000
65841,10,5000
65842,10,5000
65843,10,20000
65844,10,30000
65845,10,20000
65846,10,50000
65847,10,30000
65848,10,50000
65849,10,50000
65850,10,0
65851,10,50000
65852,10,20000
65853,10,30000
65854,10,40000
65855,10,50000
65856,10,20000
65857,10,20000
65858,10,10000
65859,10,0
65860,10,40000
65861,10,5000
65862,10,10000
65863,10,30000
65864,10,20000
65865,10,40000
65866,10,5000
65867,10,0
65868,10,5000
65869,10,40000
65870,10,20000
65871,10,0
65872,10,30000
65873,10,10000
65874,10,0
65875,10,5000
65876,10,30000
65877,10,30000
65878,10,0
65879,10,5000
65880,10,10000
65881,10,40000
65882,10,30000
65883,10,40000
65884,10,0
65885,10,40000
65886,10,30000
65887,10,30000
65888,10,0
65889,10,10000
65890,10,50000
65891,10,30000
65892,10,10000
65893,10,0
65894,10,50000
65895,10,0
65896,10,30000
65897,10,50000
65898,10,5000
65899,10,10
65900,10,20000
65901,10,0
65902,10,5000
65903,10,30000
65904,10,10000
65905,10,40000
65906,10,5000
65907,10,0
65908,10,50000
65909,10,0
65910,10,20000
65911,10,0
65912,10,30000
65913,10,10000
65914,10,10000
65915,10,0
65916,10,10000
65917,10,40000
65918,10,30000
65919,10,50000
65920,10,0
65921,10,0
65922,10,50000
65923,10,10000
65924,10,0
65925,10,0
65926,10,10000
65927,10,50000
65928,10,30000
65929,10,10000
65930,10,50000
65931,10,40000
65932,10,50000
65933,10,50000
65934,10,5000
65935,10,20000
65936,10,40000
65937,10,20000
65938,10,20000
65939,10,10000
65940,10,0
65941,10,50000
65942,10,30000
65943,10,0
65944,10,0
65945,10,0
65946,10,0
65947,10,10000
65948,10,0
65949,10,50000
65950,10,10000
65951,10,20000
65952,10,0
65953,10,0
65954,10,10000
65955,10,5000
65956,10,5000
65957,10,0
65958,10,30000
65959,10,10000
65960,10,5000
65961,10,5000
65962,10,5000
65963,10,20000
65964,10,0
65965,10,0
65966,10,30000
65967,10,0
65968,10,10000
65969,10,0
65970,10,50000
65971,10,20000
65972,10,50000
65973,10,50000
65974,10,50000
65975,10,20000
65976,10,50000
65977,10,0
65978,10,0
65979,10,0
65980,10,5000
65981,10,20000
65982,10,0
65983,10,0
65984,10,10000
65985,10,30000
65986,10,10000
65987,10,10000
65988,10,20000
65989,10,20000
65990,10,50000
65991,10,5000
65992,10,20000
65993,10,40000
65994,10,10000
65995,10,20000
65996,10,30000
65997,10,50000
65998,10,20000
65999,10,5000
66000,10,30000
66001,10,0
66002,10,5000
66003,10,20000
66004,10,40000
66005,10,0
66006,10,0
66007,10,50000
66008,10,5000
66009,10,0
66010,10,20000
66011,10,50000
66012,10,0
66013,10,30000
66014,10,20000
66015,10,0
66016,10,10000
66017,10,50000
66018,10,20000
66019,10,10
66020,10,30000
66021,10,10
66022,10,40000
66023,10,50000
66024,10,50000
66025,10,5000
66026,10,20000
66027,10,10000
66028,10,0
66029,10,50000
66030,10,0
66031,10,50000
66032,10,30000
66033,10,30000
66034,10,10000
66035,10,50000
66036,10,5000
66037,10,0
66038,10,40000
66039,10,10000
66040,10,30000
66041,10,20000
66042,10,0
66043,10,40000
66044,10,30000
66045,10,20000
66046,10,5000
66047,10,10000
66048,10,0
66049,10,0
66050,10,10000
66051,10,0
66052,10,10000
66053,10,5000
66054,10,0
66055,10,50000
66056,10,10000
66057,10,30000
66058,10,30000
66059,10,0
66060,10,20000
66061,10,30000
66062,10,30000
66063,10,5000
66064,10,5000
66065,10,50000
66066,10,50000
66067,10,5000
66068,10,40000
66069,10,30000
66070,10,40000
66071,10,5000
66072,10,30000
66073,10,20000
66074,10,10000
66075,10,20000
66076,10,5000
66077,10,30000
66078,10,20000
66079,10,50000
66080,10,10000
66081,10,10000
66082,10,40000
66083,10,0
66084,10,5000
66085,10,40000
66086,10,20000
66087,10,30000
66088,10,50000
66089,10,30000
66090,10,0
66091,10,40000
66092,10,30000
66093,10,40000
66094,10,0
66095,10,20000
66096,10,5000
66097,10,0
66098,10,20000
66099,10,0
66100,10,5000
66101,10,0
66102,10,20000
66103,10,0
66104,10,5000
66105,10,10000
66106,10,30000
66107,10,10000
66108,10,30000
66109,10,30000
66110,10,0
66111,10,10000
66112,10,30000
66113,10,40000
66114,10,0
66115,10,10000
66116,10,5000
66117,10,0
66118,10,5000
66119,10,0
66120,10,20000
66121,10,30000
66122,10,5000
66123,10,5000
66124,10,40000
66125,10,50000
66126,10,20000
66127,10,50000
66128,10,20000
66129,10,10000
66130,10,0
66131,10,30000
66132,10,20000
66133,10,0
66134,10,0
66135,10,20000
66136,10,30000
66137,10,20000
66138,10,30000
66139,10,0
66140,10,0
66141,10,20000
66142,10,30000
66143,10,50000
66144,10,20000
66145,10,40000
66146,10,0
66147,10,0
66148,10,40000
66149,10,40000
66150,10,30000
66151,10,0
66152,10,5000
66153,10,40000
66154,10,20000
66155,10,30000
66156,10,30000
66157,10,5000
66158,10,0
66159,10,50000
66160,10,50000
66161,10,30000
66162,10,0
66163,10,40000
66164,10,0
66165,10,0
66166,10,5000
66167,10,30000
66168,10,50000
66169,10,50000
66170,10,30000
66171,10,5000
66172,10,20000
66173,10,20000
66174,10,30000
66175,10,0
66176,10,20000
66177,10,30000
66178,10,30000
66179,10,10000
66180,10,20000
66181,10,5000
66182,10,20000
66183,10,0
66184,10,20000
66185,10,30000
66186,10,20000
66187,10,40000
66188,10,10000
66189,10,30000
66190,10,10000
66191,10,50000
66192,10,5000
66193,10,50000
66194,10,20000
66195,10,20000
66196,10,20000
66197,10,50000
66198,10,30000
66199,10,30000
66200,10,0
66201,10,30000
66202,10,30000
66203,10,10000
66204,10,50000
66205,10,20000
66206,10,0
66207,10,50000
66208,10,50000
66209,10,0
66210,10,40000
66211,10,10000
66212,10,5000
66213,10,0
66214,10,0
66215,10,40000
66216,10,50000
66217,10,0
66218,10,20000
66219,10,50000
66220,10,20000
66221,10,50000
66222,10,5000
66223,10,30000
66224,10,0
66225,10,40000
66226,10,40000
66227,10,20000
66228,10,50000
66229,10,5000
66230,10,50000
66231,10,40000
66232,10,0
66233,10,5000
66234,10,30000
66235,10,0
66236,10,30000
66237,10,50000
66238,10,30000
66239,10,20000
66240,10,0
66241,10,5000
66242,10,50000
66243,10,5000
66244,10,5000
66245,10,0
66246,10,0
66247,10,10000
66248,10,20000
66249,10,50000
66250,10,5000
66251,10,10000
66252,10,5000
66253,10,10000
66254,10,50000
66255,10,0
66256,10,0
66257,10,40000
66258,10,0
66259,10,50000
66260,10,50000
66261,10,50000
66262,10,40000
66263,10,0
66264,10,30000
66265,10,50000
66266,10,5000
66267,10,20000
66268,10,0
66269,10,20000
66270,10,20000
66271,10,40000
66272,10,20000
66273,10,50000
66274,10,0
66275,10,50000
66276,10,5000
66277,10,30000
66278,10,30000
66279,10,0
66280,10,5000
66281,10,0
66282,10,0
66283,10,0
66284,10,0
66285,10,0
66286,10,30000
66287,10,50000
66288,10,50000
66289,10,5000
66290,10,50000
66291,10,30000
66292,10,0
66293,10,30000
66294,10,30000
66295,10,0
66296,10,0
66297,10,0
66298,10,50000
66299,10,10000
66300,10,30000
66301,10,20000
66302,10,0
66303,10,5000
66304,10,40000
66305,10,5000
66306,10,0
66307,10,0
66308,10,40000
66309,10,5000
66310,10,10000
66311,10,20000
66312,10,20000
66313,10,30000
66314,10,50000
66315,10,5000
66316,10,10000
66317,10,10
66318,10,10000
66319,10,30000
66320,10,40000
66321,10,50000
66322,10,40000
66323,10,40000
66324,10,50000
66325,10,20000
66326,10,0
66327,10,0
66328,10,0
66329,10,10000
66330,10,50000
66331,10,40000
66332,10,50000
66333,10,20000
66334,10,0
66335,10,50000
66336,10,10000
66337,10,40000
66338,10,5000
66339,10,30000
66340,10,50000
66341,10,5000
66342,10,0
66343,10,30000
66344,10,0
66345,10,30000
66346,10,40000
66347,10,20000
66348,10,0
66349,10,20000
66350,10,5000
66351,10,10000
66352,10,40000
66353,10,0
66354,10,0
66355,10,30000
66356,10,20000
66357,10,30000
66358,10,50000
66359,10,30000
66360,10,20000
66361,10,10000
66362,10,20000
66363,10,20000
66364,10,0
66365,10,40000
66366,10,0
66367,10,20000
66368,10,0
66369,10,0
66370,10,50000
66371,10,10
66372,10,20000
66373,10,20000
66374,10,0
66375,10,0
66376,10,40000
66377,10,50000
66378,10,5000
66379,10,0
66380,10,0
66381,10,20000
66382,10,30000
66383,10,5000
66384,10,50000
66385,10,0
66386,10,0
66387,10,40000
66388,10,40000
66389,10,50000
66390,10,10000
66391,10,20000
66392,10,20000
66393,10,30000
66394,10,50000
66395,10,10000
66396,10,20000
66397,10,30000
66398,10,40000
66399,10,40000
66400,10,30000
66401,10,20000
66402,10,0
66403,10,50000
66404,10,30000
66405,10,5000
66406,10,5000
66407,10,0
66408,10,30000
66409,10,40000
66410,10,10000
66411,10,0
66412,10,0
66413,10,20000
66414,10,30000
66415,10,30000
66416,10,40000
66417,10,10000
66418,10,30000
66419,10,20000
66420,10,50000
66421,10,0
66422,10,5000
66423,10,0
66424,10,0
66425,10,50000
66426,10,0
66427,10,0
66428,10,0
66429,10,0
66430,10,30000
66431,10,20000
66432,10,0
66433,10,30000
66434,10,10000
66435,10,5000
66436,10,40000
66437,10,0
66438,10,30000
66439,10,0
66440,10,10000
66441,10,10000
66442,10,40000
66443,10,40000
66444,10,30000
66445,10,10000
66446,10,0
66447,10,0
66448,10,0
66449,10,30000
66450,10,10000
66451,10,50000
66452,10,50000
66453,10,40000
66454,10,0
66455,10,0
66456,10,10000
66457,10,20000
66458,10,30000
66459,10,50000
66460,10,40000
66461,10,40000
66462,10,10000
66463,10,0
66464,10,20000
66465,10,20000
66466,10,30000
66467,10,50000
66468,10,30000
66469,10,0
66470,10,40000
66471,10,10000
66472,10,0
66473,10,0
66474,10,10000
66475,10,0
66476,10,30000
66477,10,50000
66478,10,0
66479,10,0
66480,10,30000
66481,10,30000
66482,10,50000
66483,10,0
66484,10,0
66485,10,5000
66486,10,0
66487,10,5000
66488,10,40000
66489,10,20000
66490,10,40000
66491,10,40000
66492,10,30000
66493,10,0
66494,10,0
66495,10,0
66496,10,20000
66497,10,50000
66498,10,0
66499,10,50000
66500,10,50000
66501,10,5000
66502,10,0
66503,10,50000
66504,10,0
66505,10,30000
66506,10,5000
66507,10,50000
66508,10,50000
66509,10,5000
66510,10,10000
66511,10,0
66512,10,30000
66513,10,40000
66514,10,5000
66515,10,40000
66516,10,50000
66517,10,50000
66518,10,40000
66519,10,5000
66520,10,0
66521,10,5000
66522,10,0
66523,10,20000
66524,10,30000
66525,10,30000
66526,10,0
66527,10,0
66528,10,0
66529,10,40000
66530,10,20000
66531,10,40000
66532,10,0
66533,10,40000
66534,10,50000
66535,10,20000
66536,10,20000
66537,10,40000
66538,10,0
66539,10,0
66540,10,0
66541,10,20000
66542,10,30000
66543,10,50000
66544,10,20000
66545,10,0
66546,10,30000
66547,10,0
66548,10,5000
66549,10,20000
66550,10,10000
66551,10,0
66552,10,0
66553,10,20000
66554,10,0
66555,10,40000
66556,10,30000
66557,10,0
66558,10,50000
66559,10,0
66560,10,20000
66561,10,0
66562,10,0
66563,10,0
66564,10,0
66565,10,0
66566,10,0
66567,10,0
66568,10,0
66569,10,50000
66570,10,50000
66571,10,30000
66572,10,30000
66573,10,40000
66574,10,0
66575,10,20000
66576,10,40000
66577,10,30000
66578,10,20000
66579,10,20000
66580,10,30000
66581,10,30000
66582,10,0
66583,10,0
66584,10,5000
66585,10,30000
66586,10,30000
66587,10,0
66588,10,5000
66589,10,30000
66590,10,0
66591,10,10000
66592,10,50000
66593,10,10000
66594,10,40000
66595,10,40000
66596,10,50000
66597,10,30000
66598,10,0
66599,10,0
66600,10,10000
66601,10,0
66602,10,5000
66603,10,20000
66604,10,0
66605,10,40000
66606,10,50000
66607,10,20000
66608,10,0
66609,10,20000
66610,10,40000
66611,10,30000
66612,10,20000
66613,10,10000
66614,10,10000
66615,10,0
66616,10,0
66617,10,0
66618,10,5000
66619,10,10000
66620,10,10000
66621,10,0
66622,10,20000
66623,10,20000
66624,10,40000
66625,10,10000
66626,10,10000
66627,10,10000
66628,10,30000
66629,10,5000
66630,10,10000
66631,10,30000
66632,10,30000
66633,10,20000
66634,10,0
66635,10,50000
66636,10,30000
66637,10,5000
66638,10,20000
66639,10,0
66640,10,20000
66641,10,50000
66642,10,50000
66643,10,5000
66644,10,0
66645,10,0
66646,10,0
66647,10,0
66648,10,0
66649,10,0
66650,10,30000
66651,10,0
66652,10,0
66653,10,0
66654,10,50000
66655,10,30000
66656,10,0
66657,10,50000
66658,10,20000
66659,10,40000
66660,10,10000
66661,10,50000
66662,10,10000
66663,10,0
66664,10,30000
66665,10,40000
66666,10,40000
66667,10,50000
66668,10,0
66669,10,40000
66670,10,10000
66671,10,20000
66672,10,0
66673,10,10000
66674,10,30000
66675,10,40000
66676,10,40000
66677,10,20000
66678,10,0
66679,10,40000
66680,10,30000
66681,10,30000
66682,10,40000
66683,10,10000
66684,10,0
66685,10,30000
66686,10,0
66687,10,20000
66688,10,20000
66689,10,30000
66690,10,20000
66691,10,40000
66692,10,5000
66693,10,20000
66694,10,40000
66695,10,5000
66696,10,30000
66697,10,50000
66698,10,10000
66699,10,40000
66700,10,20000
66701,10,0
66702,10,30000
66703,10,0
66704,10,0
66705,10,50000
66706,10,20000
66707,10,0
66708,10,0
66709,10,0
66710,10,10000
66711,10,40000
66712,10,10000
66713,10,40000
66714,10,0
66715,10,40000
66716,10,40000
66717,10,20000
66718,10,50000
66719,10,0
66720,10,5000
66721,10,0
66722,10,50000
66723,10,10000
66724,10,20000
66725,10,0
66726,10,10000
66727,10,20000
66728,10,0
66729,10,40000
66730,10,5000
66731,10,10000
66732,10,0
66733,10,20000
66734,10,30000
66735,10,50000
66736,10,50000
66737,10,0
66738,10,30000
66739,10,50000
66740,10,30000
66741,10,40000
66742,10,5000
66743,10,50000
66744,10,20000
66745,10,30000
66746,10,10000
66747,10,10000
66748,10,40000
66749,10,10000
66750,10,50000
66751,10,0
66752,10,0
66753,10,0
66754,10,0
66755,10,5000
66756,10,0
66757,10,0
66758,10,20000
66759,10,50000
66760,10,10000
66761,10,20000
66762,10,30000
66763,10,40000
66764,10,40000
66765,10,0
66766,10,20000
66767,10,50000
66768,10,40000
66769,10,20000
66770,10,0
66771,10,10000
66772,10,0
66773,10,20000
66774,10,10000
66775,10,20000
66776,10,0
66777,10,50000
66778,10,0
66779,10,40000
66780,10,20000
66781,10,10000
66782,10,0
66783,10,30000
66784,10,20000
66785,10,30000
66786,10,30000
66787,10,5000
66788,10,30000
66789,10,30000
66790,10,10000
66791,10,0
66792,10,20000
66793,10,0
66794,10,5000
66795,10,30000
66796,10,0
66797,10,0
66798,10,0
66799,10,0
66800,10,0
66801,10,5000
66802,10,20000
66803,10,30000
66804,10,10000
66805,10,10000
66806,10,30000
66807,10,0
66808,10,0
66809,10,20000
66810,10,40000
66811,10,40000
66812,10,0
66813,10,20000
66814,10,10000
66815,10,5000
66816,10,10000
66817,10,30000
66818,10,0
66819,10,50000
66820,10,5000
66821,10,40000
66822,10,5000
66823,10,40000
66824,10,40000
66825,10,20000
66826,10,20000
66827,10,5000
66828,10,0
66829,10,5000
66830,10,40000
66831,10,30000
66832,10,20000
66833,10,40000
66834,10,20000
66835,10,0
66836,10,0
66837,10,0
66838,10,50000
66839,10,40000
66840,10,20000
66841,10,50000
66842,10,0
66843,10,5000
66844,10,20000
66845,10,20000
66846,10,20000
66847,10,0
66848,10,50000
66849,10,0
66850,10,0
66851,10,20000
66852,10,5000
66853,10,0
66854,10,30000
66855,10,10000
66856,10,20000
66857,10,50000
66858,10,10000
66859,10,30000
66860,10,30000
66861,10,5000
66862,10,30000
66863,10,5000
66864,10,30000
66865,10,30000
66866,10,0
66867,10,30000
66868,10,0
66869,10,10000
66870,10,10000
66871,10,50000
66872,10,0
66873,10,5000
66874,10,10000
66875,10,10000
66876,10,20000
66877,10,20000
66878,10,5000
66879,10,10000
66880,10,10000
66881,10,30000
66882,10,50000
66883,10,5000
66884,10,50000
66885,10,50000
66886,10,0
66887,10,20000
66888,10,20000
66889,10,50000
66890,10,0
66891,10,5000
66892,10,10000
66893,10,0
66894,10,30000
66895,10,0
66896,10,0
66897,10,50000
66898,10,30000
66899,10,40000
66900,10,10000
66901,10,5000
66902,10,20000
66903,10,30000
66904,10,0
66905,10,40000
66906,10,20000
66907,10,10000
66908,10,30000
66909,10,10000
66910,10,0
66911,10,0
66912,10,30000
66913,10,0
66914,10,30000
66915,10,40000
66916,10,10000
66917,10,0
66918,10,30000
66919,10,5000
66920,10,0
66921,10,0
66922,10,0
66923,10,10000
66924,10,5000
66925,10,0
66926,10,30000
66927,10,30000
66928,10,40000
66929,10,30000
66930,10,50000
66931,10,10000
66932,10,10000
66933,10,0
66934,10,0
66935,10,50000
66936,10,0
66937,10,10000
66938,10,10000
66939,10,0
66940,10,30000
66941,10,40000
66942,10,0
66943,10,0
66944,10,30000
66945,10,0
66946,10,30000
66947,10,50000
66948,10,20000
66949,10,40000
66950,10,50000
66951,10,10000
66952,10,40000
66953,10,40000
66954,10,30000
66955,10,10000
66956,10,30000
66957,10,0
66958,10,20000
66959,10,30000
66960,10,40000
66961,10,20000
66962,10,30000
66963,10,0
66964,10,0
66965,10,0
66966,10,0
66967,10,30000
66968,10,0
66969,10,30000
66970,10,30000
66971,10,50000
66972,10,5000
66973,10,0
66974,10,30000
66975,10,0
66976,10,0
66977,10,40000
66978,10,0
66979,10,40000
66980,10,5000
66981,10,50000
66982,10,5000
66983,10,40000
66984,10,30000
66985,10,0
66986,10,20000
66987,10,50000
66988,10,0
66989,10,50000
66990,10,0
66991,10,20000
66992,10,30000
66993,10,20000
66994,10,0
66995,10,0
66996,10,0
66997,10,30000
66998,10,10000
66999,10,0
67000,10,20000
67001,10,5000
67002,10,50000
67003,10,20000
67004,10,50000
67005,10,0
67006,10,30000
67007,10,40000
67008,10,40000
67009,10,5000
67010,10,30000
67011,10,50000
67012,10,0
67013,10,30000
67014,10,10000
67015,10,20000
67016,10,30000
67017,10,20000
67018,10,20000
67019,10,0
67020,10,30000
67021,10,50000
67022,10,0
67023,10,5000
67024,10,5000
67025,10,0
67026,10,50000
67027,10,0
67028,10,0
67029,10,20000
67030,10,20000
67031,10,0
67032,10,5000
67033,10,0
67034,10,50000
67035,10,10000
67036,10,30000
67037,10,0
67038,10,20000
67039,10,30000
67040,10,0
67041,10,40000
67042,10,10000
67043,10,10000
67044,10,30000
67045,10,0
67046,10,0
67047,10,0
67048,10,0
67049,10,0
67050,10,50000
67051,10,0
67052,10,20000
67053,10,5000
67054,10,5000
67055,10,0
67056,10,10000
67057,10,30000
67058,10,0
67059,10,5000
67060,10,20000
67061,10,20000
67062,10,10000
67063,10,40000
67064,10,10000
67065,10,40000
67066,10,10000
67067,10,10000
67068,10,5000
67069,10,50000
67070,10,0
67071,10,20000
67072,10,10000
67073,10,0
67074,10,5000
67075,10,0
67076,10,0
67077,10,10000
67078,10,50000
67079,10,50000
67080,10,10000
67081,10,20000
67082,10,50000
67083,10,50000
67084,10,0
67085,10,40000
67086,10,20000
67087,10,5000
67088,10,10000
67089,10,20000
67090,10,40000
67091,10,40000
67092,10,30000
67093,10,5000
67094,10,40000
67095,10,50000
67096,10,30000
67097,10,30000
67098,10,0
67099,10,30000
67100,10,0
67101,10,40000
67102,10,5000
67103,10,10000
67104,10,20000
67105,10,0
67106,10,10000
67107,10,0
67108,10,10000
67109,10,40000
67110,10,30000
67111,10,0
67112,10,50000
67113,10,50000
67114,10,30000
67115,10,50000
67116,10,40000
67117,10,10000
67118,10,0
67119,10,10000
67120,10,30000
67121,10,50000
67122,10,30000
67123,10,0
67124,10,20000
67125,10,30000
67126,10,5000
67127,10,0
67128,10,40000
67129,10,0
67130,10,10000
67131,10,30000
67132,10,50000
67133,10,10000
67134,10,0
67135,10,30000
67136,10,30000
67137,10,30000
67138,10,50000
67139,10,10000
67140,10,0
67141,10,30000
67142,10,0
67143,10,5000
67144,10,20000
67145,10,0
67146,10,20000
67147,10,0
67148,10,20000
67149,10,20000
67150,10,30000
67151,10,10000
67152,10,40000
67153,10,40000
67154,10,20000
67155,10,40000
67156,10,5000
67157,10,40000
67158,10,30000
67159,10,0
67160,10,40000
67161,10,50000
67162,10,0
67163,10,5000
67164,10,10000
67165,10,0
67166,10,40000
67167,10,10000
67168,10,5000
67169,10,20000
67170,10,0
67171,10,40000
67172,10,0
67173,10,0
67174,10,0
67175,10,0
67176,10,20000
67177,10,30000
67178,10,0
67179,10,50000
67180,10,5000
67181,10,40000
67182,10,0
67183,10,5000
67184,10,10000
67185,10,20000
67186,10,20000
67187,10,10000
67188,10,20000
67189,10,5000
67190,10,10000
67191,10,5000
67192,10,0
67193,10,20000
67194,10,20000
67195,10,30000
67196,10,30000
67197,10,10000
67198,10,0
67199,10,40000
67200,10,5000
67201,10,0
67202,10,40000
67203,10,30000
67204,10,20000
67205,10,5000
67206,10,0
67207,10,50000
67208,10,0
67209,10,0
67210,10,30000
67211,10,0
67212,10,20000
67213,10,20000
67214,10,50000
67215,10,30000
67216,10,5000
67217,10,20000
67218,10,30000
67219,10,0
67220,10,50000
67221,10,10000
67222,10,5000
67223,10,50000
67224,10,5000
67225,10,50000
67226,10,30000
67227,10,5000
67228,10,20000
67229,10,50000
67230,10,30000
67231,10,0
67232,10,0
67233,10,0
67234,10,30000
67235,10,40000
67236,10,5000
67237,10,20000
67238,10,40000
67239,10,40000
67240,10,0
67241,10,40000
67242,10,50000
67243,10,30000
67244,10,50000
67245,10,10000
67246,10,40000
67247,10,30000
67248,10,0
67249,10,50000
67250,10,40000
67251,10,30000
67252,10,40000
67253,10,0
67254,10,0
67255,10,5000
67256,10,20000
67257,10,0
67258,10,20000
67259,10,0
67260,10,10000
67261,10,20000
67262,10,30000
67263,10,5000
67264,10,50000
67265,10,0
67266,10,5000
67267,10,20000
67268,10,30000
67269,10,0
67270,10,20000
67271,10,30000
67272,10,20000
67273,10,30000
67274,10,30000
67275,10,20000
67276,10,5000
67277,10,0
67278,10,0
67279,10,50000
67280,10,0
67281,10,0
67282,10,10000
67283,10,10
67284,10,30000
67285,10,0
67286,10,0
67287,10,50000
67288,10,40000
67289,10,50000
67290,10,40000
67291,10,10000
67292,10,40000
67293,10,10000
67294,10,40000
67295,10,30000
67296,10,0
67297,10,40000
67298,10,0
67299,10,20000
67300,10,10000
67301,10,30000
67302,10,20000
67303,10,30000
67304,10,50000
67305,10,50000
67306,10,5000
67307,10,10
67308,10,50000
67309,10,20000
67310,10,0
67311,10,40000
67312,10,0
67313,10,50000
67314,10,10000
67315,10,30000
67316,10,30000
67317,10,20000
67318,10,30000
67319,10,0
67320,10,0
67321,10,10000
67322,10,40000
67323,10,10000
67324,10,0
67325,10,20000
67326,10,50000
67327,10,10000
67328,10,20000
67329,10,0
67330,10,20000
67331,10,30000
67332,10,0
67333,10,20000
67334,10,50000
67335,10,5000
67336,10,20000
67337,10,0
67338,10,10000
67339,10,30000
67340,10,30000
67341,10,20000
67342,10,20000
67343,10,0
67344,10,10000
67345,10,0
67346,10,30000
67347,10,50000
67348,10,30000
67349,10,0
67350,10,0
67351,10,0
67352,10,40000
67353,10,0
67354,10,0
67355,10,30000
67356,10,40000
67357,10,50000
67358,10,5000
67359,10,20000
67360,10,0
67361,10,50000
67362,10,5000
67363,10,5000
67364,10,10000
67365,10,10000
67366,10,20000
67367,10,50000
67368,10,40000
67369,10,50000
67370,10,30000
67371,10,5000
67372,10,5000
67373,10,20000
67374,10,40000
67375,10,5000
67376,10,50000
67377,10,10000
67378,10,0
67379,10,5000
67380,10,0
67381,10,0
67382,10,5000
67383,10,5000
67384,10,0
67385,10,20000
67386,10,30000
67387,10,50000
67388,10,20000
67389,10,50000
67390,10,0
67391,10,0
67392,10,30000
67393,10,50000
67394,10,30000
67395,10,0
67396,10,5000
67397,10,10000
67398,10,50000
67399,10,0
67400,10,50000
67401,10,0
67402,10,20000
67403,10,20000
67404,10,30000
67405,10,0
67406,10,5000
67407,10,50000
67408,10,50000
67409,10,0
67410,10,10000
67411,10,30000
67412,10,10000
67413,10,30000
67414,10,5000
67415,10,50000
67416,10,30000
67417,10,0
67418,10,0
67419,10,30000
67420,10,40000
67421,10,0
67422,10,20000
67423,10,0
67424,10,0
67425,10,50000
67426,10,50000
67427,10,5000
67428,10,20000
67429,10,30000
67430,10,5000
67431,10,10000
67432,10,20000
67433,10,20000
67434,10,0
67435,10,30000
67436,10,20000
67437,10,0
67438,10,40000
67439,10,10000
67440,10,0
67441,10,50000
67442,10,30000
67443,10,20000
67444,10,10000
67445,10,0
67446,10,10000
67447,10,50000
67448,10,0
67449,10,30000
67450,10,50000
67451,10,20000
67452,10,30000
67453,10,30000
67454,10,20000
67455,10,5000
67456,10,5000
67457,10,30000
67458,10,20000
67459,10,5000
67460,10,40000
67461,10,0
67462,10,5000
67463,10,0
67464,10,0
67465,10,50000
67466,10,30000
67467,10,0
67468,10,0
67469,10,20000
67470,10,20000
67471,10,30000
67472,10,5000
67473,10,30000
67474,10,50000
67475,10,50000
67476,10,0
67477,10,50000
67478,10,10000
67479,10,10000
67480,10,5000
67481,10,0
67482,10,50000
67483,10,0
67484,10,0
67485,10,10000
67486,10,0
67487,10,0
67488,10,20000
67489,10,30000
67490,10,30000
67491,10,5000
67492,10,0
67493,10,10000
67494,10,0
67495,10,10000
67496,10,40000
67497,10,30000
67498,10,20000
67499,10,5000
67500,10,0
67501,10,20000
67502,10,10000
67503,10,0
67504,10,0
67505,10,30000
67506,10,10000
67507,10,0
67508,10,5000
67509,10,10000
67510,10,0
67511,10,0
67512,10,0
67513,10,30000
67514,10,0
67515,10,50000
67516,10,5000
67517,10,5000
67518,10,50000
67519,10,50000
67520,10,0
67521,10,0
67522,10,0
67523,10,30000
67524,10,10000
67525,10,0
67526,10,0
67527,10,30000
67528,10,0
67529,10,20000
67530,10,30000
67531,10,0
67532,10,0
67533,10,10000
67534,10,0
67535,10,0
67536,10,30000
67537,10,0
67538,10,0
67539,10,30000
67540,10,0
67541,10,10000
67542,10,50000
67543,10,30000
67544,10,20000
67545,10,30000
67546,10,0
67547,10,30000
67548,10,0
67549,10,50000
67550,10,40000
67551,10,0
67552,10,0
67553,10,0
67554,10,5000
67555,10,30000
67556,10,0
67557,10,20000
67558,10,0
67559,10,10000
67560,10,30000
67561,10,0
67562,10,30000
67563,10,5000
67564,10,0
67565,10,40000
67566,10,0
67567,10,5000
67568,10,30000
67569,10,0
67570,10,20000
67571,10,5000
67572,10,50000
67573,10,5000
67574,10,30000
67575,10,20000
67576,10,20000
67577,10,0
67578,10,0
67579,10,0
67580,10,30000
67581,10,50000
67582,10,40000
67583,10,20000
67584,10,30000
67585,10,30000
67586,10,0
67587,10,20000
67588,10,30000
67589,10,40000
67590,10,20000
67591,10,10000
67592,10,0
67593,10,0
67594,10,30000
67595,10,30000
67596,10,20000
67597,10,30000
67598,10,50000
67599,10,50000
67600,10,50000
67601,10,30000
67602,10,30000
67603,10,20000
67604,10,0
67605,10,0
67606,10,20000
67607,10,20000
67608,10,20000
67609,10,20000
67610,10,20000
67611,10,50000
67612,10,5000
67613,10,30000
67614,10,0
67615,10,30000
67616,10,50000
67617,10,40000
67618,10,0
67619,10,20000
67620,10,20000
67621,10,0
67622,10,5000
67623,10,10000
67624,10,0
67625,10,40000
67626,10,10000
67627,10,30000
67628,10,0
67629,10,30000
67630,10,5000
67631,10,5000
67632,10,0
67633,10,30000
67634,10,40000
67635,10,50000
67636,10,20000
67637,10,30000
67638,10,30000
67639,10,0
67640,10,0
67641,10,0
67642,10,20000
67643,10,20000
67644,10,0
67645,10,40000
67646,10,10000
67647,10,40000
67648,10,40000
67649,10,20000
67650,10,40000
67651,10,50000
67652,10,50000
67653,10,20000
67654,10,0
67655,10,20000
67656,10,30000
67657,10,10000
67658,10,20000
67659,10,10000
67660,10,20000
67661,10,5000
67662,10,0
67663,10,30000
67664,10,30000
67665,10,20000
67666,10,50000
67667,10,0
67668,10,50000
67669,10,20000
67670,10,0
67671,10,0
67672,10,10000
67673,10,30000
67674,10,0
67675,10,40000
67676,10,20000
67677,10,20000
67678,10,0
67679,10,5000
67680,10,40000
67681,10,10000
67682,10,30000
67683,10,20000
67684,10,5000
67685,10,20000
67686,10,0
67687,10,50000
67688,10,0
67689,10,0
67690,10,50000
67691,10,0
67692,10,40000
67693,10,10
67694,10,30000
67695,10,50000
67696,10,20000
67697,10,0
67698,10,10000
67699,10,10000
67700,10,0
67701,10,20000
67702,10,5000
67703,10,30000
67704,10,30000
67705,10,50000
67706,10,50000
67707,10,30000
67708,10,20000
67709,10,10000
67710,10,5000
67711,10,20000
67712,10,5000
67713,10,20000
67714,10,0
67715,10,0
67716,10,0
67717,10,10000
67718,10,30000
67719,10,50000
67720,10,30000
67721,10,30000
67722,10,10000
67723,10,0
67724,10,0
67725,10,0
67726,10,50000
67727,10,40000
67728,10,40000
67729,10,40000
67730,10,10000
67731,10,0
67732,10,40000
67733,10,0
67734,10,10000
67735,10,5000
67736,10,30000
67737,10,30000
67738,10,0
67739,10,0
67740,10,20000
67741,10,0
67742,10,20000
67743,10,5000
67744,10,40000
67745,10,0
67746,10,20000
67747,10,30000
67748,10,5000
67749,10,5000
67750,10,5000
67751,10,0
67752,10,0
67753,10,50000
67754,10,5000
67755,10,40000
67756,10,0
67757,10,20000
67758,10,5000
67759,10,40000
67760,10,40000
67761,10,20000
67762,10,10000
67763,10,30000
67764,10,40000
67765,10,40000
67766,10,40000
67767,10,0
67768,10,0
67769,10,40000
67770,10,30000
67771,10,50000
67772,10,0
67773,10,40000
67774,10,50000
67775,10,30000
67776,10,5000
67777,10,0
67778,10,40000
67779,10,40000
67780,10,40000
67781,10,30000
67782,10,5000
67783,10,0
67784,10,30000
67785,10,20000
67786,10,50000
67787,10,20000
67788,10,30000
67789,10,0
67790,10,10000
67791,10,0
67792,10,0
67793,10,30000
67794,10,0
67795,10,20000
67796,10,30000
67797,10,40000
67798,10,5000
67799,10,30000
67800,10,10000
67801,10,50000
67802,10,50000
67803,10,20000
67804,10,10000
67805,10,0
67806,10,20000
67807,10,0
67808,10,30000
67809,10,50000
67810,10,20000
67811,10,20000
67812,10,10000
67813,10,0
67814,10,30000
67815,10,0
67816,10,20000
67817,10,5000
67818,10,40000
67819,10,10000
67820,10,50000
67821,10,20000
67822,10,0
67823,10,30000
67824,10,40000
67825,10,30000
67826,10,0
67827,10,10000
67828,10,0
67829,10,20000
67830,10,50000
67831,10,0
67832,10,50000
67833,10,0
67834,10,50000
67835,10,10000
67836,10,0
67837,10,30000
67838,10,40000
67839,10,10000
67840,10,50000
67841,10,0
67842,10,10000
67843,10,40000
67844,10,50000
67845,10,0
67846,10,5000
67847,10,0
67848,10,5000
67849,10,50000
67850,10,5000
67851,10,10000
67852,10,0
67853,10,0
67854,10,5000
67855,10,10000
67856,10,30000
67857,10,20000
67858,10,30000
67859,10,5000
67860,10,20000
67861,10,30000
67862,10,40000
67863,10,20000
67864,10,40000
67865,10,0
67866,10,20000
67867,10,0
67868,10,50000
67869,10,0
67870,10,0
67871,10,5000
67872,10,20000
67873,10,50000
67874,10,0
67875,10,40000
67876,10,30000
67877,10,0
67878,10,40000
67879,10,30000
67880,10,0
67881,10,50000
67882,10,5000
67883,10,0
67884,10,10000
67885,10,50000
67886,10,0
67887,10,50000
67888,10,0
67889,10,0
67890,10,30000
67891,10,30000
67892,10,0
67893,10,40000
67894,10,0
67895,10,0
67896,10,0
67897,10,10000
67898,10,10000
67899,10,50000
67900,10,20000
67901,10,0
67902,10,50000
67903,10,40000
67904,10,30000
67905,10,0
67906,10,10000
67907,10,30000
67908,10,0
67909,10,10000
67910,10,5000
67911,10,10000
67912,10,0
67913,10,20000
67914,10,30000
67915,10,20000
67916,10,0
67917,10,0
67918,10,50000
67919,10,10000
67920,10,10
67921,10,0
67922,10,10000
67923,10,40000
67924,10,0
67925,10,50000
67926,10,40000
67927,10,20000
67928,10,50000
67929,10,10000
67930,10,0
67931,10,40000
67932,10,10000
67933,10,10000
67934,10,0
67935,10,20000
67936,10,5000
67937,10,10000
67938,10,0
67939,10,20000
67940,10,50000
67941,10,5000
67942,10,30000
67943,10,30000
67944,10,0
67945,10,50000
67946,10,0
67947,10,20000
67948,10,0
67949,10,10000
67950,10,0
67951,10,20000
67952,10,20000
67953,10,5000
67954,10,30000
67955,10,30000
67956,10,50000
67957,10,50000
67958,10,30000
67959,10,50000
67960,10,40000
67961,10,40000
67962,10,30000
67963,10,40000
67964,10,0
67965,10,0
67966,10,40000
67967,10,10000
67968,10,0
67969,10,40000
67970,10,20000
67971,10,20000
67972,10,0
67973,10,50000
67974,10,10000
67975,10,50000
67976,10,0
67977,10,0
67978,10,40000
67979,10,40000
67980,10,0
67981,10,30000
67982,10,20000
67983,10,30000
67984,10,30000
67985,10,40000
67986,10,20000
67987,10,0
67988,10,0
67989,10,20000
67990,10,0
67991,10,30000
67992,10,0
67993,10,5000
67994,10,10000
67995,10,30000
67996,10,50000
67997,10,50000
67998,10,0
67999,10,50000
68000,10,50000
68001,10,50000
68002,10,40000
68003,10,30000
68004,10,5000
68005,10,0
68006,10,40000
68007,10,0
68008,10,30000
68009,10,0
68010,10,0
68011,10,0
68012,10,50000
68013,10,0
68014,10,0
68015,10,0
68016,10,30000
68017,10,20000
68018,10,5000
68019,10,50000
68020,10,30000
68021,10,20000
68022,10,20000
68023,10,40000
68024,10,20000
68025,10,10000
68026,10,0
68027,10,5000
68028,10,50000
68029,10,20000
68030,10,5000
68031,10,30000
68032,10,20000
68033,10,0
68034,10,20000
68035,10,0
68036,10,0
68037,10,30000
68038,10,0
68039,10,50000
68040,10,30000
68041,10,30000
68042,10,0
68043,10,5000
68044,10,50000
68045,10,40000
68046,10,40000
68047,10,30000
68048,10,50000
68049,10,50000
68050,10,0
68051,10,0
68052,10,0
68053,10,0
68054,10,0
68055,10,10000
68056,10,50000
68057,10,5000
68058,10,40000
68059,10,0
68060,10,0
68061,10,40000
68062,10,0
68063,10,20000
68064,10,20000
68065,10,5000
68066,10,50000
68067,10,50000
68068,10,10
68069,10,0
68070,10,10000
68071,10,10000
68072,10,20000
68073,10,0
68074,10,30000
68075,10,0
68076,10,0
68077,10,40000
68078,10,10000
68079,10,10000
68080,10,10000
68081,10,5000
68082,10,50000
68083,10,10000
68084,10,10000
68085,10,30000
68086,10,40000
68087,10,10000
68088,10,50000
68089,10,5000
68090,10,0
68091,10,0
68092,10,30000
68093,10,5000
68094,10,20000
68095,10,20000
68096,10,0
68097,10,40000
68098,10,30000
68099,10,5000
68100,10,30000
68101,10,10000
68102,10,50000
68103,10,30000
68104,10,30000
68105,10,20000
68106,10,5000
68107,10,50000
68108,10,30000
68109,10,30000
68110,10,10000
68111,10,0
68112,10,0
68113,10,5000
68114,10,0
68115,10,0
68116,10,0
68117,10,10000
68118,10,50000
68119,10,30000
68120,10,5000
68121,10,0
68122,10,10000
68123,10,50000
68124,10,30000
68125,10,0
68126,10,20000
68127,10,0
68128,10,30000
68129,10,30000
68130,10,50000
68131,10,20000
68132,10,10000
68133,10,30000
68134,10,50000
68135,10,50000
68136,10,0
68137,10,50000
68138,10,5000
68139,10,30000
68140,10,40000
68141,10,10000
68142,10,0
68143,10,30000
68144,10,30000
68145,10,20000
68146,10,0
68147,10,30000
68148,10,10000
68149,10,20000
68150,10,20000
68151,10,20000
68152,10,20000
68153,10,20000
68154,11,40000
68155,10,40000
68156,10,0
68157,10,0
68158,10,10000
68159,10,5000
68160,10,0
68161,10,40000
68162,10,0
68163,10,40000
68164,10,0
68165,10,0
68166,10,30000
68167,10,0
68168,10,20000
68169,10,20000
68170,10,30000
68171,10,10000
68172,10,10000
68173,10,0
68174,10,30000
68175,10,10000
68176,10,40000
68177,10,5000
68178,10,0
68179,10,30000
68180,10,40000
68181,10,50000
68182,10,30000
68183,10,0
68184,10,0
68185,10,10000
68186,10,0
68187,10,40000
68188,10,0
68189,10,20000
68190,10,50000
68191,10,40000
68192,10,0
68193,10,0
68194,10,30000
68195,10,0
68196,10,20000
68197,10,0
68198,10,30000
68199,10,10000
68200,10,0
68201,10,10000
68202,10,30000
68203,10,5000
68204,10,20000
68205,10,5000
68206,10,10000
68207,10,40000
68208,10,30000
68209,10,30000
68210,10,40000
68211,10,0
68212,10,0
68213,10,30000
68214,10,50000
68215,10,10000
68216,10,5000
68217,10,30000
68218,10,0
68219,10,0
68220,10,20000
68221,10,20000
68222,10,10000
68223,10,30000
68224,10,50000
68225,10,40000
68226,10,40000
68227,10,0
68228,10,30000
68229,10,0
68230,10,40000
68231,10,50000
68232,10,0
68233,10,20000
68234,10,0
68235,10,0
68236,10,0
68237,10,40000
68238,10,40000
68239,10,50000
68240,10,10000
68241,10,10000
68242,10,0
68243,10,40000
68244,10,0
68245,10,0
68246,10,30000
68247,10,50000
68248,10,10000
68249,10,50000
68250,10,50000
68251,10,30000
68252,10,30000
68253,10,0
68254,10,0
68255,10,5000
68256,10,0
68257,10,0
68258,10,20000
68259,10,0
68260,10,20000
68261,10,10000
68262,10,0
68263,10,0
68264,10,50000
68265,10,5000
68266,10,50000
68267,10,20000
68268,10,30000
68269,10,20000
68270,10,0
68271,10,0
68272,10,0
68273,10,30000
68274,10,40000
68275,10,5000
68276,10,10000
68277,10,0
68278,10,50000
68279,10,20000
68280,10,10000
68281,10,50000
68282,10,20000
68283,10,10000
68284,10,30000
68285,10,0
68286,10,0
68287,10,0
68288,10,10000
68289,10,40000
68290,10,0
68291,10,10000
68292,10,50000
68293,10,0
68294,10,50000
68295,10,20000
68296,10,0
68297,10,10000
68298,10,0
68299,10,30000
68300,10,5000
68301,10,5000
68302,10,40000
68303,10,50000
68304,10,40000
68305,10,40000
68306,10,50000
68307,10,30000
68308,10,5000
68309,10,5000
68310,10,10000
68311,10,0
68312,10,30000
68313,10,10000
68314,10,30000
68315,10,5000
68316,10,10000
68317,10,10000
68318,10,50000
68319,10,20000
68320,10,20000
68321,10,0
68322,10,30000
68323,10,0
68324,10,40000
68325,10,0
68326,10,10000
68327,10,50000
68328,10,0
68329,10,40000
68330,10,30000
68331,10,10000
68332,10,10000
68333,10,20000
68334,10,50000
68335,10,0
68336,10,0
68337,10,20000
68338,10,30000
68339,10,0
68340,10,50000
68341,10,0
68342,10,0
68343,10,0
68344,10,40000
68345,10,0
68346,10,30000
68347,10,5000
68348,10,50000
68349,10,30000
68350,10,50000
68351,10,50000
68352,10,30000
68353,10,0
68354,10,0
68355,10,0
68356,10,40000
68357,10,50000
68358,10,20000
68359,10,50000
68360,10,20000
68361,10,30000
68362,10,30000
68363,10,30000
68364,10,30000
68365,10,0
68366,10,0
68367,10,30000
68368,10,5000
68369,10,50000
68370,10,50000
68371,10,0
68372,10,20000
68373,10,30000
68374,10,0
68375,10,20000
68376,10,5000
68377,10,0
68378,10,20000
68379,10,50000
68380,10,0
68381,10,20000
68382,10,40000
68383,10,30000
68384,10,20000
68385,10,5000
68386,10,0
68387,10,50000
68388,10,0
68389,10,5000
68390,10,20000
68391,10,30000
68392,10,30000
68393,10,50000
68394,10,20000
68395,10,50000
68396,10,40000
68397,10,0
68398,10,20000
68399,10,50000
68400,10,10000
68401,10,10000
68402,10,0
68403,10,0
68404,10,30000
68405,10,30000
68406,10,5000
68407,10,10000
68408,10,0
68409,10,0
68410,10,0
68411,10,50000
68412,10,40000
68413,10,10000
68414,10,5000
68415,10,30000
68416,10,0
68417,10,0
68418,10,40000
68419,10,20000
68420,10,30000
68421,10,0
68422,10,30000
68423,10,40000
68424,10,30000
68425,10,0
68426,10,10000
68427,10,5000
68428,10,0
68429,10,10000
68430,10,30000
68431,10,20000
68432,10,0
68433,10,30000
68434,10,50000
68435,10,20000
68436,10,50000
68437,10,30000
68438,10,10000
68439,10,40000
68440,10,0
68441,10,0
68442,10,30000
68443,10,0
68444,10,20000
68445,10,50000
68446,10,5000
68447,10,5000
68448,10,30000
68449,10,20000
68450,10,50000
68451,10,20000
68452,10,40000
68453,10,30000
68454,10,0
68455,10,10000
68456,10,0
68457,10,20000
68458,10,30000
68459,10,5000
68460,10,40000
68461,10,0
68462,10,30000
68463,10,20000
68464,10,5000
68465,10,30000
68466,10,50000
68467,10,0
68468,10,40000
68469,10,30000
68470,10,30000
68471,10,20000
68472,10,30000
68473,10,30000
68474,10,10000
68475,10,0
68476,10,0
68477,10,10000
68478,10,0
68479,10,0
68480,10,20000
68481,10,10000
68482,10,20000
68483,10,5000
68484,10,10000
68485,10,0
68486,10,10000
68487,10,10000
68488,10,30000
68489,10,30000
68490,10,0
68491,10,40000
68492,10,0
68493,10,0
68494,10,20000
68495,10,50000
68496,10,50000
68497,10,50000
68498,10,40000
68499,10,0
68500,10,0
68501,10,50000
68502,10,40000
68503,10,20000
68504,10,40000
68505,10,40000
68506,10,0
68507,10,0
68508,10,0
68509,10,40000
68510,10,40000
68511,10,0
68512,10,50000
68513,10,30000
68514,10,5000
68515,10,0
68516,10,10000
68517,10,10000
68518,10,5000
68519,10,5000
68520,10,0
68521,10,0
68522,10,0
68523,10,20000
68524,10,50000
68525,10,20000
68526,10,20000
68527,10,10000
68528,10,50000
68529,10,40000
68530,10,10000
68531,10,30000
68532,10,5000
68533,10,10000
68534,10,30000
68535,10,20000
68536,10,0
68537,10,20000
68538,10,0
68539,10,50000
68540,10,20000
68541,10,0
68542,10,40000
68543,10,0
68544,10,30000
68545,10,40000
68546,10,10000
68547,10,50000
68548,10,10000
68549,10,0
68550,10,5000
68551,10,0
68552,10,20000
68553,10,50000
68554,10,50000
68555,10,30000
68556,10,0
68557,10,50000
68558,10,0
68559,10,0
68560,10,30000
68561,10,0
68562,10,10000
68563,10,5000
68564,10,0
68565,10,50000
68566,10,20000
68567,10,0
68568,10,5000
68569,10,10000
68570,10,5000
68571,10,30000
68572,10,5000
68573,10,30000
68574,10,0
68575,10,0
68576,10,30000
68577,10,0
68578,10,30000
68579,10,30000
68580,10,30000
68581,10,0
68582,10,50000
68583,10,5000
68584,10,50000
68585,10,20000
68586,10,50000
68587,10,5000
68588,10,5000
68589,10,0
68590,10,0
68591,10,0
68592,10,50000
68593,10,0
68594,10,40000
68595,10,50000
68596,10,30000
68597,10,0
68598,10,0
68599,10,20000
68600,10,40000
68601,10,50000
68602,10,20000
68603,10,5000
68604,10,50000
68605,10,5000
68606,10,10000
68607,10,40000
68608,10,30000
68609,10,20000
68610,10,0
68611,10,20000
68612,10,0
68613,10,0
68614,10,0
68615,10,30000
68616,10,0
68617,10,30000
68618,10,30000
68619,10,10000
68620,10,0
68621,10,0
68622,10,20000
68623,10,10000
68624,10,30000
68625,10,40000
68626,10,40000
68627,10,0
68628,10,20000
68629,10,10000
68630,10,50000
68631,10,20000
68632,10,0
68633,10,40000
68634,10,10000
68635,10,0
68636,10,5000
68637,10,50000
68638,10,10000
68639,10,50000
68640,10,30000
68641,10,20000
68642,10,40000
68643,10,40000
68644,10,50000
68645,10,40000
68646,10,0
68647,10,0
68648,10,10000
68649,10,20000
68650,10,20000
68651,10,40000
68652,10,20000
68653,10,20000
68654,10,0
68655,10,50000
68656,10,20000
68657,10,5000
68658,10,5000
68659,10,0
68660,10,40000
68661,10,20000
68662,10,20000
68663,10,50000
68664,10,20000
68665,10,10000
68666,10,0
68667,10,20000
68668,10,30000
68669,10,10000
68670,10,30000
68671,10,0
68672,10,50000
68673,10,5000
68674,10,5000
68675,10,10000
68676,10,5000
68677,10,20000
68678,10,20000
68679,10,30000
68680,10,20000
68681,10,0
68682,10,30000
68683,10,5000
68684,10,30000
68685,10,30000
68686,10,30000
68687,10,0
68688,10,20000
68689,10,0
68690,10,30000
68691,10,5000
68692,10,20000
68693,10,50000
68694,10,0
68695,10,0
68696,10,50000
68697,10,20000
68698,10,40000
68699,10,0
68700,10,50000
68701,10,0
68702,10,10000
68703,10,5000
68704,10,20000
68705,10,0
68706,10,50000
68707,10,10000
68708,10,5000
68709,10,20000
68710,10,20000
68711,10,20000
68712,10,0
68713,10,20000
68714,10,20000
68715,10,0
68716,10,0
68717,10,20000
68718,10,10000
68719,10,5000
68720,10,30000
68721,10,0
68722,10,50000
68723,10,10000
68724,10,20000
68725,10,40000
68726,10,0
68727,10,5000
68728,10,0
68729,10,20000
68730,10,30000
68731,10,0
68732,10,0
68733,10,5000
68734,10,0
68735,10,0
68736,10,20000
68737,10,50000
68738,10,0
68739,10,10000
68740,10,20000
68741,10,0
68742,10,40000
68743,10,50000
68744,10,10000
68745,10,50000
68746,10,5000
68747,10,10000
68748,10,0
68749,10,5000
68750,10,30000
68751,10,30000
68752,10,40000
68753,10,30000
68754,10,40000
68755,10,10000
68756,10,10000
68757,10,40000
68758,10,50000
68759,10,0
68760,10,50000
68761,10,30000
68762,10,10000
68763,10,50000
68764,10,50000
68765,10,10000
68766,10,0
68767,10,20000
68768,10,50000
68769,10,0
68770,10,0
68771,10,5000
68772,10,0
68773,10,30000
68774,10,0
68775,10,5000
68776,10,40000
68777,10,0
68778,10,0
68779,10,30000
68780,10,20000
68781,10,30000
68782,10,10000
68783,10,30000
68784,10,50000
68785,10,0
68786,10,30000
68787,10,50000
68788,10,0
68789,10,20000
68790,10,50000
68791,10,0
68792,10,20000
68793,10,30000
68794,10,5000
68795,10,50000
68796,10,20000
68797,10,0
68798,10,5000
68799,10,40000
68800,10,0
68801,10,40000
68802,10,50000
68803,10,50000
68804,10,20000
68805,10,0
68806,10,20000
68807,10,20000
68808,10,50000
68809,10,5000
68810,10,20000
68811,10,50000
68812,10,10000
68813,10,0
68814,10,20000
68815,10,30000
68816,10,50000
68817,10,5000
68818,10,10000
68819,10,0
68820,10,40000
68821,10,0
68822,10,20000
68823,10,0
68824,10,20000
68825,10,20000
68826,10,0
68827,10,0
68828,10,10000
68829,10,0
68830,10,0
68831,10,50000
68832,10,30000
68833,10,0
68834,10,10000
68835,10,5000
68836,10,10000
68837,10,0
68838,10,20000
68839,10,20000
68840,10,50000
68841,10,5000
68842,10,30000
68843,10,30000
68844,10,0
68845,10,0
68846,10,30000
68847,10,20000
68848,10,0
68849,10,50000
68850,10,10000
68851,10,20000
68852,10,30000
68853,10,0
68854,10,0
68855,10,20000
68856,10,40000
68857,10,30000
68858,10,30000
68859,10,0
68860,10,20000
68861,10,0
68862,10,50000
68863,10,20000
68864,10,0
68865,10,40000
68866,10,0
68867,10,30000
68868,10,40000
68869,10,20000
68870,10,20000
68871,10,20000
68872,10,0
68873,10,50000
68874,10,10000
68875,10,0
68876,10,20000
68877,10,0
68878,10,40000
68879,10,50000
68880,10,5000
68881,10,5000
68882,10,0
68883,10,0
68884,10,5000
68885,10,20000
68886,10,0
68887,10,30000
68888,10,20000
68889,10,5000
68890,10,0
68891,10,20000
68892,10,10000
68893,10,20000
68894,10,10000
68895,10,20000
68896,10,40000
68897,10,30000
68898,10,5000
68899,10,0
68900,10,0
68901,10,5000
68902,10,5000
68903,10,0
68904,10,30000
68905,10,30000
68906,10,0
68907,10,40000
68908,10,20000
68909,10,40000
68910,10,10000
68911,10,0
68912,10,5000
68913,10,0
68914,10,0
68915,10,10000
68916,10,0
68917,10,20000
68918,10,50000
68919,10,30000
68920,10,5000
68921,10,40000
68922,10,20000
68923,10,50000
68924,10,10000
68925,10,20000
68926,10,0
68927,10,0
68928,10,20000
68929,10,20000
68930,10,10000
68931,10,50000
68932,10,0
68933,10,0
68934,10,0
68935,10,0
68936,10,10000
68937,10,20000
68938,10,50000
68939,10,0
68940,10,0
68941,10,0
68942,10,0
68943,10,10000
68944,10,10000
68945,10,0
68946,10,0
68947,10,50000
68948,10,5000
68949,10,20000
68950,10,0
68951,10,50000
68952,10,10000
68953,10,0
68954,10,20000
68955,10,10000
68956,10,10000
68957,10,10000
68958,10,10000
68959,10,20000
68960,10,30000
68961,10,0
68962,10,50000
68963,10,50000
68964,10,0
68965,10,0
68966,10,30000
68967,10,10000
68968,10,0
68969,10,10000
68970,10,40000
68971,10,5000
68972,10,40000
68973,10,30000
68974,10,30000
68975,10,20000
68976,10,10000
68977,10,50000
68978,10,5000
68979,10,20000
68980,10,20000
68981,10,5000
68982,10,20000
68983,10,30000
68984,10,10000
68985,10,5000
68986,10,10000
68987,10,0
68988,10,40000
68989,10,5000
68990,10,0
68991,10,50000
68992,10,20000
68993,10,20000
68994,10,50000
68995,10,10000
68996,10,30000
68997,10,0
68998,10,0
68999,10,0
69000,10,5000
69001,10,40000
69002,10,5000
69003,10,30000
69004,10,30000
69005,10,0
69006,10,0
69007,10,5000
69008,10,20000
69009,10,5000
69010,10,10000
69011,10,50000
69012,10,10000
69013,10,20000
69014,10,5000
69015,10,30000
69016,10,30000
69017,10,0
69018,10,20000
69019,10,20000
69020,10,40000
69021,10,30000
69022,10,5000
69023,10,40000
69024,10,50000
69025,10,10000
69026,10,30000
69027,10,0
69028,10,40000
69029,10,10000
69030,10,50000
69031,10,0
69032,10,0
69033,10,5000
69034,10,0
69035,10,0
69036,10,0
69037,10,10000
69038,10,0
69039,10,10000
69040,10,50000
69041,10,30000
69042,10,5000
69043,10,0
69044,10,30000
69045,10,0
69046,10,20000
69047,10,0
69048,10,5000
69049,10,20000
69050,10,20000
69051,10,30000
69052,10,0
69053,10,40000
69054,10,20000
69055,10,20000
69056,10,10000
69057,10,30000
69058,10,30000
69059,10,50000
69060,10,40000
69061,10,0
69062,10,5000
69063,10,40000
69064,10,0
69065,10,40000
69066,10,10000
69067,10,5000
69068,10,20000
69069,10,0
69070,10,0
69071,10,30000
69072,10,5000
69073,10,0
69074,10,5000
69075,10,0
69076,10,0
69077,10,10000
69078,10,20000
69079,10,10000
69080,10,5000
69081,10,0
69082,10,40000
69083,10,5000
69084,10,5000
69085,10,0
69086,10,50000
69087,10,20000
69088,10,5000
69089,10,40000
69090,10,10000
69091,10,30000
69092,10,40000
69093,10,10000
69094,10,10000
69095,10,0
69096,10,0
69097,10,50000
69098,10,0
69099,10,0
69100,10,30000
69101,10,10
69102,10,30000
69103,10,20000
69104,10,10000
69105,10,20000
69106,10,20000
69107,10,20000
69108,10,0
69109,10,0
69110,10,0
69111,10,30000
69112,10,20000
69113,10,10000
69114,10,30000
69115,10,40000
69116,10,40000
69117,10,50000
69118,10,10000
69119,10,20000
69120,10,20000
69121,10,40000
69122,10,40000
69123,10,50000
69124,10,50000
69125,10,0
69126,10,0
69127,10,5000
69128,10,0
69129,10,0
69130,10,50000
69131,10,0
69132,10,0
69133,10,20000
69134,10,0
69135,10,0
69136,10,5000
69137,10,10000
69138,10,20000
69139,10,10000
69140,10,40000
69141,10,5000
69142,10,30000
69143,10,20000
69144,10,20000
69145,10,5000
69146,10,10000
69147,10,30000
69148,10,40000
69149,10,5000
69150,10,0
69151,10,0
69152,10,10000
69153,10,5000
69154,10,10000
69155,10,20000
69156,10,50000
69157,10,20000
69158,10,40000
69159,10,40000
69160,10,50000
69161,10,50000
69162,10,5000
69163,10,0
69164,10,5000
69165,10,30000
69166,10,30000
69167,10,20000
69168,10,0
69169,10,10000
69170,10,5000
69171,10,20000
69172,10,30000
69173,10,5000
69174,10,40000
69175,10,5000
69176,10,40000
69177,10,30000
69178,10,20000
69179,10,5000
69180,10,10000
69181,10,5000
69182,10,20000
69183,10,0
69184,10,5000
69185,10,50000
69186,10,40000
69187,10,5000
69188,10,0
69189,10,40000
69190,10,30000
69191,10,0
69192,10,30000
69193,10,0
69194,10,20000
69195,10,10000
69196,10,40000
69197,10,40000
69198,10,5000
69199,10,50000
69200,10,40000
69201,10,50000
69202,10,40000
69203,10,30000
69204,10,30000
69205,10,30000
69206,10,0
69207,10,10000
69208,10,10000
69209,10,20000
69210,10,50000
69211,10,50000
69212,10,5000
69213,10,0
69214,10,10000
69215,10,0
69216,10,50000
69217,10,40000
69218,10,5000
69219,10,30000
69220,10,0
69221,10,30000
69222,10,10000
69223,10,30000
69224,10,30000
69225,10,30000
69226,10,20000
69227,10,5000
69228,10,20000
69229,10,20000
69230,10,50000
69231,10,0
69232,10,30000
69233,10,30000
69234,10,20000
69235,10,50000
69236,10,10000
69237,10,30000
69238,10,20000
69239,10,0
69240,10,0
69241,10,50000
69242,10,20000
69243,10,50000
69244,10,50000
69245,10,30000
69246,10,50000
69247,10,10000
69248,10,20000
69249,10,30000
69250,10,5000
69251,10,0
69252,10,50000
69253,10,5000
69254,10,0
69255,10,30000
69256,10,40000
69257,10,30000
69258,10,0
69259,10,0
69260,10,50000
69261,10,0
69262,10,20000
69263,10,0
69264,10,50000
69265,10,50000
69266,10,40000
69267,10,0
69268,10,40000
69269,10,5000
69270,10,0
69271,10,20000
69272,10,30000
69273,10,5000
69274,10,30000
69275,10,0
69276,10,5000
69277,10,0
69278,10,20000
69279,10,0
69280,10,0
69281,10,50000
69282,10,0
69283,10,5000
69284,10,5000
69285,10,30000
69286,10,5000
69287,10,20000
69288,10,10
69289,10,30000
69290,10,20000
69291,10,50000
69292,10,0
69293,10,10000
69294,10,0
69295,10,30000
69296,10,20000
69297,10,20000
69298,10,30000
69299,10,30000
69300,10,0
69301,10,50000
69302,10,0
69303,10,50000
69304,10,0
69305,10,10000
69306,10,20000
69307,10,0
69308,10,0
69309,10,0
69310,10,0
69311,10,10000
69312,10,30000
69313,10,50000
69314,10,5000
69315,10,0
69316,10,0
69317,10,0
69318,10,5000
69319,10,10000
69320,10,0
69321,10,40000
69322,10,0
69323,10,0
69324,10,40000
69325,10,40000
69326,10,30000
69327,10,0
69328,10,20000
69329,10,0
69330,10,0
69331,10,0
69332,10,40000
69333,10,20000
69334,10,5000
69335,10,20000
69336,10,40000
69337,10,0
69338,10,20000
69339,10,30000
69340,10,30000
69341,10,10000
69342,10,10000
69343,10,30000
69344,10,40000
69345,10,10000
69346,10,10000
69347,10,0
69348,10,10000
69349,10,10000
69350,10,0
69351,10,5000
69352,10,30000
69353,10,10000
69354,10,30000
69355,10,20000
69356,10,10000
69357,10,20000
69358,10,20000
69359,10,40000
69360,10,0
69361,10,0
69362,10,30000
69363,10,20000
69364,10,30000
69365,10,30000
69366,10,5000
69367,10,40000
69368,10,20000
69369,10,30000
69370,10,20000
69371,10,20000
69372,10,20000
69373,10,30000
69374,10,50000
69375,10,0
69376,10,0
69377,10,40000
69378,10,30000
69379,10,0
69380,10,40000
69381,10,20000
69382,10,40000
69383,10,20000
69384,10,0
69385,10,5000
69386,10,50000
69387,10,5000
69388,10,20000
69389,10,10000
69390,10,5000
69391,10,0
69392,10,5000
69393,10,50000
69394,10,30000
69395,10,0
69396,10,0
69397,10,50000
69398,10,0
69399,10,0
69400,10,0
69401,10,0
69402,10,10000
69403,10,40000
69404,10,10000
69405,10,0
69406,10,50000
69407,10,0
69408,10,50000
69409,10,20000
69410,10,5000
69411,10,30000
69412,10,50000
69413,10,30000
69414,10,20000
69415,10,50000
69416,10,0
69417,10,10000
69418,10,0
69419,10,50000
69420,10,20000
69421,10,50000
69422,10,50000
69423,10,30000
69424,10,40000
69425,10,5000
69426,10,0
69427,10,0
69428,10,50000
69429,10,0
69430,10,30000
69431,10,30000
69432,10,50000
69433,10,20000
69434,10,0
69435,10,0
69436,10,20000
69437,10,0
69438,10,40000
69439,10,50000
69440,10,10000
69441,10,30000
69442,10,30000
69443,10,5000
69444,10,0
69445,10,20000
69446,10,10000
69447,10,20000
69448,10,50000
69449,10,0
69450,10,20000
69451,10,5000
69452,10,50000
69453,10,40000
69454,10,0
69455,10,50000
69456,10,30000
69457,10,0
69458,10,0
69459,10,0
69460,10,0
69461,10,40000
69462,10,0
69463,10,10000
69464,10,0
69465,10,0
69466,10,50000
69467,10,30000
69468,10,30000
69469,10,30000
69470,10,40000
69471,10,10000
69472,10,20000
69473,10,40000
69474,10,20000
69475,10,50000
69476,10,0
69477,10,20000
69478,10,0
69479,10,20000
69480,10,0
69481,10,50000
69482,10,0
69483,10,50000
69484,10,40000
69485,10,5000
69486,10,0
69487,10,20000
69488,10,40000
69489,10,30000
69490,10,20000
69491,10,0
69492,10,40000
69493,10,40000
69494,10,0
69495,10,30000
69496,10,40000
69497,10,0
69498,10,10000
69499,10,5000
69500,10,10000
69501,10,20000
69502,10,40000
69503,10,50000
69504,10,0
69505,10,30000
69506,10,20000
69507,10,10
69508,10,50000
69509,10,30000
69510,10,5000
69511,10,0
69512,10,20000
69513,10,0
69514,10,30000
69515,10,0
69516,10,30000
69517,10,50000
69518,10,30000
69519,10,20000
69520,10,20000
69521,10,50000
69522,10,20000
69523,10,0
69524,10,30000
69525,10,20000
69526,10,0
69527,10,20000
69528,10,10000
69529,10,40000
69530,10,20000
69531,10,50000
69532,10,10000
69533,10,10
69534,10,5000
69535,10,10000
69536,10,10000
69537,10,5000
69538,10,0
69539,10,30000
69540,10,10
69541,10,0
69542,10,40000
69543,10,0
69544,10,5000
69545,10,20000
69546,10,30000
69547,10,30000
69548,10,0
69549,10,50000
69550,10,0
69551,10,5000
69552,10,50000
69553,10,5000
69554,10,40000
69555,10,40000
69556,10,0
69557,10,30000
69558,10,50000
69559,10,30000
69560,10,10000
69561,10,50000
69562,10,50000
69563,10,0
69564,10,30000
69565,10,10000
69566,10,0
69567,10,20000
69568,10,10000
69569,10,20000
69570,10,0
69571,10,30000
69572,10,40000
69573,10,5000
69574,10,50000
69575,10,20000
69576,10,20000
69577,10,20000
69578,10,40000
69579,10,50000
69580,10,5000
69581,10,30000
69582,10,50000
69583,10,10000
69584,10,30000
69585,10,20000
69586,10,5000
69587,10,10000
69588,10,50000
69589,10,10000
69590,10,50000
69591,10,0
69592,10,0
69593,10,0
69594,10,0
69595,10,0
69596,10,30000
69597,10,20000
69598,10,0
69599,10,20000
69600,10,50000
69601,10,50000
69602,10,30000
69603,10,0
69604,10,0
69605,10,0
69606,10,10000
69607,10,0
69608,10,10000
69609,10,10000
69610,10,30000
69611,10,30000
69612,10,20000
69613,10,0
69614,10,40000
69615,10,40000
69616,10,5000
69617,10,20000
69618,10,30000
69619,10,0
69620,10,5000
69621,10,0
69622,10,0
69623,10,5000
69624,10,10000
69625,10,20000
69626,10,20000
69627,10,30000
69628,10,0
69629,10,5000
69630,10,10000
69631,10,0
69632,10,30000
69633,10,0
69634,10,50000
69635,10,20000
69636,10,0
69637,10,0
69638,10,10000
69639,10,5000
69640,10,5000
69641,10,20000
69642,10,5000
69643,10,0
69644,10,20000
69645,10,30000
69646,10,50000
69647,10,30000
69648,10,30000
69649,10,50000
69650,10,5000
69651,10,30000
69652,10,0
69653,10,30000
69654,10,0
69655,10,10000
69656,10,0
69657,10,0
69658,10,0
69659,10,0
69660,10,20000
69661,10,0
69662,10,20000
69663,10,20000
69664,10,0
69665,10,10000
69666,10,5000
69667,10,0
69668,10,0
69669,10,20000
69670,10,20000
69671,10,50000
69672,10,40000
69673,10,30000
69674,10,5000
69675,10,30000
69676,10,20000
69677,10,5000
69678,10,0
69679,10,20000
69680,10,20000
69681,10,0
69682,10,5000
69683,10,20000
69684,10,50000
69685,10,5000
69686,10,50000
69687,10,20000
69688,10,30000
69689,10,0
69690,10,30000
69691,10,0
69692,10,40000
69693,10,30000
69694,10,10000
69695,10,30000
69696,10,30000
69697,10,0
69698,10,0
69699,10,50000
69700,10,10000
69701,10,50000
69702,10,5000
69703,10,50000
69704,10,50000
69705,10,5000
69706,10,40000
69707,10,10
69708,10,20000
69709,10,0
69710,10,0
69711,10,50000
69712,10,30000
69713,10,40000
69714,10,50000
69715,10,0
69716,10,10000
69717,10,40000
69718,10,0
69719,10,20000
69720,10,50000
69721,10,40000
69722,10,0
69723,10,5000
69724,10,20000
69725,10,20000
69726,10,20000
69727,10,30000
69728,10,30000
69729,10,10000
69730,10,20000
69731,10,20000
69732,10,40000
69733,10,30000
69734,10,50000
69735,10,30000
69736,10,5000
69737,10,30000
69738,10,50000
69739,10,0
69740,10,0
69741,10,20000
69742,10,5000
69743,10,5000
69744,10,20000
69745,10,0
69746,10,10000
69747,10,30000
69748,10,5000
69749,10,10000
69750,10,0
69751,10,5000
69752,10,20000
69753,10,0
69754,10,0
69755,10,30000
69756,10,50000
69757,10,0
69758,10,50000
69759,10,30000
69760,10,30000
69761,10,40000
69762,10,20000
69763,10,50000
69764,10,40000
69765,10,0
69766,10,20000
69767,10,40000
69768,10,10000
69769,10,0
69770,10,5000
69771,10,30000
69772,10,5000
69773,10,0
69774,10,0
69775,10,30000
69776,10,0
69777,10,5000
69778,10,0
69779,10,20000
69780,10,5000
69781,10,30000
69782,10,10000
69783,10,20000
69784,10,20000
69785,10,0
69786,10,50000
69787,10,10000
69788,10,20000
69789,10,20000
69790,10,40000
69791,10,40000
69792,10,20000
69793,10,0
69794,10,30000
69795,10,0
69796,10,20000
69797,10,40000
69798,10,0
69799,10,40000
69800,10,50000
69801,10,20000
69802,10,50000
69803,10,40000
69804,10,0
69805,10,0
69806,10,0
69807,10,0
69808,10,0
69809,10,0
69810,10,10000
69811,10,0
69812,10,0
69813,10,0
69814,10,30000
69815,10,0
69816,10,40000
69817,10,30000
69818,10,0
69819,10,20000
69820,10,0
69821,10,30000
69822,10,50000
69823,10,10000
69824,10,0
69825,10,50000
69826,10,5000
69827,10,0
69828,10,10000
69829,10,20000
69830,10,10000
69831,10,20000
69832,10,0
69833,10,50000
69834,10,0
69835,10,30000
69836,10,0
69837,10,0
69838,10,0
69839,10,5000
69840,10,5000
69841,10,50000
69842,10,0
69843,10,30000
69844,10,50000
69845,10,0
69846,10,10000
69847,10,20000
69848,10,50000
69849,10,50000
69850,10,0
69851,10,50000
69852,10,40000
69853,10,0
69854,10,30000
69855,10,5000
69856,10,30000
69857,10,0
69858,10,20000
69859,10,10000
69860,10,30000
69861,10,20000
69862,10,0
69863,10,50000
69864,10,0
69865,10,0
69866,10,30000
69867,10,10
69868,10,40000
69869,10,40000
69870,10,20000
69871,10,30000
69872,10,5000
69873,10,40000
69874,10,20000
69875,10,0
69876,10,40000
69877,10,5000
69878,10,20000
69879,10,20000
69880,10,0
69881,10,20000
69882,10,0
69883,10,50000
69884,10,10000
69885,10,0
69886,10,0
69887,10,50000
69888,10,5000
69889,10,10000
69890,10,5000
69891,10,0
69892,10,30000
69893,10,0
69894,10,0
69895,10,5000
69896,10,10000
69897,10,20000
69898,10,0
69899,10,30000
69900,10,0
69901,10,0
69902,10,0
69903,10,5000
69904,10,20000
69905,10,30000
69906,10,50000
69907,10,50000
69908,10,50000
69909,10,20000
69910,10,50000
69911,10,10000
69912,10,20000
69913,10,0
69914,10,10000
69915,10,10000
69916,10,20000
69917,10,50000
69918,10,30000
69919,10,50000
69920,10,40000
69921,10,0
69922,10,0
69923,10,30000
69924,10,0
69925,10,20000
69926,10,30000
69927,10,5000
69928,10,20000
69929,10,0
69930,10,30000
69931,10,50000
69932,10,10000
69933,10,30000
69934,10,30000
69935,10,5000
69936,10,10000
69937,10,0
69938,10,50000
69939,10,40000
69940,10,0
69941,10,20000
69942,10,20000
69943,10,10000
69944,10,20000
69945,10,50000
69946,10,30000
69947,10,20000
69948,10,30000
69949,10,20000
69950,10,0
69951,10,0
69952,10,50000
69953,10,0
69954,10,5000
69955,10,30000
69956,10,0
69957,10,30000
69958,10,50000
69959,10,0
69960,10,0
69961,10,5000
69962,10,20000
69963,10,50000
69964,10,40000
69965,10,20000
69966,10,10000
69967,10,0
69968,10,10000
69969,10,0
69970,10,50000
69971,10,0
69972,10,30000
69973,10,5000
69974,10,10000
69975,10,0
69976,10,5000
69977,10,30000
69978,10,40000
69979,10,50000
69980,10,5000
69981,10,30000
69982,10,0
69983,10,0
69984,10,0
69985,10,5000
69986,10,0
69987,10,50000
69988,10,30000
69989,10,0
69990,10,20000
69991,10,40000
69992,10,10000
69993,10,30000
69994,10,0
69995,10,0
69996,10,50000
69997,10,0
69998,10,0
69999,10,20000
70000,10,30000
70001,10,0
70002,10,0
70003,10,5000
70004,10,40000
70005,10,30000
70006,10,20000
70007,10,0
70008,10,5000
70009,10,0
70010,10,30000
70011,10,0
70012,10,20000
70013,10,0
70014,10,50000
70015,10,0
70016,10,5000
70017,10,0
70018,10,50000
70019,10,30000
70020,10,5000
70021,10,40000
70022,10,50000
70023,10,30000
70024,10,30000
70025,10,0
70026,10,20000
70027,10,30000
70028,10,0
70029,10,0
70030,10,5000
70031,10,0
70032,10,5000
70033,10,20000
70034,10,40000
70035,10,20000
70036,10,30000
70037,10,30000
70038,10,0
70039,10,30000
70040,10,5000
70041,10,40000
70042,10,10000
70043,10,50000
70044,10,0
70045,10,10000
70046,10,5000
70047,10,0
70048,10,30000
70049,10,0
70050,10,0
70051,10,20000
70052,10,0
70053,10,30000
70054,10,20000
70055,10,0
70056,10,30000
70057,10,30000
70058,10,0
70059,10,10000
70060,10,20000
70061,10,0
70062,10,40000
70063,10,5000
70064,10,50000
70065,10,0
70066,10,0
70067,10,5000
70068,10,30000
70069,10,30000
70070,10,40000
70071,10,50000
70072,10,40000
70073,10,30000
70074,10,40000
70075,10,0
70076,10,0
70077,10,30000
70078,10,50000
70079,10,50000
70080,10,50000
70081,10,40000
70082,10,10000
70083,10,0
70084,10,0
70085,10,20000
70086,10,0
70087,10,50000
70088,10,50000
70089,10,0
70090,10,0
70091,10,0
70092,10,20000
70093,10,5000
70094,10,20000
70095,10,50000
70096,10,5000
70097,10,5000
70098,10,0
70099,10,0
70100,10,40000
70101,10,0
70102,10,40000
70103,10,30000
70104,10,5000
70105,10,0
70106,10,0
70107,10,0
70108,10,30000
70109,10,5000
70110,10,50000
70111,10,5000
70112,10,0
70113,10,0
70114,10,0
70115,10,30000
70116,10,30000
70117,10,20000
70118,10,0
70119,10,10000
70120,10,50000
70121,10,30000
70122,10,5000
70123,10,50000
70124,10,0
70125,10,10000
70126,10,10000
70127,10,30000
70128,10,10000
70129,10,30000
70130,10,20000
70131,10,50000
70132,10,40000
70133,10,50000
70134,10,10000
70135,10,50000
70136,10,0
70137,10,50000
70138,10,40000
70139,10,40000
70140,10,0
70141,10,20000
70142,10,5000
70143,10,50000
70144,10,30000
70145,10,0
70146,10,50000
70147,10,30000
70148,10,50000
70149,10,20000
70150,10,50000
70151,10,10000
70152,10,40000
70153,10,0
70154,10,0
70155,10,30000
70156,10,0
70157,10,10000
70158,10,30000
70159,10,0
70160,10,0
70161,10,0
70162,10,40000
70163,10,50000
70164,10,20000
70165,10,40000
70166,10,10000
70167,10,30000
70168,10,5000
70169,10,30000
70170,10,30000
70171,10,50000
70172,10,0
70173,10,0
70174,10,0
70175,10,20000
70176,10,50000
70177,10,30000
70178,10,40000
70179,10,10000
70180,10,10000
70181,10,50000
70182,10,0
70183,10,30000
70184,10,0
70185,10,20000
70186,10,20000
70187,10,50000
70188,10,30000
70189,10,0
70190,10,0
70191,10,20000
70192,10,20000
70193,10,30000
70194,10,20000
70195,10,10
70196,10,5000
70197,10,0
70198,10,30000
70199,10,50000
70200,10,40000
70201,10,20000
70202,10,10000
70203,10,30000
70204,10,0
70205,10,0
70206,10,40000
70207,10,5000
70208,10,10000
70209,10,0
70210,10,10000
70211,10,20000
70212,10,5000
70213,10,50000
70214,10,0
70215,10,50000
70216,10,10000
70217,10,50000
70218,10,40000
70219,10,20000
70220,10,5000
70221,10,20000
70222,10,0
70223,10,0
70224,10,20000
70225,10,20000
70226,10,30000
70227,10,0
70228,10,30000
70229,10,40000
70230,10,10000
70231,10,30000
70232,10,10000
70233,10,50000
70234,10,5000
70235,10,0
70236,10,0
70237,10,40000
70238,10,10000
70239,10,30000
70240,10,40000
70241,10,10000
70242,10,0
70243,10,10000
70244,10,20000
70245,10,0
70246,10,0
70247,10,0
70248,10,20000
70249,10,0
70250,10,0
70251,10,20000
70252,10,0
70253,10,10000
70254,10,5000
70255,10,40000
70256,10,50000
70257,10,30000
70258,10,30000
70259,10,20000
70260,10,0
70261,10,0
70262,10,20000
70263,10,20000
70264,10,50000
70265,10,0
70266,10,0
70267,10,50000
70268,10,0
70269,10,50000
70270,10,50000
70271,10,30000
70272,10,30000
70273,10,0
70274,10,20000
70275,10,0
70276,10,0
70277,10,20000
70278,10,30000
70279,10,30000
70280,10,40000
70281,10,30000
70282,10,40000
70283,10,5000
70284,10,5000
70285,10,50000
70286,10,0
70287,10,30000
70288,10,20000
70289,10,40000
70290,10,30000
70291,10,10000
70292,10,20000
70293,10,40000
70294,10,40000
70295,10,0
70296,10,20000
70297,10,40000
70298,10,50000
70299,10,30000
70300,10,50000
70301,10,0
70302,10,20000
70303,10,20000
70304,10,50000
70305,10,5000
70306,10,5000
70307,10,50000
70308,10,0
70309,10,20000
70310,10,0
70311,10,50000
70312,10,30000
70313,10,5000
70314,10,50000
70315,10,5000
70316,10,0
70317,10,10000
70318,10,5000
70319,10,50000
70320,10,40000
70321,10,0
70322,10,0
70323,10,30000
70324,10,40000
70325,10,40000
70326,10,30000
70327,10,0
70328,10,0
70329,10,20000
70330,10,10000
70331,10,40000
70332,10,5000
70333,10,0
70334,10,0
70335,10,0
70336,10,30000
70337,10,50000
70338,10,50000
70339,10,0
70340,10,10000
70341,10,30000
70342,10,20000
70343,10,0
70344,10,0
70345,10,0
70346,10,0
70347,10,0
70348,10,0
70349,10,0
70350,10,5000
70351,10,0
70352,10,50000
70353,10,50000
70354,10,10000
70355,10,0
70356,10,0
70357,10,10000
70358,10,40000
70359,10,20000
70360,10,30000
70361,10,0
70362,10,0
70363,10,5000
70364,10,50000
70365,10,40000
70366,10,0
70367,10,30000
70368,10,0
70369,10,50000
70370,10,10000
70371,10,50000
70372,10,5000
70373,10,10000
70374,10,20000
70375,10,50000
70376,10,30000
70377,10,50000
70378,10,30000
70379,10,30000
70380,10,20000
70381,10,0
70382,10,20000
70383,10,10000
70384,10,10000
70385,10,40000
70386,10,50000
70387,10,0
70388,10,30000
70389,10,5000
70390,10,30000
70391,10,0
70392,10,0
70393,10,50000
70394,10,5000
70395,10,30000
70396,10,0
70397,10,40000
70398,10,10000
70399,10,40000
70400,10,40000
70401,10,50000
70402,10,30000
70403,10,5000
70404,10,20000
70405,10,30000
70406,10,30000
70407,10,30000
70408,10,0
70409,10,0
70410,10,0
70411,10,30000
70412,10,5000
70413,10,5000
70414,10,0
70415,10,20000
70416,10,40000
70417,10,30000
70418,10,50000
70419,10,0
70420,10,20000
70421,10,50000
70422,10,5000
70423,10,5000
70424,10,30000
70425,10,30000
70426,10,5000
70427,10,0
70428,10,40000
70429,10,30000
70430,10,0
70431,10,50000
70432,10,20000
70433,10,0
70434,10,40000
70435,10,5000
70436,10,0
70437,10,40000
70438,10,0
70439,10,20000
70440,10,0
70441,10,20000
70442,10,20000
70443,10,30000
70444,10,5000
70445,10,5000
70446,10,20000
70447,10,50000
70448,10,5000
70449,10,0
70450,10,30000
70451,10,30000
70452,10,30000
70453,10,40000
70454,10,10000
70455,10,40000
70456,10,30000
70457,10,30000
70458,10,0
70459,10,10000
70460,10,50000
70461,10,0
70462,10,50000
70463,10,0
70464,10,50000
70465,10,10000
70466,10,40000
70467,10,30000
70468,10,30000
70469,10,30000
70470,10,0
70471,10,50000
70472,10,40000
70473,10,10000
70474,10,0
70475,10,0
70476,10,30000
70477,10,50000
70478,10,20000
70479,10,0
70480,10,30000
70481,10,50000
70482,10,0
70483,10,40000
70484,10,40000
70485,10,5000
70486,10,30000
70487,10,0
70488,10,0
70489,10,30000
70490,10,5000
70491,10,20000
70492,10,0
70493,10,20000
70494,10,50000
70495,10,30000
70496,10,50000
70497,10,20000
70498,10,0
70499,10,0
70500,10,0
70501,10,10000
70502,10,5000
70503,10,30000
70504,10,5000
70505,10,5000
70506,10,10000
70507,10,50000
70508,10,0
70509,10,40000
70510,10,30000
70511,10,30000
70512,10,30000
70513,10,0
70514,10,10000
70515,10,40000
70516,10,30000
70517,10,30000
70518,10,30000
70519,10,0
70520,10,0
70521,10,0
70522,10,30000
70523,10,5000
70524,10,0
70525,10,0
70526,10,40000
70527,10,0
70528,10,5000
70529,10,5000
70530,10,20000
70531,10,5000
70532,10,40000
70533,10,50000
70534,10,50000
70535,10,40000
70536,10,5000
70537,10,40000
70538,10,0
70539,10,0
70540,10,20000
70541,10,20000
70542,10,0
70543,10,0
70544,10,0
70545,10,0
70546,10,40000
70547,10,40000
70548,10,40000
70549,10,0
70550,10,0
70551,10,10000
70552,10,40000
70553,10,5000
70554,10,0
70555,10,10000
70556,10,30000
70557,10,50000
70558,10,40000
70559,10,40000
70560,10,40000
70561,10,30000
70562,10,10000
70563,10,50000
70564,10,50000
70565,10,0
70566,10,10000
70567,10,5000
70568,10,20000
70569,10,50000
70570,10,40000
70571,10,20000
70572,10,0
70573,10,5000
70574,10,0
70575,10,30000
70576,10,5000
70577,10,5000
70578,10,20000
70579,10,0
70580,10,20000
70581,10,50000
70582,10,50000
70583,10,5000
70584,10,50000
70585,10,40000
70586,10,0
70587,10,0
70588,10,0
70589,10,10000
70590,10,0
70591,10,0
70592,10,50000
70593,10,50000
70594,10,20000
70595,10,0
70596,10,0
70597,10,5000
70598,10,0
70599,10,0
70600,10,30000
70601,10,30000
70602,10,40000
70603,10,30000
70604,10,20000
70605,10,0
70606,10,0
70607,10,50000
70608,10,50000
70609,10,50000
70610,10,10000
70611,10,20000
70612,10,20000
70613,10,30000
70614,10,5000
70615,10,10000
70616,10,40000
70617,10,10000
70618,10,50000
70619,10,0
70620,10,0
70621,10,30000
70622,10,40000
70623,10,0
70624,10,0
70625,10,10000
70626,10,0
70627,10,0
70628,10,30000
70629,10,30000
70630,10,20000
70631,10,0
70632,10,5000
70633,10,50000
70634,10,50000
70635,10,5000
70636,10,5000
70637,10,5000
70638,10,0
70639,10,20000
70640,10,20000
70641,10,40000
70642,10,50000
70643,10,40000
70644,10,50000
70645,10,0
70646,10,20000
70647,10,20000
70648,10,30000
70649,10,0
70650,10,30000
70651,10,30000
70652,10,40000
70653,10,30000
70654,10,20000
70655,10,0
70656,10,20000
70657,10,0
70658,10,0
70659,10,5000
70660,10,10000
70661,10,40000
70662,10,30000
70663,10,20000
70664,10,0
70665,10,30000
70666,10,30000
70667,10,50000
70668,10,0
70669,10,0
70670,10,20000
70671,10,40000
70672,10,10000
70673,10,20000
70674,10,0
70675,10,0
70676,10,50000
70677,10,30000
70678,10,5000
70679,10,5000
70680,10,50000
70681,10,20000
70682,10,10000
70683,10,40000
70684,10,0
70685,10,20000
70686,10,10
70687,10,0
70688,10,40000
70689,10,0
70690,10,0
70691,10,0
70692,10,50000
70693,10,5000
70694,10,20000
70695,10,5000
70696,10,10000
70697,10,30000
70698,10,10000
70699,10,5000
70700,10,0
70701,10,40000
70702,10,40000
70703,10,20000
70704,10,30000
70705,10,0
70706,10,20000
70707,10,30000
70708,10,50000
70709,10,50000
70710,10,40000
70711,10,10000
70712,10,40000
70713,10,0
70714,10,40000
70715,10,0
70716,10,50000
70717,10,10000
70718,10,0
70719,10,20000
70720,10,0
70721,10,0
70722,10,10000
70723,10,30000
70724,10,5000
70725,10,5000
70726,10,20000
70727,10,5000
70728,10,30000
70729,10,50000
70730,10,20000
70731,10,5000
70732,10,30000
70733,10,30000
70734,10,0
70735,10,30000
70736,10,50000
70737,10,50000
70738,10,20000
70739,10,5000
70740,10,50000
70741,10,30000
70742,10,5000
70743,10,0
70744,10,30000
70745,10,0
70746,10,0
70747,10,30000
70748,10,20000
70749,10,20000
70750,10,20000
70751,10,10000
70752,10,20000
70753,10,40000
70754,10,0
70755,10,0
70756,10,50000
70757,10,0
70758,10,30000
70759,10,0
70760,10,30000
70761,10,30000
70762,10,20000
70763,10,5000
70764,10,50000
70765,10,0
70766,10,20000
70767,10,0
70768,10,0
70769,10,0
70770,10,10000
70771,10,10000
70772,10,30000
70773,10,20000
70774,10,30000
70775,10,40000
70776,10,30000
70777,10,5000
70778,10,10000
70779,10,30000
70780,10,20000
70781,10,30000
70782,10,0
70783,10,10000
70784,10,20000
70785,10,20000
70786,10,5000
70787,10,0
70788,10,20000
70789,10,40000
70790,10,30000
70791,10,5000
70792,10,40000
70793,10,30000
70794,10,0
70795,10,40000
70796,10,0
70797,10,5000
70798,10,0
70799,10,40000
70800,10,0
70801,10,0
70802,10,5000
70803,10,0
70804,10,50000
70805,10,50000
70806,10,0
70807,10,0
70808,10,30000
70809,10,30000
70810,10,40000
70811,10,10000
70812,10,40000
70813,10,10
70814,10,20000
70815,10,50000
70816,10,10000
70817,10,0
70818,10,10000
70819,10,50000
70820,10,5000
70821,10,20000
70822,10,30000
70823,10,20000
70824,10,20000
70825,10,40000
70826,10,0
70827,10,10000
70828,10,50000
70829,10,0
70830,10,40000
70831,10,50000
70832,10,5000
70833,10,0
70834,10,30000
70835,10,10000
70836,10,10000
70837,10,40000
70838,10,20000
70839,10,40000
70840,10,20000
70841,10,20000
70842,10,5000
70843,10,20000
70844,10,10000
70845,10,30000
70846,10,0
70847,10,0
70848,10,40000
70849,10,20000
70850,10,5000
70851,10,20000
70852,10,20000
70853,10,30000
70854,10,10000
70855,10,40000
70856,10,40000
70857,10,0
70858,10,10000
70859,10,50000
70860,10,10000
70861,10,0
70862,10,5000
70863,10,0
70864,10,40000
70865,10,10000
70866,10,5000
70867,10,0
70868,10,10000
70869,10,30000
70870,10,5000
70871,10,50000
70872,10,50000
70873,10,40000
70874,10,20000
70875,10,10000
70876,10,30000
70877,10,50000
70878,10,20000
70879,10,5000
70880,10,10000
70881,10,30000
70882,10,0
70883,10,50000
70884,10,5000
70885,10,20000
70886,10,0
70887,10,50000
70888,10,0
70889,10,0
70890,10,0
70891,10,10000
70892,10,0
70893,10,0
70894,10,0
70895,10,30000
70896,10,5000
70897,10,10000
70898,10,40000
70899,10,0
70900,10,20000
70901,10,10000
70902,10,40000
70903,10,20000
70904,10,50000
70905,10,20000
70906,10,40000
70907,10,0
70908,10,0
70909,10,0
70910,10,0
70911,10,0
70912,10,20000
70913,10,0
70914,10,5000
70915,10,30000
70916,10,0
70917,10,30000
70918,10,40000
70919,10,50000
70920,10,20000
70921,10,20000
70922,10,40000
70923,10,10000
70924,10,10000
70925,10,10000
70926,10,10000
70927,10,40000
70928,10,50000
70929,10,30000
70930,10,0
70931,10,50000
70932,10,50000
70933,10,50000
70934,10,30000
70935,10,10000
70936,10,5000
70937,10,50000
70938,10,50000
70939,10,50000
70940,10,0
70941,10,30000
70942,10,10000
70943,10,10000
70944,10,0
70945,10,0
70946,10,10000
70947,10,0
70948,10,20000
70949,10,50000
70950,10,10000
70951,10,0
70952,10,0
70953,10,30000
70954,10,5000
70955,10,20000
70956,10,0
70957,10,0
70958,10,40000
70959,10,30000
70960,10,10000
70961,10,50000
70962,10,20000
70963,10,40000
70964,10,20000
70965,10,20000
70966,10,20000
70967,10,10
70968,10,0
70969,10,0
70970,10,20000
70971,10,50000
70972,10,20000
70973,10,10000
70974,10,0
70975,10,30000
70976,10,50000
70977,10,10000
70978,10,30000
70979,10,5000
70980,10,40000
70981,10,20000
70982,10,0
70983,10,30000
70984,10,30000
70985,10,30000
70986,10,0
70987,10,30000
70988,10,20000
70989,10,0
70990,10,0
70991,10,0
70992,10,5000
70993,10,0
70994,10,50000
70995,10,0
70996,10,10000
70997,10,0
70998,10,50000
70999,10,50000
71000,10,5000
71001,10,0
71002,10,0
71003,10,20000
71004,10,0
71005,10,0
71006,10,40000
71007,10,5000
71008,10,0
71009,10,0
71010,10,0
71011,10,40000
71012,10,40000
71013,10,20000
71014,10,5000
71015,10,40000
71016,10,20000
71017,10,0
71018,10,30000
71019,10,5000
71020,10,10000
71021,10,0
71022,10,40000
71023,10,10000
71024,10,30000
71025,10,30000
71026,10,0
71027,10,0
71028,10,10000
71029,10,50000
71030,10,10000
71031,10,30000
71032,10,5000
71033,10,5000
71034,10,0
71035,10,20000
71036,10,40000
71037,10,10000
71038,10,0
71039,10,0
71040,10,0
71041,10,50000
71042,10,0
71043,10,30000
71044,10,0
71045,10,0
71046,10,30000
71047,10,40000
71048,10,20000
71049,10,20000
71050,10,30000
71051,10,30000
71052,10,5000
71053,10,0
71054,10,10000
71055,10,50000
71056,10,40000
71057,10,0
71058,10,50000
71059,10,40000
71060,10,20000
71061,10,20000
71062,10,50000
71063,10,0
71064,10,5000
71065,10,5000
71066,10,0
71067,10,20000
71068,10,0
71069,10,40000
71070,10,30000
71071,10,30000
71072,10,30000
71073,10,0
71074,10,40000
71075,10,20000
71076,10,50000
71077,10,5000
71078,10,40000
71079,10,20000
71080,10,30000
71081,10,20000
71082,10,30000
71083,10,20000
71084,10,50000
71085,10,30000
71086,10,10
71087,10,0
71088,10,20000
71089,10,20000
71090,10,5000
71091,10,0
71092,10,20000
71093,10,0
71094,10,50000
71095,10,5000
71096,10,50000
71097,10,0
71098,10,50000
71099,10,20000
71100,10,30000
71101,10,20000
71102,10,0
71103,10,30000
71104,10,0
71105,10,30000
71106,10,0
71107,10,20000
71108,10,50000
71109,10,50000
71110,10,30000
71111,10,40000
71112,10,0
71113,10,10000
71114,10,0
71115,10,20000
71116,10,50000
71117,10,0
71118,10,0
71119,10,20000
71120,10,30000
71121,10,5000
71122,10,0
71123,10,5000
71124,10,0
71125,10,50000
71126,10,40000
71127,10,0
71128,10,10000
71129,10,30000
71130,10,0
71131,10,5000
71132,10,10000
71133,10,5000
71134,10,40000
71135,10,0
71136,10,20000
71137,10,40000
71138,10,10000
71139,10,10000
71140,10,50000
71141,10,30000
71142,10,40000
71143,10,10000
71144,10,0
71145,10,5000
71146,10,20000
71147,10,40000
71148,10,20000
71149,10,30000
71150,10,5000
71151,10,0
71152,10,30000
71153,10,0
71154,10,5000
71155,10,20000
71156,10,40000
71157,10,30000
71158,10,0
71159,10,50000
71160,10,0
71161,10,20000
71162,10,40000
71163,10,30000
71164,10,0
71165,10,40000
71166,10,5000
71167,10,0
71168,10,20000
71169,10,0
71170,10,50000
71171,10,5000
71172,10,30000
71173,10,0
71174,10,40000
71175,10,0
71176,10,30000
71177,10,40000
71178,10,5000
71179,10,40000
71180,10,10000
71181,10,30000
71182,10,40000
71183,10,0
71184,10,20000
71185,10,0
71186,10,0
71187,10,0
71188,10,50000
71189,10,5000
71190,10,40000
71191,10,40000
71192,10,40000
71193,10,20000
71194,10,20000
71195,10,20000
71196,10,30000
71197,10,5000
71198,10,0
71199,10,50000
71200,10,30000
71201,10,10000
71202,10,0
71203,10,5000
71204,10,50000
71205,10,0
71206,10,40000
71207,10,0
71208,10,20000
71209,10,0
71210,10,50000
71211,10,50000
71212,10,0
71213,10,0
71214,10,0
71215,10,0
71216,10,30000
71217,10,10000
71218,10,30000
71219,10,40000
71220,10,0
71221,10,5000
71222,10,0
71223,10,10000
71224,10,20000
71225,10,30000
71226,10,10000
71227,10,30000
71228,10,10000
71229,10,0
71230,10,10000
71231,10,10000
71232,10,30000
71233,10,30000
71234,10,40000
71235,10,40000
71236,10,50000
71237,10,5000
71238,10,40000
71239,10,20000
71240,10,0
71241,10,5000
71242,10,20000
71243,10,20000
71244,10,50000
71245,10,20000
71246,10,10000
71247,10,20000
71248,10,0
71249,10,0
71250,10,5000
71251,10,40000
71252,10,0
71253,10,30000
71254,10,50000
71255,10,20000
71256,10,5000
71257,10,30000
71258,10,0
71259,10,5000
71260,10,20000
71261,10,10000
71262,10,20000
71263,10,5000
71264,10,5000
71265,10,0
71266,10,50000
71267,10,10000
71268,10,0
71269,10,10000
71270,10,0
71271,10,0
71272,10,30000
71273,10,50000
71274,10,0
71275,10,30000
71276,10,30000
71277,10,0
71278,10,0
71279,10,5000
71280,10,5000
71281,10,50000
71282,10,0
71283,10,0
71284,10,10000
71285,10,0
71286,10,0
71287,10,30000
71288,10,0
71289,10,0
71290,10,20000
71291,10,10000
71292,10,40000
71293,10,0
71294,10,0
71295,10,0
71296,10,30000
71297,10,30000
71298,10,20000
71299,10,30000
71300,10,0
71301,10,0
71302,10,5000
71303,10,50000
71304,10,0
71305,10,20000
71306,10,50000
71307,10,30000
71308,10,5000
71309,10,40000
71310,10,0
71311,10,50000
71312,10,0
71313,10,0
71314,10,30000
71315,10,20000
71316,10,30000
71317,10,20000
71318,10,30000
71319,10,10000
71320,10,50000
71321,10,40000
71322,10,50000
71323,10,0
71324,10,30000
71325,10,40000
71326,10,0
71327,10,10000
71328,10,0
71329,10,10000
71330,10,0
71331,10,10000
71332,10,50000
71333,10,5000
71334,10,5000
71335,10,0
71336,10,0
71337,10,30000
71338,10,40000
71339,10,30000
71340,10,0
71341,10,40000
71342,10,40000
71343,10,0
71344,10,10000
71345,10,0
71346,10,30000
71347,10,5000
71348,10,30000
71349,10,5000
71350,10,0
71351,10,10
71352,10,5000
71353,10,40000
71354,10,5000
71355,10,40000
71356,10,40000
71357,10,0
71358,10,10000
71359,10,5000
71360,10,50000
71361,10,0
71362,10,20000
71363,10,40000
71364,10,50000
71365,10,10000
71366,10,0
71367,10,0
71368,10,30000
71369,10,50000
71370,10,10000
71371,10,30000
71372,10,50000
71373,10,0
71374,10,0
71375,10,10000
71376,10,40000
71377,10,10000
71378,10,0
71379,10,30000
71380,10,0
71381,10,50000
71382,10,20000
71383,10,0
71384,10,10000
71385,10,40000
71386,10,0
71387,10,30000
71388,10,0
71389,10,20000
71390,10,0
71391,10,40000
71392,10,10000
71393,10,5000
71394,10,20000
71395,10,10000
71396,10,10000
71397,10,0
71398,10,50000
71399,10,20000
71400,10,0
71401,10,0
71402,10,30000
71403,10,40000
71404,10,20000
71405,10,50000
71406,10,0
71407,10,20000
71408,10,0
71409,10,30000
71410,10,20000
71411,10,0
71412,10,5000
71413,10,40000
71414,10,50000
71415,10,20000
71416,10,50000
71417,10,0
71418,10,30000
71419,10,0
71420,10,0
71421,10,0
71422,10,30000
71423,10,5000
71424,10,20000
71425,10,40000
71426,10,40000
71427,10,30000
71428,10,10000
71429,10,20000
71430,10,5000
71431,10,30000
71432,10,0
71433,10,50000
71434,10,0
71435,10,5000
71436,10,30000
71437,10,10000
71438,10,10000
71439,10,20000
71440,10,40000
71441,10,0
71442,10,0
71443,10,20000
71444,10,30000
71445,10,0
71446,10,5000
71447,10,30000
71448,10,20000
71449,10,30000
71450,10,10000
71451,10,0
71452,10,20000
71453,10,50000
71454,10,0
71455,10,50000
71456,10,30000
71457,10,5000
71458,10,40000
71459,10,20000
71460,10,10000
71461,10,30000
71462,10,30000
71463,10,20000
71464,10,30000
71465,10,50000
71466,10,0
71467,10,10000
71468,10,0
71469,10,40000
71470,10,0
71471,10,30000
71472,10,20000
71473,10,0
71474,10,5000
71475,10,0
71476,10,5000
71477,10,50000
71478,10,30000
71479,10,10000
71480,10,40000
71481,10,50000
71482,10,0
71483,10,20000
71484,10,50000
71485,10,10000
71486,10,40000
71487,10,10000
71488,10,0
71489,10,30000
71490,10,50000
71491,10,50000
71492,10,10000
71493,10,0
71494,10,0
71495,10,50000
71496,10,50000
71497,10,20000
71498,10,10000
71499,10,10000
71500,10,0
71501,10,10000
71502,10,0
71503,10,10000
71504,10,20000
71505,10,20000
71506,10,30000
71507,10,30000
71508,10,5000
71509,10,30000
71510,10,0
71511,10,5000
71512,10,30000
71513,10,40000
71514,10,50000
71515,10,40000
71516,10,0
71517,10,5000
71518,10,30000
71519,10,50000
71520,10,30000
71521,10,30000
71522,10,10000
71523,10,30000
71524,10,20000
71525,10,20000
71526,10,20000
71527,10,30000
71528,10,0
71529,10,5000
71530,10,0
71531,10,20000
71532,10,50000
71533,10,40000
71534,10,10000
71535,10,0
71536,10,20000
71537,10,40000
71538,10,20000
71539,10,30000
71540,10,0
71541,10,0
71542,10,0
71543,10,5000
71544,10,5000
71545,10,10000
71546,10,0
71547,10,0
71548,10,0
71549,10,30000
71550,10,5000
71551,10,30000
71552,10,30000
71553,10,20000
71554,10,20000
71555,10,40000
71556,10,0
71557,10,0
71558,10,20000
71559,10,0
71560,10,30000
71561,10,0
71562,10,50000
71563,10,50000
71564,10,10
71565,10,5000
71566,10,20000
71567,10,0
71568,10,50000
71569,10,30000
71570,10,10000
71571,10,10000
71572,10,0
71573,10,20000
71574,10,50000
71575,10,5000
71576,10,10000
71577,10,0
71578,10,20000
71579,10,0
71580,10,0
71581,10,0
71582,10,0
71583,10,10000
71584,10,50000
71585,10,50000
71586,10,10000
71587,10,30000
71588,10,0
71589,10,0
71590,10,50000
71591,10,20000
71592,10,0
71593,10,20000
71594,10,20000
71595,10,40000
71596,10,0
71597,10,20000
71598,10,0
71599,10,50000
71600,10,30000
71601,10,10000
71602,10,0
71603,10,0
71604,10,40000
71605,10,5000
71606,10,40000
71607,10,20000
71608,10,40000
71609,10,50000
71610,10,30000
71611,10,50000
71612,10,20000
71613,10,50000
71614,10,10000
71615,10,20000
71616,10,50000
71617,10,0
71618,10,30000
71619,10,30000
71620,10,0
71621,10,30000
71622,10,0
71623,10,5000
71624,10,50000
71625,10,20000
71626,10,0
71627,10,30000
71628,10,0
71629,10,0
71630,10,0
71631,10,30000
71632,10,40000
71633,10,20000
71634,10,0
71635,10,0
71636,10,5000
71637,10,40000
71638,10,20000
71639,10,0
71640,10,20000
71641,10,0
71642,10,0
71643,10,30000
71644,10,0
71645,10,0
71646,10,0
71647,10,0
71648,10,20000
71649,10,20000
71650,10,5000
71651,10,40000
71652,10,0
71653,10,30000
71654,10,40000
71655,10,10000
71656,10,50000
71657,10,0
71658,10,50000
71659,10,20000
71660,10,0
71661,10,30000
71662,10,5000
71663,10,30000
71664,10,0
71665,10,0
71666,10,30000
71667,10,20000
71668,10,10000
71669,10,30000
71670,10,0
71671,10,50000
71672,10,40000
71673,10,0
71674,10,40000
71675,10,20000
71676,10,0
71677,10,0
71678,10,0
71679,10,50000
71680,10,20000
71681,10,0
71682,10,0
71683,10,10000
71684,10,0
71685,10,0
71686,10,0
71687,10,40000
71688,10,20000
71689,10,0
71690,10,10000
71691,10,5000
71692,10,20000
71693,10,10000
71694,10,0
71695,10,20000
71696,10,0
71697,10,20000
71698,10,40000
71699,10,20000
71700,10,40000
71701,10,5000
71702,10,50000
71703,10,5000
71704,10,10000
71705,10,10000
71706,10,5000
71707,10,5000
71708,10,0
71709,10,40000
71710,10,0
71711,10,20000
71712,10,30000
71713,10,30000
71714,10,0
71715,10,30000
71716,10,30000
71717,10,5000
71718,10,0
71719,10,10000
71720,10,20000
71721,10,0
71722,10,30000
71723,10,50000
71724,10,30000
71725,10,30000
71726,10,30000
71727,10,20000
71728,10,0
71729,10,0
71730,10,5000
71731,10,40000
71732,10,10000
71733,10,0
71734,10,40000
71735,10,10000
71736,10,20000
71737,10,0
71738,10,30000
71739,10,20000
71740,10,30000
71741,10,40000
71742,10,50000
71743,10,0
71744,10,0
71745,10,50000
71746,10,10000
71747,10,0
71748,10,5000
71749,10,0
71750,10,20000
71751,10,50000
71752,10,5000
71753,10,0
71754,10,0
71755,10,30000
71756,10,30000
71757,10,30000
71758,10,0
71759,10,20000
71760,10,0
71761,10,40000
71762,10,0
71763,10,40000
71764,10,0
71765,10,40000
71766,10,40000
71767,10,50000
71768,10,10000
71769,10,20000
71770,10,5000
71771,10,30000
71772,10,50000
71773,10,20000
71774,10,0
71775,10,5000
71776,10,30000
71777,10,40000
71778,10,30000
71779,10,0
71780,10,50000
71781,10,5000
71782,10,0
71783,10,10000
71784,10,0
71785,10,0
71786,10,10000
71787,10,10000
71788,10,0
71789,10,10000
71790,10,30000
71791,10,10000
71792,10,20000
71793,10,50000
71794,10,50000
71795,10,20000
71796,10,30000
71797,10,30000
71798,10,20000
71799,10,10
71800,10,0
71801,10,50000
71802,10,50000
71803,10,20000
71804,10,0
71805,10,10000
71806,10,50000
71807,10,20000
71808,10,0
71809,10,20000
71810,10,50000
71811,10,20000
71812,10,20000
71813,10,10000
71814,10,30000
71815,10,50000
71816,10,50000
71817,10,0
71818,10,10000
71819,10,10
71820,10,30000
71821,10,10000
71822,10,50000
71823,10,0
71824,10,0
71825,10,30000
71826,10,40000
71827,10,20000
71828,10,30000
71829,10,10000
71830,10,30000
71831,10,30000
71832,10,5000
71833,10,30000
71834,10,40000
71835,10,20000
71836,10,30000
71837,10,30000
71838,10,5000
71839,10,0
71840,10,0
71841,10,30000
71842,10,40000
71843,10,40000
71844,10,20000
71845,10,0
71846,10,0
71847,10,0
71848,10,0
71849,10,10000
71850,10,0
71851,10,5000
71852,10,20000
71853,10,20000
71854,10,5000
71855,10,20000
71856,10,50000
71857,10,0
71858,10,0
71859,10,0
71860,10,0
71861,10,30000
71862,10,40000
71863,10,30000
71864,10,20000
71865,10,50000
71866,10,40000
71867,10,30000
71868,10,0
71869,10,50000
71870,10,20000
71871,10,5000
71872,10,20000
71873,10,0
71874,10,30000
71875,10,30000
71876,10,20000
71877,10,0
71878,10,5000
71879,10,10000
71880,10,40000
71881,10,10000
71882,10,10000
71883,10,10000
71884,10,0
71885,10,40000
71886,10,0
71887,10,20000
71888,10,0
71889,10,50000
71890,10,40000
71891,10,0
71892,10,40000
71893,10,30000
71894,10,0
71895,10,5000
71896,10,0
71897,10,5000
71898,10,30000
71899,10,0
71900,10,5000
71901,10,50000
71902,10,50000
71903,10,5000
71904,10,20000
71905,10,0
71906,10,5000
71907,10,0
71908,10,30000
71909,10,0
71910,10,20000
71911,10,40000
71912,10,5000
71913,10,50000
71914,10,50000
71915,10,40000
71916,10,0
71917,10,0
71918,10,50000
71919,10,10000
71920,10,50000
71921,10,0
71922,10,40000
71923,10,0
71924,10,20000
71925,10,5000
71926,10,30000
71927,10,30000
71928,10,0
71929,10,20000
71930,10,0
71931,10,5000
71932,10,20000
71933,10,0
71934,10,50000
71935,10,50000
71936,10,30000
71937,10,10000
71938,10,20000
71939,10,40000
71940,10,20000
71941,10,20000
71942,10,20000
71943,10,50000
71944,10,5000
71945,10,30000
71946,10,50000
71947,10,0
71948,10,30000
71949,10,0
71950,10,30000
71951,10,10000
71952,10,5000
71953,10,50000
71954,10,0
71955,10,0
71956,10,5000
71957,10,40000
71958,10,0
71959,10,30000
71960,10,40000
71961,10,50000
71962,10,5000
71963,10,20000
71964,10,40000
71965,10,0
71966,10,0
71967,10,10000
71968,10,50000
71969,10,0
71970,10,10000
71971,10,40000
71972,10,0
71973,10,5000
71974,10,10000
71975,10,0
71976,10,5000
71977,10,10000
71978,10,30000
71979,10,5000
71980,10,0
71981,10,0
71982,10,30000
71983,10,10000
71984,10,0
71985,10,50000
71986,10,50000
71987,10,10000
71988,10,50000
71989,10,40000
71990,10,0
71991,10,0
71992,10,30000
71993,10,40000
71994,10,20000
71995,10,40000
71996,10,0
71997,10,20000
71998,10,10000
71999,10,20000
72000,10,0
72001,10,10000
72002,10,5000
72003,10,50000
72004,10,0
72005,10,50000
72006,10,40000
72007,10,30000
72008,10,40000
72009,10,40000
72010,10,0
72011,10,0
72012,10,0
72013,10,30000
72014,10,0
72015,10,0
72016,10,0
72017,10,10000
72018,10,5000
72019,10,20000
72020,10,40000
72021,10,20000
72022,10,20000
72023,10,20000
72024,10,10000
72025,10,30000
72026,10,0
72027,10,20000
72028,10,30000
72029,10,40000
72030,10,5000
72031,10,0
72032,10,10000
72033,10,30000
72034,10,30000
72035,10,5000
72036,10,0
72037,10,20000
72038,10,40000
72039,10,30000
72040,10,50000
72041,10,20000
72042,10,20000
72043,10,0
72044,10,5000
72045,10,20000
72046,10,50000
72047,10,30000
72048,10,30000
72049,10,10000
72050,10,20000
72051,10,20000
72052,10,20000
72053,10,10000
72054,10,20000
72055,10,40000
72056,10,0
72057,10,5000
72058,10,50000
72059,10,40000
72060,10,50000
72061,10,0
72062,10,50000
72063,10,0
72064,10,0
72065,10,40000
72066,10,50000
72067,10,30000
72068,10,50000
72069,10,5000
72070,10,0
72071,10,30000
72072,10,40000
72073,10,50000
72074,10,20000
72075,10,0
72076,10,40000
72077,10,30000
72078,10,10000
72079,10,0
72080,10,0
72081,10,20000
72082,10,5000
72083,10,50000
72084,10,0
72085,10,0
72086,10,5000
72087,10,10000
72088,10,50000
72089,10,20000
72090,10,30000
72091,10,0
72092,10,40000
72093,10,0
72094,10,20000
72095,10,0
72096,10,50000
72097,10,20000
72098,10,20000
72099,10,20000
72100,10,0
72101,10,0
72102,10,0
72103,10,10000
72104,10,20000
72105,10,0
72106,10,20000
72107,10,30000
72108,10,0
72109,10,20000
72110,10,40000
72111,10,20000
72112,10,20000
72113,10,5000
72114,10,30000
72115,10,0
72116,10,5000
72117,10,30000
72118,10,30000
72119,10,40000
72120,10,50000
72121,10,0
72122,10,30000
72123,10,0
72124,10,5000
72125,10,20000
72126,10,40000
72127,10,0
72128,10,40000
72129,10,50000
72130,10,20000
72131,10,20000
72132,10,40000
72133,10,5000
72134,10,50000
72135,10,30000
72136,10,50000
72137,10,0
72138,10,20000
72139,10,0
72140,10,0
72141,10,0
72142,10,20000
72143,10,5000
72144,10,0
72145,10,20000
72146,10,20000
72147,10,20000
72148,10,5000
72149,10,30000
72150,10,30000
72151,10,0
72152,10,40000
72153,10,50000
72154,10,0
72155,10,50000
72156,10,40000
72157,10,0
72158,10,5000
72159,10,20000
72160,10,10000
72161,10,10000
72162,10,30000
72163,10,40000
72164,10,50000
72165,10,20000
72166,10,30000
72167,10,5000
72168,10,0
72169,10,30000
72170,10,50000
72171,10,30000
72172,10,40000
72173,10,10000
72174,10,5000
72175,10,50000
72176,10,0
72177,10,50000
72178,10,50000
72179,10,20000
72180,10,20000
72181,10,40000
72182,10,0
72183,10,50000
72184,10,30000
72185,10,5000
72186,10,20000
72187,10,10000
72188,10,20000
72189,10,5000
72190,10,20000
72191,10,50000
72192,10,0
72193,10,0
72194,10,20000
72195,10,5000
72196,10,0
72197,10,50000
72198,10,0
72199,10,50000
72200,10,10000
72201,10,30000
72202,10,30000
72203,10,30000
72204,10,40000
72205,10,50000
72206,10,10000
72207,10,0
72208,10,0
72209,10,20000
72210,10,10000
72211,10,5000
72212,10,40000
72213,10,40000
72214,10,10000
72215,10,20000
72216,10,30000
72217,10,5000
72218,10,10000
72219,10,10000
72220,10,5000
72221,10,0
72222,10,30000
72223,10,20000
72224,10,30000
72225,10,40000
72226,10,10000
72227,10,20000
72228,10,10
72229,10,0
72230,10,30000
72231,10,5000
72232,10,50000
72233,10,30000
72234,10,40000
72235,10,10000
72236,10,0
72237,10,0
72238,10,0
72239,10,0
72240,10,20000
72241,10,50000
72242,10,5000
72243,10,30000
72244,10,20000
72245,10,30000
72246,10,20000
72247,10,0
72248,10,30000
72249,10,0
72250,10,5000
72251,10,40000
72252,10,20000
72253,10,20000
72254,10,0
72255,10,5000
72256,10,0
72257,10,20000
72258,10,30000
72259,10,10000
72260,10,0
72261,10,0
72262,10,20000
72263,10,0
72264,10,20000
72265,10,20000
72266,10,20000
72267,10,10000
72268,10,10000
72269,10,10000
72270,10,50000
72271,10,20000
72272,10,0
72273,10,20000
72274,10,10000
72275,10,0
72276,10,20000
72277,10,20000
72278,10,50000
72279,10,20000
72280,10,30000
72281,10,10000
72282,10,0
72283,10,0
72284,10,0
72285,10,30000
72286,10,30000
72287,10,50000
72288,10,5000
72289,10,30000
72290,10,5000
72291,10,20000
72292,10,10000
72293,10,30000
72294,10,20000
72295,10,5000
72296,10,10000
72297,10,0
72298,10,5000
72299,10,30000
72300,10,30000
72301,10,30000
72302,10,20000
72303,10,0
72304,10,0
72305,10,0
72306,10,10000
72307,10,0
72308,10,5000
72309,10,5000
72310,10,50000
72311,10,0
72312,10,0
72313,10,10000
72314,10,40000
72315,10,50000
72316,10,10000
72317,10,0
72318,10,20000
72319,10,0
72320,10,0
72321,10,20000
72322,10,20000
72323,10,0
72324,10,5000
72325,10,20000
72326,10,50000
72327,10,40000
72328,10,5000
72329,10,5000
72330,10,30000
72331,10,10000
72332,10,20000
72333,10,40000
72334,10,40000
72335,10,5000
72336,10,50000
72337,10,5000
72338,10,5000
72339,10,50000
72340,10,30000
72341,10,10000
72342,10,5000
72343,10,30000
72344,10,0
72345,10,30000
72346,10,10000
72347,10,0
72348,10,20000
72349,10,5000
72350,10,30000
72351,10,0
72352,10,5000
72353,10,30000
72354,10,30000
72355,10,40000
72356,10,20000
72357,10,20000
72358,10,0
72359,10,0
72360,10,10000
72361,10,0
72362,10,0
72363,10,0
72364,10,0
72365,10,5000
72366,10,50000
72367,10,50000
72368,10,20000
72369,10,30000
72370,10,30000
72371,10,20000
72372,10,0
72373,10,50000
72374,10,20000
72375,10,10000
72376,10,30000
72377,10,0
72378,10,20000
72379,10,30000
72380,10,30000
72381,10,30000
72382,10,20000
72383,10,20000
72384,10,0
72385,10,0
72386,10,30000
72387,10,0
72388,10,30000
72389,10,10000
72390,10,0
72391,10,20000
72392,10,20000
72393,10,40000
72394,10,0
72395,10,40000
72396,10,30000
72397,10,0
72398,10,0
72399,10,40000
72400,10,50000
72401,10,0
72402,10,30000
72403,10,50000
72404,10,50000
72405,10,0
72406,10,30000
72407,10,20000
72408,10,20000
72409,10,30000
72410,10,0
72411,10,0
72412,10,5000
72413,10,30000
72414,10,0
72415,10,30000
72416,10,30000
72417,10,50000
72418,10,5000
72419,10,0
72420,10,10000
72421,10,20000
72422,10,0
72423,10,50000
72424,10,10000
72425,10,50000
72426,10,0
72427,10,40000
72428,10,50000
72429,10,30000
72430,10,30000
72431,10,0
72432,10,0
72433,10,0
72434,10,50000
72435,10,0
72436,10,10000
72437,10,0
72438,10,0
72439,10,50000
72440,10,30000
72441,10,0
72442,10,30000
72443,10,20000
72444,10,0
72445,10,0
72446,10,40000
72447,10,50000
72448,10,0
72449,10,0
72450,10,0
72451,10,20000
72452,10,0
72453,10,0
72454,10,5000
72455,10,10000
72456,10,30000
72457,10,20000
72458,10,0
72459,10,5000
72460,10,30000
72461,10,0
72462,10,5000
72463,10,20000
72464,10,10000
72465,10,0
72466,10,5000
72467,10,0
72468,10,0
72469,10,0
72470,10,0
72471,10,30000
72472,10,30000
72473,10,50000
72474,10,40000
72475,10,5000
72476,10,0
72477,10,30000
72478,10,30000
72479,10,10000
72480,10,20000
72481,10,20000
72482,10,40000
72483,10,30000
72484,10,10000
72485,10,30000
72486,10,0
72487,10,10000
72488,10,5000
72489,10,30000
72490,10,50000
72491,10,40000
72492,10,20000
72493,10,0
72494,10,40000
72495,10,5000
72496,10,40000
72497,10,5000
72498,10,20000
72499,10,5000
72500,10,50000
72501,10,0
72502,10,0
72503,10,50000
72504,10,0
72505,10,20000
72506,10,5000
72507,10,30000
72508,10,20000
72509,10,0
72510,10,0
72511,10,0
72512,10,0
72513,10,10000
72514,10,20000
72515,10,30000
72516,10,0
72517,10,50000
72518,10,50000
72519,10,0
72520,10,0
72521,10,0
72522,10,0
72523,10,40000
72524,10,10000
72525,10,5000
72526,10,0
72527,10,40000
72528,10,0
72529,10,40000
72530,10,0
72531,10,20000
72532,10,5000
72533,10,40000
72534,10,20000
72535,10,10000
72536,10,20000
72537,10,5000
72538,10,20000
72539,10,5000
72540,10,30000
72541,10,50000
72542,10,50000
72543,10,20000
72544,10,20000
72545,10,10000
72546,10,30000
72547,10,0
72548,10,20000
72549,10,50000
72550,10,0
72551,10,50000
72552,10,40000
72553,10,50000
72554,10,5000
72555,10,0
72556,10,10000
72557,10,20000
72558,10,10000
72559,10,50000
72560,10,0
72561,10,0
72562,10,0
72563,10,30000
72564,10,0
72565,10,5000
72566,10,10000
72567,10,40000
72568,10,20000
72569,10,20000
72570,10,30000
72571,10,0
72572,10,0
72573,10,5000
72574,10,0
72575,10,40000
72576,10,0
72577,10,50000
72578,10,10000
72579,10,0
72580,10,50000
72581,10,40000
72582,10,0
72583,10,40000
72584,10,0
72585,10,0
72586,10,30000
72587,10,0
72588,10,30000
72589,10,30000
72590,10,5000
72591,10,0
72592,10,50000
72593,10,10000
72594,10,40000
72595,10,30000
72596,10,10000
72597,10,30000
72598,10,50000
72599,10,0
72600,10,40000
72601,10,50000
72602,10,50000
72603,10,0
72604,10,0
72605,10,20000
72606,10,30000
72607,10,30000
72608,10,50000
72609,10,0
72610,10,10000
72611,10,40000
72612,10,50000
72613,10,20000
72614,10,50000
72615,10,10000
72616,10,10000
72617,10,0
72618,10,10000
72619,10,50000
72620,10,0
72621,10,20000
72622,10,10000
72623,10,5000
72624,10,5000
72625,10,10000
72626,10,50000
72627,10,30000
72628,10,20000
72629,10,30000
72630,10,50000
72631,10,0
72632,10,50000
72633,10,40000
72634,10,50000
72635,10,0
72636,10,5000
72637,10,0
72638,10,50000
72639,10,0
72640,10,30000
72641,10,5000
72642,10,10000
72643,10,30000
72644,10,0
72645,10,30000
72646,10,5000
72647,10,0
72648,10,0
72649,10,20000
72650,10,20000
72651,10,10000
72652,10,50000
72653,10,0
72654,10,0
72655,10,10000
72656,10,5000
72657,10,10000
72658,10,30000
72659,10,40000
72660,10,0
72661,10,40000
72662,10,30000
72663,10,10000
72664,10,0
72665,10,30000
72666,10,0
72667,10,5000
72668,10,20000
72669,10,50000
72670,10,5000
72671,10,30000
72672,10,50000
72673,10,0
72674,10,50000
72675,10,40000
72676,10,0
72677,10,0
72678,10,0
72679,10,30000
72680,10,5000
72681,10,0
72682,10,50000
72683,10,10000
72684,10,0
72685,10,30000
72686,10,0
72687,10,50000
72688,10,20000
72689,10,20000
72690,10,0
72691,10,0
72692,10,20000
72693,10,30000
72694,10,20000
72695,10,40000
72696,10,0
72697,10,0
72698,10,20000
72699,10,10000
72700,10,0
72701,10,20000
72702,10,0
72703,10,0
72704,10,50000
72705,10,10000
72706,10,30000
72707,10,20000
72708,10,10000
72709,10,5000
72710,10,5000
72711,10,40000
72712,10,0
72713,10,0
72714,10,50000
72715,10,10000
72716,10,40000
72717,10,20000
72718,10,40000
72719,10,30000
72720,10,0
72721,10,40000
72722,10,50000
72723,10,40000
72724,10,40000
72725,10,5000
72726,10,0
72727,10,0
72728,10,20000
72729,10,50000
72730,10,0
72731,10,30000
72732,10,50000
72733,10,40000
72734,10,30000
72735,10,0
72736,10,50000
72737,10,30000
72738,10,10000
72739,10,30000
72740,10,20000
72741,10,50000
72742,10,5000
72743,10,50000
72744,10,30000
72745,10,10000
72746,10,0
72747,10,0
72748,10,0
72749,10,50000
72750,10,5000
72751,10,0
72752,10,10000
72753,10,50000
72754,10,0
72755,10,0
72756,10,0
72757,10,40000
72758,10,20000
72759,10,20000
72760,10,50000
72761,10,20000
72762,10,40000
72763,10,30000
72764,10,20000
72765,10,20000
72766,10,20000
72767,10,50000
72768,10,0
72769,10,20000
72770,10,30000
72771,10,40000
72772,10,40000
72773,10,30000
72774,10,0
72775,10,50000
72776,10,0
72777,10,20000
72778,10,5000
72779,10,20000
72780,10,5000
72781,10,20000
72782,10,0
72783,10,10000
72784,10,40000
72785,10,50000
72786,10,0
72787,10,30000
72788,10,0
72789,10,5000
72790,10,20000
72791,10,0
72792,10,0
72793,10,30000
72794,10,0
72795,10,10000
72796,10,0
72797,10,50000
72798,10,20000
72799,10,0
72800,10,50000
72801,10,40000
72802,10,0
72803,10,20000
72804,10,30000
72805,10,20000
72806,10,0
72807,10,40000
72808,10,40000
72809,10,0
72810,10,30000
72811,10,10000
72812,10,0
72813,10,50000
72814,10,50000
72815,10,0
72816,10,30000
72817,10,0
72818,10,5000
72819,10,30000
72820,10,10000
72821,10,20000
72822,10,50000
72823,10,30000
72824,10,30000
72825,10,5000
72826,10,0
72827,10,40000
72828,10,20000
72829,10,40000
72830,10,0
72831,10,0
72832,10,20000
72833,10,0
72834,10,30000
72835,10,30000
72836,10,0
72837,10,0
72838,10,20000
72839,10,20000
72840,10,10000
72841,10,40000
72842,10,20000
72843,10,0
72844,10,40000
72845,10,10000
72846,10,30000
72847,10,30000
72848,10,30000
72849,10,0
72850,10,30000
72851,10,20000
72852,10,5000
72853,10,50000
72854,10,0
72855,10,5000
72856,10,50000
72857,10,10000
72858,10,0
72859,10,0
72860,10,30000
72861,10,10000
72862,10,10000
72863,10,0
72864,10,50000
72865,10,20000
72866,10,10000
72867,10,5000
72868,10,40000
72869,10,0
72870,10,5000
72871,10,0
72872,10,50000
72873,10,20000
72874,10,50000
72875,10,0
72876,10,10000
72877,10,0
72878,10,20000
72879,10,0
72880,10,10000
72881,10,0
72882,10,10000
72883,10,30000
72884,10,0
72885,10,50000
72886,10,0
72887,10,30000
72888,10,30000
72889,10,30000
72890,10,20000
72891,10,50000
72892,10,0
72893,10,40000
72894,10,40000
72895,10,10000
72896,10,0
72897,10,50000
72898,10,0
72899,10,10000
72900,10,0
72901,10,5000
72902,10,30000
72903,10,0
72904,10,20000
72905,10,5000
72906,10,30000
72907,10,0
72908,10,20000
72909,10,50000
72910,10,0
72911,10,5000
72912,10,40000
72913,10,20000
72914,10,10000
72915,10,5000
72916,10,30000
72917,10,0
72918,10,0
72919,10,10000
72920,10,10000
72921,10,0
72922,10,0
72923,10,20000
72924,10,20000
72925,10,50000
72926,10,40000
72927,10,0
72928,10,40000
72929,10,0
72930,10,0
72931,10,30000
72932,10,0
72933,10,30000
72934,10,0
72935,10,40000
72936,10,0
72937,10,50000
72938,10,50000
72939,10,10
72940,10,0
72941,10,30000
72942,10,50000
72943,10,5000
72944,10,30000
72945,10,5000
72946,10,0
72947,10,0
72948,10,20000
72949,10,10000
72950,10,10000
72951,10,0
72952,10,30000
72953,10,30000
72954,10,20000
72955,10,0
72956,10,20000
72957,10,10000
72958,10,0
72959,10,20000
72960,10,50000
72961,10,30000
72962,10,0
72963,10,20000
72964,10,50000
72965,10,0
72966,10,30000
72967,10,10000
72968,10,0
72969,10,20000
72970,10,50000
72971,10,40000
72972,10,0
72973,10,0
72974,10,40000
72975,10,30000
72976,10,0
72977,10,5000
72978,10,5000
72979,10,0
72980,10,40000
72981,10,5000
72982,10,0
72983,10,0
72984,10,50000
72985,10,30000
72986,10,30000
72987,10,0
72988,10,0
72989,10,40000
72990,10,10000
72991,10,0
72992,10,0
72993,10,30000
72994,10,30000
72995,10,30000
72996,10,30000
72997,10,20000
72998,10,5000
72999,10,10000
73000,10,5000
73001,10,5000
73002,10,30000
73003,10,30000
73004,10,50000
73005,10,5000
73006,10,40000
73007,10,50000
73008,10,0
73009,10,30000
73010,10,0
73011,10,50000
73012,10,40000
73013,10,40000
73014,10,30000
73015,10,0
73016,10,5000
73017,10,0
73018,10,0
73019,10,30000
73020,10,0
73021,10,30000
73022,10,20000
73023,10,20000
73024,10,20000
73025,10,30000
73026,10,20000
73027,10,40000
73028,10,30000
73029,10,5000
73030,10,20000
73031,10,0
73032,10,0
73033,10,5000
73034,10,30000
73035,10,20000
73036,10,30000
73037,10,50000
73038,10,20000
73039,10,50000
73040,10,40000
73041,10,40000
73042,10,40000
73043,10,10000
73044,10,0
73045,10,30000
73046,10,0
73047,10,5000
73048,10,0
73049,10,5000
73050,10,30000
73051,10,20000
73052,10,5000
73053,10,40000
73054,10,5000
73055,10,40000
73056,10,30000
73057,10,5000
73058,10,40000
73059,10,5000
73060,10,0
73061,10,0
73062,10,0
73063,10,0
73064,10,10
73065,10,20000
73066,10,0
73067,10,30000
73068,10,50000
73069,10,0
73070,10,0
73071,10,30000
73072,10,30000
73073,10,0
73074,10,10000
73075,10,20000
73076,10,40000
73077,10,20000
73078,10,0
73079,10,20000
73080,10,30000
73081,10,20000
73082,10,0
73083,10,5000
73084,10,30000
73085,10,20000
73086,10,50000
73087,10,10000
73088,10,30000
73089,10,5000
73090,10,0
73091,10,20000
73092,10,30000
73093,10,20000
73094,10,20000
73095,10,20000
73096,10,20000
73097,10,40000
73098,10,0
73099,10,20000
73100,10,50000
73101,10,0
73102,10,50000
73103,10,30000
73104,10,0
73105,10,30000
73106,10,5000
73107,10,40000
73108,10,0
73109,10,40000
73110,10,10000
73111,10,5000
73112,10,10000
73113,10,30000
73114,10,40000
73115,10,20000
73116,10,50000
73117,10,0
73118,10,20000
73119,10,50000
73120,10,30000
73121,10,10000
73122,10,5000
73123,10,20000
73124,10,0
73125,10,50000
73126,10,10000
73127,10,40000
73128,10,0
73129,10,0
73130,10,20000
73131,10,0
73132,10,5000
73133,10,0
73134,10,10000
73135,10,20000
73136,10,50000
73137,10,0
73138,10,20000
73139,10,50000
73140,10,0
73141,10,30000
73142,10,20000
73143,10,40000
73144,10,10000
73145,10,30000
73146,10,40000
73147,10,10000
73148,10,20000
73149,10,0
73150,10,10000
73151,10,40000
73152,10,20000
73153,10,0
73154,10,30000
73155,10,20000
73156,10,20000
73157,10,0
73158,10,0
73159,10,0
73160,10,30000
73161,10,40000
73162,10,5000
73163,10,0
73164,10,50000
73165,10,0
73166,10,10000
73167,10,0
73168,10,10000
73169,10,30000
73170,10,50000
73171,10,0
73172,10,5000
73173,10,40000
73174,10,40000
73175,10,30000
73176,10,20000
73177,10,20000
73178,10,30000
73179,10,0
73180,10,50000
73181,10,10000
73182,10,20000
73183,10,10000
73184,10,5000
73185,10,40000
73186,10,0
73187,10,20000
73188,10,50000
73189,10,30000
73190,10,0
73191,10,50000
73192,10,20000
73193,10,0
73194,10,0
73195,10,5000
73196,10,10000
73197,10,0
73198,10,0
73199,10,10000
73200,10,0
73201,10,0
73202,10,0
73203,10,0
73204,10,40000
73205,10,10000
73206,10,0
73207,10,40000
73208,10,0
73209,10,40000
73210,10,30000
73211,10,10000
73212,10,0
73213,10,50000
73214,10,10000
73215,10,30000
73216,10,10000
73217,10,50000
73218,10,0
73219,10,20000
73220,10,5000
73221,10,20000
73222,10,20000
73223,10,0
73224,10,30000
73225,10,30000
73226,10,0
73227,10,0
73228,10,30000
73229,10,0
73230,10,0
73231,10,5000
73232,10,0
73233,10,10000
73234,10,30000
73235,10,0
73236,10,40000
73237,10,40000
73238,10,50000
73239,10,5000
73240,10,10000
73241,10,5000
73242,10,30000
73243,10,0
73244,10,5000
73245,10,30000
73246,10,30000
73247,10,20000
73248,10,30000
73249,10,20000
73250,10,0
73251,10,0
73252,10,50000
73253,10,0
73254,10,10000
73255,10,20000
73256,10,40000
73257,10,20000
73258,10,5000
73259,10,0
73260,10,20000
73261,10,50000
73262,10,50000
73263,10,50000
73264,10,10000
73265,10,10000
73266,10,30000
73267,10,0
73268,10,30000
73269,10,5000
73270,10,50000
73271,10,0
73272,10,0
73273,10,0
73274,10,0
73275,10,20000
73276,10,5000
73277,10,20000
73278,10,50000
73279,10,50000
73280,10,20000
73281,10,50000
73282,10,30000
73283,10,0
73284,10,0
73285,10,30000
73286,10,5000
73287,10,20000
73288,10,0
73289,10,30000
73290,10,0
73291,10,30000
73292,10,20000
73293,10,0
73294,10,0
73295,10,0
73296,10,20000
73297,10,0
73298,10,10000
73299,10,10000
73300,10,20000
73301,10,20000
73302,10,50000
73303,10,0
73304,10,50000
73305,10,5000
73306,10,5000
73307,10,50000
73308,10,0
73309,10,20000
73310,10,40000
73311,10,0
73312,10,20000
73313,10,30000
73314,10,30000
73315,10,50000
73316,10,50000
73317,10,10000
73318,10,0
73319,10,20000
73320,10,0
73321,10,0
73322,10,50000
73323,10,5000
73324,10,20000
73325,10,20000
73326,10,0
73327,10,20000
73328,10,50000
73329,10,40000
73330,10,50000
73331,10,40000
73332,10,20000
73333,10,0
73334,10,20000
73335,10,0
73336,10,50000
73337,10,20000
73338,10,30000
73339,10,20000
73340,10,30000
73341,10,50000
73342,10,0
73343,10,0
73344,10,0
73345,10,20000
73346,10,0
73347,10,0
73348,10,0
73349,10,0
73350,10,0
73351,10,20000
73352,10,20000
73353,10,0
73354,10,20000
73355,10,10000
73356,10,50000
73357,10,40000
73358,10,50000
73359,10,50000
73360,10,40000
73361,10,50000
73362,10,30000
73363,10,30000
73364,10,0
73365,10,0
73366,10,0
73367,10,5000
73368,10,40000
73369,10,30000
73370,10,40000
73371,10,10000
73372,10,5000
73373,10,20000
73374,10,0
73375,10,20000
73376,10,30000
73377,10,0
73378,10,50000
73379,10,0
73380,10,0
73381,10,0
73382,10,10000
73383,10,5000
73384,10,20000
73385,10,30000
73386,10,0
73387,10,50000
73388,10,20000
73389,10,50000
73390,10,30000
73391,10,40000
73392,10,20000
73393,10,40000
73394,10,5000
73395,10,10000
73396,10,0
73397,10,50000
73398,10,0
73399,10,30000
73400,10,0
73401,10,5000
73402,10,0
73403,10,50000
73404,10,5000
73405,10,10000
73406,10,20000
73407,10,0
73408,10,30000
73409,10,50000
73410,10,50000
73411,10,0
73412,10,10000
73413,10,40000
73414,10,50000
73415,10,20000
73416,10,0
73417,10,0
73418,10,40000
73419,10,20000
73420,10,30000
73421,10,20000
73422,10,0
73423,10,30000
73424,10,40000
73425,10,0
73426,10,50000
73427,10,50000
73428,10,0
73429,10,20000
73430,10,50000
73431,10,20000
73432,10,50000
73433,10,0
73434,10,40000
73435,10,5000
73436,10,0
73437,10,40000
73438,10,20000
73439,10,0
73440,10,50000
73441,10,50000
73442,10,30000
73443,10,0
73444,10,0
73445,10,0
73446,10,40000
73447,10,10000
73448,10,5000
73449,10,10000
73450,10,40000
73451,10,0
73452,10,40000
73453,10,30000
73454,10,0
73455,10,10000
73456,10,30000
73457,10,0
73458,10,20000
73459,10,30000
73460,10,10000
73461,10,50000
73462,10,40000
73463,10,0
73464,10,0
73465,10,0
73466,10,0
73467,10,20000
73468,10,10000
73469,10,0
73470,10,0
73471,10,10000
73472,10,50000
73473,10,10000
73474,10,40000
73475,10,0
73476,10,30000
73477,10,5000
73478,10,0
73479,10,5000
73480,10,50000
73481,10,20000
73482,10,50000
73483,10,0
73484,10,0
73485,10,30000
73486,10,10000
73487,10,50000
73488,10,30000
73489,10,30000
73490,10,20000
73491,10,30000
73492,10,50000
73493,10,30000
73494,10,10000
73495,10,10000
73496,10,50000
73497,10,20000
73498,10,50000
73499,10,0
73500,10,0
73501,10,5000
73502,10,50000
73503,10,50000
73504,10,0
73505,10,30000
73506,10,10000
73507,10,30000
73508,10,50000
73509,10,0
73510,10,10000
73511,10,0
73512,10,40000
73513,10,50000
73514,10,0
73515,10,0
73516,10,10000
73517,10,50000
73518,10,40000
73519,10,50000
73520,10,5000
73521,10,50000
73522,10,0
73523,10,5000
73524,10,40000
73525,10,30000
73526,10,5000
73527,10,30000
73528,10,20000
73529,10,10000
73530,10,10000
73531,10,10000
73532,10,0
73533,10,40000
73534,10,40000
73535,10,0
73536,10,30000
73537,10,30000
73538,10,30000
73539,10,0
73540,10,20000
73541,10,0
73542,10,0
73543,10,0
73544,10,0
73545,10,0
73546,10,50000
73547,10,30000
73548,10,5000
73549,10,10000
73550,10,0
73551,10,0
73552,10,30000
73553,10,40000
73554,10,40000
73555,10,0
73556,10,30000
73557,10,20000
73558,10,30000
73559,10,10000
73560,10,20000
73561,10,30000
73562,10,10000
73563,10,20000
73564,10,30000
73565,10,0
73566,10,10000
73567,10,0
73568,10,20000
73569,10,30000
73570,10,0
73571,10,20000
73572,10,20000
73573,10,20000
73574,10,20000
73575,10,50000
73576,10,10000
73577,10,5000
73578,10,30000
73579,10,20000
73580,10,20000
73581,10,0
73582,10,20000
73583,10,0
73584,10,50000
73585,10,0
73586,10,50000
73587,10,30000
73588,10,30000
73589,10,5000
73590,10,0
73591,10,30000
73592,10,0
73593,10,50000
73594,10,40000
73595,10,20000
73596,10,0
73597,10,40000
73598,10,10000
73599,10,20000
73600,10,0
73601,10,20000
73602,10,50000
73603,10,20000
73604,10,5000
73605,10,0
73606,10,10000
73607,10,20000
73608,10,50000
73609,10,30000
73610,10,20000
73611,10,0
73612,10,5000
73613,10,0
73614,10,0
73615,10,50000
73616,10,50000
73617,10,40000
73618,10,30000
73619,10,20000
73620,10,30000
73621,10,0
73622,10,30000
73623,10,40000
73624,10,10000
73625,10,40000
73626,10,0
73627,10,50000
73628,10,0
73629,10,50000
73630,10,0
73631,10,0
73632,10,5000
73633,10,20000
73634,10,0
73635,10,20000
73636,10,30000
73637,10,5000
73638,10,0
73639,10,50000
73640,10,0
73641,10,5000
73642,10,50000
73643,10,0
73644,10,0
73645,10,0
73646,10,50000
73647,10,0
73648,10,30000
73649,10,10000
73650,10,50000
73651,10,5000
73652,10,40000
73653,10,0
73654,10,40000
73655,10,10000
73656,10,50000
73657,10,50000
73658,10,20000
73659,10,40000
73660,10,5000
73661,10,50000
73662,10,40000
73663,10,5000
73664,10,20000
73665,10,0
73666,10,0
73667,10,5000
73668,10,0
73669,10,30000
73670,10,0
73671,10,0
73672,10,10
73673,10,5000
73674,10,0
73675,10,0
73676,10,20000
73677,10,40000
73678,10,20000
73679,10,0
73680,10,50000
73681,10,0
73682,10,0
73683,10,30000
73684,10,20000
73685,10,40000
73686,10,30000
73687,10,0
73688,10,0
73689,10,0
73690,10,40000
73691,10,30000
73692,10,50000
73693,10,0
73694,10,30000
73695,10,0
73696,10,5000
73697,10,30000
73698,10,5000
73699,10,0
73700,10,30000
73701,10,0
73702,10,30000
73703,10,0
73704,10,50000
73705,10,0
73706,10,30000
73707,10,5000
73708,10,50000
73709,10,0
73710,10,10000
73711,10,10000
73712,10,0
73713,10,30000
73714,10,0
73715,10,10000
73716,10,0
73717,10,40000
73718,10,0
73719,10,0
73720,10,20000
73721,10,0
73722,10,40000
73723,10,20000
73724,10,50000
73725,10,30000
73726,10,30000
73727,10,0
73728,10,20000
73729,10,20000
73730,10,0
73731,10,0
73732,10,50000
73733,10,30000
73734,10,50000
73735,10,30000
73736,10,20000
73737,10,10000
73738,10,30000
73739,10,0
73740,10,40000
73741,10,5000
73742,10,10000
73743,10,20000
73744,10,30000
73745,10,40000
73746,10,10000
73747,10,5000
73748,10,30000
73749,10,0
73750,10,0
73751,10,0
73752,10,0
73753,10,5000
73754,10,0
73755,10,20000
73756,10,20000
73757,10,30000
73758,10,30000
73759,10,5000
73760,10,50000
73761,10,50000
73762,10,5000
73763,10,0
73764,10,30000
73765,10,0
73766,10,5000
73767,10,0
73768,10,50000
73769,10,0
73770,10,40000
73771,10,0
73772,10,0
73773,10,5000
73774,10,50000
73775,10,0
73776,10,0
73777,10,5000
73778,10,30000
73779,10,0
73780,10,10000
73781,10,20000
73782,10,30000
73783,10,20000
73784,10,20000
73785,10,10000
73786,10,0
73787,10,10000
73788,10,40000
73789,10,0
73790,10,50000
73791,10,0
73792,10,0
73793,10,5000
73794,10,5000
73795,10,20000
73796,10,0
73797,10,20000
73798,10,0
73799,10,50000
73800,10,10000
73801,10,30000
73802,10,30000
73803,10,5000
73804,10,20000
73805,10,20000
73806,10,20000
73807,10,0
73808,10,0
73809,10,30000
73810,10,0
73811,10,0
73812,10,20000
73813,10,20000
73814,10,40000
73815,10,0
73816,10,0
73817,10,10000
73818,10,40000
73819,10,0
73820,10,10000
73821,10,20000
73822,10,10000
73823,10,50000
73824,10,0
73825,10,0
73826,10,5000
73827,10,0
73828,10,0
73829,10,20000
73830,10,5000
73831,10,10000
73832,10,10000
73833,10,0
73834,10,5000
73835,10,0
73836,10,0
73837,10,5000
73838,10,0
73839,10,10000
73840,10,40000
73841,10,30000
73842,10,40000
73843,10,0
73844,10,30000
73845,10,5000
73846,10,50000
73847,10,0
73848,10,50000
73849,10,0
73850,10,50000
73851,10,30000
73852,10,0
73853,10,20000
73854,10,0
73855,10,20000
73856,10,0
73857,10,0
73858,10,0
73859,10,30000
73860,10,20000
73861,10,20000
73862,10,20000
73863,10,0
73864,10,0
73865,10,5000
73866,10,40000
73867,10,30000
73868,10,10000
73869,10,5000
73870,10,40000
73871,10,50000
73872,10,50000
73873,10,0
73874,10,40000
73875,10,10000
73876,10,5000
73877,10,0
73878,10,40000
73879,10,20000
73880,10,0
73881,10,30000
73882,10,20000
73883,10,40000
73884,10,20000
73885,10,40000
73886,10,20000
73887,10,50000
73888,10,0
73889,10,20000
73890,10,10000
73891,10,30000
73892,10,5000
73893,10,50000
73894,10,0
73895,10,10000
73896,10,50000
73897,10,20000
73898,10,20000
73899,10,50000
73900,10,30000
73901,10,50000
73902,10,30000
73903,10,20000
73904,10,10000
73905,10,30000
73906,10,30000
73907,10,50000
73908,10,0
73909,10,40000
73910,10,5000
73911,10,30000
73912,10,0
73913,10,30000
73914,10,20000
73915,10,30000
73916,10,50000
73917,10,40000
73918,10,0
73919,10,40000
73920,10,20000
73921,10,10000
73922,10,0
73923,10,0
73924,10,50000
73925,10,0
73926,10,40000
73927,10,30000
73928,10,50000
73929,10,20000
73930,10,0
73931,10,30000
73932,10,0
73933,10,0
73934,10,20000
73935,10,20000
73936,10,30000
73937,10,50000
73938,10,5000
73939,10,0
73940,10,0
73941,10,20000
73942,10,30000
73943,10,5000
73944,10,10000
73945,10,10000
73946,10,30000
73947,10,5000
73948,10,20000
73949,10,0
73950,10,5000
73951,10,0
73952,10,20000
73953,10,50000
73954,10,30000
73955,10,5000
73956,10,50000
73957,10,50000
73958,10,0
73959,10,40000
73960,10,20000
73961,10,50000
73962,10,10000
73963,10,0
73964,10,40000
73965,10,50000
73966,10,30000
73967,10,0
73968,10,0
73969,10,40000
73970,10,20000
73971,10,50000
73972,10,0
73973,10,50000
73974,10,50000
73975,10,0
73976,10,50000
73977,10,5000
73978,10,30000
73979,10,20000
73980,10,0
73981,10,0
73982,10,40000
73983,10,0
73984,10,30000
73985,10,10000
73986,10,0
73987,10,0
73988,10,50000
73989,10,0
73990,10,40000
73991,10,20000
73992,10,0
73993,10,20000
73994,10,5000
73995,10,0
73996,10,40000
73997,10,40000
73998,10,0
73999,10,10000
74000,10,10000
74001,10,50000
74002,10,0
74003,10,20000
74004,10,20000
74005,10,0
74006,10,0
74007,10,40000
74008,10,20000
74009,10,10000
74010,10,50000
74011,10,30000
74012,10,5000
74013,10,0
74014,10,0
74015,10,10
74016,10,30000
74017,10,40000
74018,10,50000
74019,10,30000
74020,10,30000
74021,10,40000
74022,10,40000
74023,10,5000
74024,10,0
74025,10,50000
74026,10,20000
74027,10,40000
74028,10,10000
74029,10,20000
74030,10,30000
74031,10,40000
74032,10,40000
74033,10,40000
74034,10,0
74035,10,0
74036,10,0
74037,10,10000
74038,10,30000
74039,10,0
74040,10,30000
74041,10,30000
74042,10,20000
74043,10,30000
74044,10,30000
74045,10,30000
74046,10,5000
74047,10,5000
74048,10,5000
74049,10,0
74050,10,20000
74051,10,0
74052,10,50000
74053,10,0
74054,10,10000
74055,10,0
74056,10,50000
74057,10,30000
74058,10,10000
74059,10,0
74060,10,50000
74061,10,0
74062,10,30000
74063,10,50000
74064,10,0
74065,10,10000
74066,10,0
74067,10,0
74068,10,20000
74069,10,30000
74070,10,0
74071,10,20000
74072,10,0
74073,10,30000
74074,10,0
74075,10,10000
74076,10,10000
74077,10,10000
74078,10,40000
74079,10,50000
74080,10,5000
74081,10,0
74082,10,50000
74083,10,40000
74084,10,0
74085,10,0
74086,10,50000
74087,10,0
74088,10,50000
74089,10,10000
74090,10,50000
74091,10,20000
74092,10,0
74093,10,30000
74094,10,50000
74095,10,30000
74096,10,30000
74097,10,0
74098,10,5000
74099,10,50000
74100,10,20000
74101,10,0
74102,10,10000
74103,10,50000
74104,10,30000
74105,10,10000
74106,10,10000
74107,10,5000
74108,10,20000
74109,10,30000
74110,10,0
74111,10,30000
74112,10,50000
74113,10,0
74114,10,0
74115,10,50000
74116,10,10000
74117,10,20000
74118,10,30000
74119,10,0
74120,10,10000
74121,10,50000
74122,10,20000
74123,10,40000
74124,10,0
74125,10,20000
74126,10,5000
74127,10,0
74128,10,0
74129,10,30000
74130,10,40000
74131,10,0
74132,10,20000
74133,10,10000
74134,10,20000
74135,10,0
74136,10,5000
74137,10,0
74138,10,5000
74139,10,0
74140,10,40000
74141,10,10000
74142,10,10000
74143,10,20000
74144,10,20000
74145,10,40000
74146,10,0
74147,10,0
74148,10,5000
74149,10,0
74150,10,50000
74151,10,20000
74152,10,30000
74153,10,5000
74154,10,0
74155,10,0
74156,10,0
74157,10,40000
74158,10,0
74159,10,10000
74160,10,30000
74161,10,20000
74162,10,5000
74163,10,30000
74164,10,30000
74165,10,20000
74166,10,50000
74167,10,50000
74168,10,5000
74169,10,30000
74170,10,10000
74171,10,5000
74172,10,40000
74173,10,5000
74174,10,0
74175,10,0
74176,10,0
74177,10,30000
74178,10,10000
74179,10,0
74180,10,0
74181,10,30000
74182,10,50000
74183,10,50000
74184,10,40000
74185,10,10000
74186,10,40000
74187,10,10000
74188,10,0
74189,10,10000
74190,10,40000
74191,10,10000
74192,10,30000
74193,10,30000
74194,10,40000
74195,10,0
74196,10,0
74197,10,40000
74198,10,0
74199,10,40000
74200,10,20000
74201,10,5000
74202,10,0
74203,10,50000
74204,10,5000
74205,10,10000
74206,10,0
74207,10,0
74208,10,20000
74209,10,0
74210,10,10000
74211,10,0
74212,10,0
74213,10,5000
74214,10,50000
74215,10,5000
74216,10,30000
74217,10,0
74218,10,40000
74219,10,20000
74220,10,0
74221,10,50000
74222,10,0
74223,10,30000
74224,10,0
74225,10,5000
74226,10,0
74227,10,5000
74228,10,10000
74229,10,30000
74230,10,50000
74231,10,40000
74232,10,20000
74233,10,50000
74234,10,0
74235,10,0
74236,10,40000
74237,10,5000
74238,10,0
74239,10,50000
74240,10,0
74241,10,5000
74242,10,0
74243,10,5000
74244,10,20000
74245,10,0
74246,10,40000
74247,10,20000
74248,10,20000
74249,10,5000
74250,10,20000
74251,10,10000
74252,10,0
74253,10,0
74254,10,30000
74255,10,20000
74256,10,30000
74257,10,20000
74258,10,0
74259,10,20000
74260,10,30000
74261,10,0
74262,10,5000
74263,10,30000
74264,10,30000
74265,10,40000
74266,10,40000
74267,10,40000
74268,10,20000
74269,10,0
74270,10,20000
74271,10,30000
74272,10,30000
74273,10,5000
74274,10,30000
74275,10,5000
74276,10,5000
74277,10,40000
74278,10,30000
74279,10,0
74280,10,0
74281,10,5000
74282,10,20000
74283,10,40000
74284,10,20000
74285,10,0
74286,10,0
74287,10,30000
74288,10,40000
74289,10,50000
74290,10,0
74291,10,0
74292,10,30000
74293,10,0
74294,10,20000
74295,10,30000
74296,10,30000
74297,10,20000
74298,10,30000
74299,10,20000
74300,10,40000
74301,10,0
74302,10,30000
74303,10,50000
74304,10,40000
74305,10,0
74306,10,40000
74307,10,0
74308,10,10000
74309,10,10000
74310,10,20000
74311,10,0
74312,10,40000
74313,10,0
74314,10,10000
74315,10,0
74316,10,50000
74317,10,5000
74318,10,30000
74319,10,20000
74320,10,50000
74321,10,0
74322,10,50000
74323,10,0
74324,10,0
74325,10,40000
74326,10,20000
74327,10,40000
74328,10,50000
74329,10,0
74330,10,30000
74331,10,0
74332,10,0
74333,10,30000
74334,10,0
74335,10,50000
74336,10,20000
74337,10,50000
74338,10,40000
74339,10,0
74340,10,0
74341,10,0
74342,10,10000
74343,10,0
74344,10,40000
74345,10,0
74346,10,0
74347,10,0
74348,10,10000
74349,10,5000
74350,10,50000
74351,10,50000
74352,10,10000
74353,10,5000
74354,10,30000
74355,10,50000
74356,10,50000
74357,10,30000
74358,10,50000
74359,10,5000
74360,10,0
74361,10,5000
74362,10,50000
74363,10,50000
74364,10,0
74365,10,10000
74366,10,20000
74367,10,30000
74368,10,50000
74369,10,50000
74370,10,30000
74371,10,5000
74372,10,0
74373,10,50000
74374,10,0
74375,10,50000
74376,10,30000
74377,10,10000
74378,10,0
74379,10,10000
74380,10,0
74381,10,0
74382,10,20000
74383,10,40000
74384,10,20000
74385,10,0
74386,10,20000
74387,10,30000
74388,10,30000
74389,10,0
74390,10,5000
74391,10,0
74392,10,20000
74393,10,30000
74394,10,50000
74395,10,0
74396,10,10000
74397,10,0
74398,10,5000
74399,10,10000
74400,10,5000
74401,10,5000
74402,10,50000
74403,10,50000
74404,10,50000
74405,10,0
74406,10,0
74407,10,10000
74408,10,50000
74409,10,5000
74410,10,50000
74411,10,10000
74412,10,30000
74413,10,20000
74414,10,40000
74415,10,30000
74416,10,20000
74417,10,40000
74418,10,50000
74419,10,0
74420,10,0
74421,10,40000
74422,10,30000
74423,10,50000
74424,10,5000
74425,10,0
74426,10,5000
74427,10,30000
74428,10,0
74429,10,0
74430,10,30000
74431,10,30000
74432,10,0
74433,10,40000
74434,10,5000
74435,10,20000
74436,10,10
74437,10,0
74438,10,20000
74439,10,0
74440,10,50000
74441,10,40000
74442,10,30000
74443,10,0
74444,10,40000
74445,10,5000
74446,10,40000
74447,10,10
74448,10,50000
74449,10,5000
74450,10,40000
74451,10,20000
74452,10,0
74453,10,40000
74454,10,20000
74455,10,0
74456,10,30000
74457,10,0
74458,10,40000
74459,10,0
74460,10,30000
74461,10,20000
74462,10,0
74463,10,20000
74464,10,40000
74465,10,40000
74466,10,40000
74467,10,5000
74468,10,20000
74469,10,50000
74470,10,30000
74471,10,10000
74472,10,20000
74473,10,50000
74474,10,0
74475,10,0
74476,10,0
74477,10,20000
74478,10,30000
74479,10,40000
74480,10,20000
74481,10,0
74482,10,0
74483,10,40000
74484,10,0
74485,10,0
74486,10,0
74487,10,0
74488,10,30000
74489,10,20000
74490,10,5000
74491,10,0
74492,10,0
74493,10,0
74494,10,10000
74495,10,40000
74496,10,10000
74497,10,5000
74498,10,0
74499,10,0
74500,10,40000
74501,10,5000
74502,10,5000
74503,10,40000
74504,10,30000
74505,10,10000
74506,10,10000
74507,10,5000
74508,10,0
74509,10,20000
74510,10,5000
74511,10,20000
74512,10,20000
74513,10,30000
74514,10,20000
74515,10,0
74516,10,0
74517,10,10000
74518,10,30000
74519,10,10000
74520,10,20000
74521,10,30000
74522,10,50000
74523,10,20000
74524,10,50000
74525,10,30000
74526,10,30000
74527,10,50000
74528,10,5000
74529,10,30000
74530,10,0
74531,10,30000
74532,10,30000
74533,10,20000
74534,10,10000
74535,10,0
74536,10,40000
74537,10,0
74538,10,30000
74539,10,20000
74540,10,20000
74541,10,5000
74542,10,0
74543,10,5000
74544,10,30000
74545,10,40000
74546,10,10000
74547,10,30000
74548,10,20000
74549,10,30000
74550,10,50000
74551,10,50000
74552,10,5000
74553,10,50000
74554,10,40000
74555,10,0
74556,10,5000
74557,10,5000
74558,10,0
74559,10,0
74560,10,0
74561,10,40000
74562,10,30000
74563,10,40000
74564,10,50000
74565,10,5000
74566,10,50000
74567,10,50000
74568,10,20000
74569,10,20000
74570,10,30000
74571,10,10000
74572,10,0
74573,10,50000
74574,10,30000
74575,10,40000
74576,10,0
74577,10,5000
74578,10,0
74579,10,5000
74580,10,5000
74581,10,30000
74582,10,30000
74583,10,30000
74584,10,5000
74585,10,10000
74586,10,50000
74587,10,20000
74588,10,20000
74589,10,50000
74590,10,5000
74591,10,30000
74592,10,50000
74593,10,50000
74594,10,5000
74595,10,0
74596,10,30000
74597,10,30000
74598,10,50000
74599,10,40000
74600,10,5000
74601,10,0
74602,10,0
74603,10,40000
74604,10,30000
74605,10,5000
74606,10,30000
74607,10,10000
74608,10,50000
74609,10,40000
74610,10,40000
74611,10,0
74612,10,0
74613,10,0
74614,10,10000
74615,10,50000
74616,10,0
74617,10,20000
74618,10,50000
74619,10,0
74620,10,5000
74621,10,0
74622,10,0
74623,10,10000
74624,10,20000
74625,10,30000
74626,10,0
74627,10,30000
74628,10,40000
74629,10,20000
74630,10,0
74631,10,30000
74632,10,30000
74633,10,30000
74634,10,0
74635,10,10000
74636,10,20000
74637,10,5000
74638,10,10000
74639,10,5000
74640,10,30000
74641,10,5000
74642,10,20000
74643,10,30000
74644,10,10000
74645,10,40000
74646,10,0
74647,10,10000
74648,10,0
74649,10,20000
74650,10,0
74651,10,0
74652,10,40000
74653,10,30000
74654,10,0
74655,10,0
74656,10,0
74657,10,20000
74658,10,30000
74659,10,40000
74660,10,50000
74661,10,0
74662,10,0
74663,10,30000
74664,10,40000
74665,10,0
74666,10,30000
74667,10,5000
74668,10,20000
74669,10,0
74670,10,50000
74671,10,0
74672,10,5000
74673,10,30000
74674,10,5000
74675,10,20000
74676,10,0
74677,10,40000
74678,10,50000
74679,10,0
74680,10,20000
74681,10,20000
74682,10,20000
74683,10,5000
74684,10,20000
74685,10,20000
74686,10,5000
74687,10,30000
74688,10,0
74689,10,40000
74690,10,30000
74691,10,20000
74692,10,5000
74693,10,40000
74694,10,5000
74695,10,30000
74696,10,0
74697,10,20000
74698,10,40000
74699,10,50000
74700,10,20000
74701,10,10000
74702,10,0
74703,10,10000
74704,10,5000
74705,10,20000
74706,10,50000
74707,10,50000
74708,10,10000
74709,10,0
74710,10,50000
74711,10,5000
74712,10,10000
74713,10,5000
74714,10,20000
74715,10,50000
74716,10,10000
74717,10,30000
74718,10,10000
74719,10,50000
74720,10,20000
74721,10,20000
74722,10,20000
74723,10,5000
74724,10,0
74725,10,30000
74726,10,50000
74727,10,20000
74728,10,50000
74729,10,0
74730,10,20000
74731,10,50000
74732,10,30000
74733,10,0
74734,10,0
74735,10,30000
74736,10,0
74737,10,20000
74738,10,40000
74739,10,0
74740,10,0
74741,10,10000
74742,10,0
74743,10,40000
74744,10,40000
74745,10,0
74746,10,5000
74747,10,0
74748,10,50000
74749,10,5000
74750,10,0
74751,10,0
74752,10,30000
74753,10,20000
74754,10,5000
74755,10,20000
74756,10,0
74757,10,40000
74758,10,50000
74759,10,0
74760,10,20000
74761,10,50000
74762,10,50000
74763,10,5000
74764,10,30000
74765,10,0
74766,10,40000
74767,10,40000
74768,10,0
74769,10,40000
74770,10,20000
74771,10,0
74772,10,10000
74773,10,50000
74774,10,0
74775,10,20000
74776,10,40000
74777,10,0
74778,10,30000
74779,10,0
74780,10,20000
74781,10,30000
74782,10,40000
74783,10,20000
74784,10,5000
74785,10,50000
74786,10,30000
74787,10,0
74788,10,20000
74789,10,0
74790,10,0
74791,10,10000
74792,10,0
74793,10,0
74794,10,0
74795,10,0
74796,10,30000
74797,10,0
74798,10,20000
74799,10,40000
74800,10,10000
74801,10,5000
74802,10,30000
74803,10,0
74804,10,30000
74805,10,5000
74806,10,20000
74807,10,30000
74808,10,20000
74809,10,0
74810,10,10000
74811,10,30000
74812,10,0
74813,10,50000
74814,10,30000
74815,10,30000
74816,10,30000
74817,10,0
74818,10,5000
74819,10,20000
74820,10,10000
74821,10,20000
74822,10,0
74823,10,10000
74824,10,20000
74825,10,20000
74826,10,0
74827,10,0
74828,10,40000
74829,10,40000
74830,10,0
74831,10,30000
74832,10,10000
74833,10,20000
74834,10,20000
74835,10,5000
74836,10,10000
74837,10,5000
74838,10,20000
74839,10,30000
74840,10,5000
74841,10,5000
74842,10,10000
74843,10,20000
74844,10,50000
74845,10,20000
74846,10,0
74847,10,30000
74848,10,40000
74849,10,0
74850,10,40000
74851,10,50000
74852,10,20000
74853,10,50000
74854,10,20000
74855,10,50000
74856,10,50000
74857,10,20000
74858,10,40000
74859,10,30000
74860,10,20000
74861,10,0
74862,10,30000
74863,10,20000
74864,10,30000
74865,10,5000
74866,10,10000
74867,10,30000
74868,10,0
74869,10,0
74870,10,40000
74871,10,30000
74872,10,0
74873,10,10000
74874,10,10000
74875,10,0
74876,10,10000
74877,10,0
74878,10,40000
74879,10,5000
74880,10,0
74881,10,40000
74882,10,0
74883,10,0
74884,10,40000
74885,10,0
74886,10,5000
74887,10,50000
74888,10,0
74889,10,50000
74890,10,0
74891,10,0
74892,10,30000
74893,10,30000
74894,10,0
74895,10,5000
74896,10,50000
74897,10,0
74898,10,10000
74899,10,0
74900,10,0
74901,10,50000
74902,10,0
74903,10,10000
74904,10,20000
74905,10,5000
74906,10,50000
74907,10,30000
74908,10,30000
74909,10,0
74910,10,50000
74911,10,0
74912,10,40000
74913,10,30000
74914,10,20000
74915,10,0
74916,10,0
74917,10,5000
74918,10,20000
74919,10,20000
74920,10,30000
74921,10,0
74922,10,5000
74923,10,0
74924,10,5000
74925,10,0
74926,10,50000
74927,10,5000
74928,10,20000
74929,10,30000
74930,10,0
74931,10,10000
74932,10,30000
74933,10,0
74934,10,40000
74935,10,30000
74936,10,0
74937,10,5000
74938,10,0
74939,10,30000
74940,10,20000
74941,10,0
74942,10,0
74943,10,10000
74944,10,30000
74945,10,50000
74946,10,0
74947,10,5000
74948,10,10000
74949,10,0
74950,10,0
74951,10,0
74952,10,20000
74953,10,20000
74954,10,0
74955,10,30000
74956,10,10000
74957,10,30000
74958,10,30000
74959,10,20000
74960,10,40000
74961,10,30000
74962,10,40000
74963,10,0
74964,10,50000
74965,10,0
74966,10,0
74967,10,0
74968,10,30000
74969,10,5000
74970,10,30000
74971,10,5000
74972,10,30000
74973,10,0
74974,10,30000
74975,10,0
74976,10,30000
74977,10,5000
74978,10,10000
74979,10,40000
74980,10,10000
74981,10,40000
74982,10,20000
74983,10,40000
74984,10,50000
74985,10,50000
74986,10,0
74987,10,0
74988,10,20000
74989,10,30000
74990,10,30000
74991,10,0
74992,10,20000
74993,10,10000
74994,10,0
74995,10,40000
74996,10,0
74997,10,10000
74998,10,10000
74999,10,30000
75000,10,40000
75001,10,10000
75002,10,20000
75003,10,5000
75004,10,0
75005,10,20000
75006,10,30000
75007,10,30000
75008,10,40000
75009,10,5000
75010,10,0
75011,10,5000
75012,10,40000
75013,10,10000
75014,10,0
75015,10,40000
75016,10,40000
75017,10,40000
75018,10,30000
75019,10,0
75020,10,50000
75021,10,50000
75022,10,20000
75023,10,0
75024,10,10000
75025,10,30000
75026,10,10000
75027,10,30000
75028,10,0
75029,10,0
75030,10,20000
75031,10,5000
75032,10,30000
75033,10,50000
75034,10,0
75035,10,0
75036,10,0
75037,10,50000
75038,10,0
75039,10,50000
75040,10,50000
75041,10,30000
75042,10,20000
75043,10,0
75044,10,0
75045,10,10000
75046,10,0
75047,10,50000
75048,10,30000
75049,10,0
75050,10,0
75051,10,10000
75052,10,40000
75053,10,30000
75054,10,20000
75055,10,0
75056,10,50000
75057,10,20000
75058,10,5000
75059,10,50000
75060,10,20000
75061,10,10000
75062,10,30000
75063,10,40000
75064,10,30000
75065,10,0
75066,10,50000
75067,10,0
75068,10,30000
75069,10,30000
75070,10,0
75071,10,20000
75072,10,30000
75073,10,0
75074,10,40000
75075,10,50000
75076,10,30000
75077,10,10000
75078,10,20000
75079,10,5000
75080,10,10000
75081,10,40000
75082,10,40000
75083,10,30000
75084,10,0
75085,10,0
75086,10,40000
75087,10,30000
75088,10,20000
75089,10,0
75090,10,30000
75091,10,10000
75092,10,0
75093,10,0
75094,10,50000
75095,10,5000
75096,10,10000
75097,10,40000
75098,10,0
75099,10,50000
75100,10,20000
75101,10,5000
75102,10,20000
75103,10,40000
75104,10,10000
75105,10,0
75106,10,5000
75107,10,5000
75108,10,0
75109,10,50000
75110,10,50000
75111,10,20000
75112,10,0
75113,10,0
75114,10,0
75115,10,0
75116,10,0
75117,10,50000
75118,10,50000
75119,10,5000
75120,10,30000
75121,10,50000
75122,10,0
75123,10,30000
75124,10,50000
75125,10,5000
75126,10,40000
75127,10,40000
75128,10,20000
75129,10,50000
75130,10,50000
75131,10,0
75132,10,5000
75133,10,20000
75134,10,5000
75135,10,30000
75136,10,5000
75137,10,20000
75138,10,0
75139,10,30000
75140,10,0
75141,10,20000
75142,10,5000
75143,10,20000
75144,10,0
75145,10,50000
75146,10,40000
75147,10,40000
75148,10,30000
75149,10,30000
75150,10,30000
75151,10,50000
75152,10,5000
75153,10,40000
75154,10,50000
75155,10,30000
75156,10,0
75157,10,10000
75158,10,0
75159,10,0
75160,10,20000
75161,10,20000
75162,10,0
75163,10,30000
75164,10,50000
75165,10,50000
75166,10,50000
75167,10,5000
75168,10,30000
75169,10,0
75170,10,0
75171,10,20000
75172,10,0
75173,10,40000
75174,10,0
75175,10,40000
75176,10,20000
75177,10,40000
75178,10,40000
75179,10,5000
75180,10,30000
75181,10,0
75182,10,40000
75183,10,20000
75184,10,40000
75185,10,20000
75186,10,0
75187,10,10000
75188,10,40000
75189,10,5000
75190,10,30000
75191,10,50000
75192,10,0
75193,10,10000
75194,10,0
75195,10,0
75196,10,0
75197,10,10
75198,10,0
75199,10,0
75200,10,0
75201,10,30000
75202,10,40000
75203,10,0
75204,10,40000
75205,10,30000
75206,10,20000
75207,10,0
75208,10,30000
75209,10,50000
75210,10,5000
75211,10,10000
75212,10,0
75213,10,0
75214,10,40000
75215,10,10000
75216,10,20000
75217,10,0
75218,10,50000
75219,10,0
75220,10,40000
75221,10,50000
75222,10,30000
75223,10,0
75224,10,20000
75225,10,0
75226,10,20000
75227,10,10000
75228,10,40000
75229,10,50000
75230,10,50000
75231,10,0
75232,10,50000
75233,10,10000
75234,10,40000
75235,10,0
75236,10,30000
75237,10,0
75238,10,5000
75239,10,10000
75240,10,20000
75241,10,0
75242,10,20000
75243,10,40000
75244,10,0
75245,10,10000
75246,10,50000
75247,10,5000
75248,10,0
75249,10,30000
75250,10,20000
75251,10,10000
75252,10,0
75253,10,20000
75254,10,0
75255,10,0
75256,10,10000
75257,10,40000
75258,10,50000
75259,10,0
75260,10,30000
75261,10,0
75262,10,40000
75263,10,0
75264,10,0
75265,10,20000
75266,10,0
75267,10,0
75268,10,5000
75269,10,0
75270,10,0
75271,10,40000
75272,10,50000
75273,10,0
75274,10,0
75275,10,10000
75276,10,5000
75277,10,10000
75278,10,5000
75279,10,10000
75280,10,50000
75281,10,40000
75282,10,30000
75283,10,10000
75284,10,50000
75285,10,5000
75286,10,10000
75287,10,20000
75288,10,30000
75289,10,30000
75290,10,5000
75291,10,0
75292,10,5000
75293,10,30000
75294,10,40000
75295,10,50000
75296,10,0
75297,10,5000
75298,10,0
75299,10,30000
75300,10,20000
75301,10,40000
75302,10,0
75303,10,30000
75304,10,10000
75305,10,0
75306,10,5000
75307,10,0
75308,10,50000
75309,10,20000
75310,10,0
75311,10,30000
75312,10,30000
75313,10,20000
75314,10,0
75315,10,0
75316,10,50000
75317,10,40000
75318,10,20000
75319,10,0
75320,10,0
75321,10,50000
75322,10,30000
75323,10,40000
75324,10,0
75325,10,30000
75326,10,20000
75327,10,0
75328,10,0
75329,10,50000
75330,10,20000
75331,10,20000
75332,10,5000
75333,10,5000
75334,10,0
75335,10,0
75336,10,40000
75337,10,10000
75338,10,20000
75339,10,30000
75340,10,30000
75341,10,0
75342,10,10
75343,10,20000
75344,10,50000
75345,10,0
75346,10,0
75347,10,30000
75348,10,50000
75349,10,50000
75350,10,0
75351,10,5000
75352,10,5000
75353,10,40000
75354,10,0
75355,10,30000
75356,10,20000
75357,10,40000
75358,10,30000
75359,10,0
75360,10,0
75361,10,0
75362,10,10000
75363,10,0
75364,10,40000
75365,10,30000
75366,10,20000
75367,10,0
75368,10,0
75369,10,30000
75370,10,0
75371,10,0
75372,10,30000
75373,10,50000
75374,10,40000
75375,10,40000
75376,10,0
75377,10,20000
75378,10,0
75379,10,40000
75380,10,40000
75381,10,10000
75382,10,50000
75383,10,20000
75384,10,5000
75385,10,0
75386,10,30000
75387,10,40000
75388,10,30000
75389,10,40000
75390,10,5000
75391,10,30000
75392,10,0
75393,10,0
75394,10,0
75395,10,20000
75396,10,40000
75397,10,10000
75398,10,30000
75399,10,10000
75400,10,30000
75401,10,10000
75402,10,0
75403,10,10000
75404,10,30000
75405,10,5000
75406,10,10000
75407,10,5000
75408,10,0
75409,10,30000
75410,10,0
75411,10,50000
75412,10,30000
75413,10,20000
75414,10,40000
75415,10,5000
75416,10,10000
75417,10,0
75418,10,0
75419,10,30000
75420,10,20000
75421,10,40000
75422,10,5000
75423,10,10000
75424,10,30000
75425,10,0
75426,10,0
75427,10,0
75428,10,20000
75429,10,20000
75430,10,0
75431,10,30000
75432,10,50000
75433,10,0
75434,10,10000
75435,10,30000
75436,10,30000
75437,10,0
75438,10,30000
75439,10,20000
75440,10,40000
75441,10,0
75442,10,50000
75443,10,0
75444,10,20000
75445,10,50000
75446,10,30000
75447,10,10000
75448,10,50000
75449,10,50000
75450,10,50000
75451,10,0
75452,10,0
75453,10,0
75454,10,30000
75455,10,0
75456,10,40000
75457,10,20000
75458,10,30000
75459,10,50000
75460,10,50000
75461,10,10000
75462,10,20000
75463,10,50000
75464,10,20000
75465,10,5000
75466,10,40000
75467,10,30000
75468,10,10000
75469,10,40000
75470,10,50000
75471,10,30000
75472,10,30000
75473,10,5000
75474,10,0
75475,10,0
75476,10,0
75477,10,50000
75478,10,40000
75479,10,50000
75480,10,0
75481,10,20000
75482,10,40000
75483,10,50000
75484,10,40000
75485,10,10000
75486,10,40000
75487,10,50000
75488,10,40000
75489,10,10000
75490,10,0
75491,10,30000
75492,10,20000
75493,10,20000
75494,10,20000
75495,10,0
75496,10,0
75497,10,10000
75498,10,10000
75499,10,0
75500,10,20000
75501,10,50000
75502,10,0
75503,10,10000
75504,10,20000
75505,10,50000
75506,10,50000
75507,10,30000
75508,10,5000
75509,10,0
75510,10,0
75511,10,10000
75512,10,30000
75513,10,30000
75514,10,20000
75515,10,5000
75516,10,10000
75517,10,30000
75518,10,30000
75519,10,20000
75520,10,0
75521,10,0
75522,10,0
75523,10,30000
75524,10,0
75525,10,10000
75526,10,10000
75527,10,30000
75528,10,20000
75529,10,0
75530,10,0
75531,10,50000
75532,10,30000
75533,10,30000
75534,10,0
75535,10,50000
75536,10,40000
75537,10,20000
75538,10,20000
75539,10,30000
75540,10,50000
75541,10,0
75542,10,20000
75543,10,30000
75544,10,0
75545,10,10000
75546,10,30000
75547,10,30000
75548,10,0
75549,10,0
75550,10,20000
75551,10,0
75552,10,40000
75553,10,40000
75554,10,20000
75555,10,50000
75556,10,20000
75557,10,0
75558,10,40000
75559,10,20000
75560,10,30000
75561,10,50000
75562,10,0
75563,10,50000
75564,10,50000
75565,10,50000
75566,10,0
75567,10,20000
75568,10,30000
75569,10,0
75570,10,10000
75571,10,20000
75572,10,5000
75573,10,10000
75574,10,20000
75575,10,30000
75576,10,50000
75577,10,5000
75578,10,20000
75579,10,30000
75580,10,10000
75581,10,30000
75582,10,20000
75583,10,50000
75584,10,10000
75585,10,30000
75586,10,30000
75587,10,0
75588,10,10000
75589,10,0
75590,10,5000
75591,10,50000
75592,10,40000
75593,10,0
75594,10,40000
75595,10,40000
75596,10,10
75597,10,0
75598,10,10000
75599,10,30000
75600,10,10000
75601,10,20000
75602,10,30000
75603,10,10000
75604,10,50000
75605,10,0
75606,10,50000
75607,10,0
75608,10,20000
75609,10,50000
75610,10,0
75611,10,20000
75612,10,40000
75613,10,30000
75614,10,20000
75615,10,40000
75616,10,0
75617,10,20000
75618,10,50000
75619,10,40000
75620,10,50000
75621,10,10000
75622,10,50000
75623,10,50000
75624,10,0
75625,10,40000
75626,10,10000
75627,10,0
75628,10,20000
75629,10,30000
75630,10,20000
75631,10,10000
75632,10,0
75633,10,50000
75634,10,50000
75635,10,0
75636,10,30000
75637,10,50000
75638,10,40000
75639,10,50000
75640,10,20000
75641,10,10
75642,10,10000
75643,10,0
75644,10,0
75645,10,50000
75646,10,50000
75647,10,50000
75648,10,0
75649,10,0
75650,10,0
75651,10,0
75652,10,5000
75653,10,0
75654,10,40000
75655,10,10000
75656,10,0
75657,10,30000
75658,10,20000
75659,10,20000
75660,10,5000
75661,10,50000
75662,10,0
75663,10,20000
75664,10,0
75665,10,0
75666,10,0
75667,10,50000
75668,10,30000
75669,10,0
75670,10,0
75671,10,0
75672,10,50000
75673,10,30000
75674,10,20000
75675,10,0
75676,10,0
75677,10,10000
75678,10,40000
75679,10,5000
75680,10,20000
75681,10,50000
75682,10,50000
75683,10,50000
75684,10,0
75685,10,40000
75686,10,20000
75687,10,0
75688,10,50000
75689,10,0
75690,10,30000
75691,10,40000
75692,10,20000
75693,10,0
75694,10,5000
75695,10,0
75696,10,5000
75697,10,10000
75698,10,0
75699,10,30000
75700,10,0
75701,10,0
75702,10,0
75703,10,30000
75704,10,20000
75705,10,30000
75706,10,20000
75707,10,40000
75708,10,20000
75709,10,40000
75710,10,0
75711,10,5000
75712,10,0
75713,10,20000
75714,10,30000
75715,10,50000
75716,10,0
75717,10,10000
75718,10,5000
75719,10,30000
75720,10,10000
75721,10,20000
75722,10,30000
75723,10,40000
75724,10,0
75725,10,50000
75726,10,10000
75727,10,0
75728,10,0
75729,10,10000
75730,10,0
75731,10,5000
75732,10,0
75733,10,5000
75734,10,10000
75735,10,50000
75736,10,50000
75737,10,0
75738,10,40000
75739,10,20000
75740,10,5000
75741,10,0
75742,10,30000
75743,10,20000
75744,10,40000
75745,10,20000
75746,10,20000
75747,10,0
75748,10,50000
75749,10,5000
75750,10,30000
75751,10,50000
75752,10,20000
75753,10,30000
75754,10,0
75755,10,20000
75756,10,20000
75757,10,20000
75758,10,20000
75759,10,10000
75760,10,40000
75761,10,50000
75762,10,0
75763,10,0
75764,10,10000
75765,10,0
75766,10,20000
75767,10,30000
75768,10,20000
75769,10,20000
75770,10,50000
75771,10,0
75772,10,0
75773,10,0
75774,10,40000
75775,10,0
75776,10,10000
75777,10,10000
75778,10,0
75779,10,0
75780,10,0
75781,10,5000
75782,10,5000
75783,10,20000
75784,10,10000
75785,10,30000
75786,10,50000
75787,10,20000
75788,10,0
75789,10,40000
75790,10,20000
75791,10,50000
75792,10,30000
75793,10,30000
75794,10,0
75795,10,40000
75796,10,0
75797,10,0
75798,10,20000
75799,10,10000
75800,10,0
75801,10,0
75802,10,10000
75803,10,30000
75804,10,20000
75805,10,40000
75806,10,20000
75807,10,30000
75808,10,0
75809,10,30000
75810,10,0
75811,10,40000
75812,10,40000
75813,10,40000
75814,10,5000
75815,10,30000
75816,10,30000
75817,10,50000
75818,10,20000
75819,10,5000
75820,10,30000
75821,10,5000
75822,10,20000
75823,10,20000
75824,10,50000
75825,10,20000
75826,10,10000
75827,10,20000
75828,10,10
75829,10,40000
75830,10,40000
75831,10,50000
75832,10,5000
75833,10,20000
75834,10,5000
75835,10,0
75836,10,20000
75837,10,30000
75838,10,0
75839,10,20000
75840,10,20000
75841,10,50000
75842,10,50000
75843,10,30000
75844,10,10000
75845,10,50000
75846,10,50000
75847,10,0
75848,10,5000
75849,10,20000
75850,10,5000
75851,10,0
75852,10,5000
75853,10,20000
75854,10,0
75855,10,0
75856,10,50000
75857,10,5000
75858,10,30000
75859,10,5000
75860,10,5000
75861,10,0
75862,10,50000
75863,10,30000
75864,10,0
75865,10,20000
75866,10,20000
75867,10,40000
75868,10,0
75869,10,30000
75870,10,20000
75871,10,5000
75872,10,50000
75873,10,30000
75874,10,20000
75875,10,0
75876,10,0
75877,10,30000
75878,10,10000
75879,10,5000
75880,10,30000
75881,10,0
75882,10,0
75883,10,50000
75884,10,50000
75885,10,10000
75886,10,0
75887,10,5000
75888,10,20000
75889,10,0
75890,10,30000
75891,10,50000
75892,10,20000
75893,10,20000
75894,10,0
75895,10,20000
75896,10,30000
75897,10,5000
75898,10,0
75899,10,0
75900,10,50000
75901,10,40000
75902,10,50000
75903,10,30000
75904,10,0
75905,10,40000
75906,10,40000
75907,10,30000
75908,10,0
75909,10,40000
75910,10,5000
75911,10,30000
75912,10,0
75913,10,40000
75914,10,0
75915,10,10000
75916,10,20000
75917,10,5000
75918,10,0
75919,10,0
75920,10,0
75921,10,0
75922,10,50000
75923,10,40000
75924,10,0
75925,10,40000
75926,10,50000
75927,10,20000
75928,10,30000
75929,10,50000
75930,10,0
75931,10,10000
75932,10,30000
75933,10,10000
75934,10,20000
75935,10,0
75936,10,0
75937,10,50000
75938,10,50000
75939,10,20000
75940,10,10000
75941,10,50000
75942,10,20000
75943,10,50000
75944,10,30000
75945,10,20000
75946,10,40000
75947,10,10
75948,10,40000
75949,10,30000
75950,10,0
75951,10,0
75952,10,0
75953,10,30000
75954,10,40000
75955,10,0
75956,10,20000
75957,10,5000
75958,10,30000
75959,10,40000
75960,10,30000
75961,10,50000
75962,10,5000
75963,10,40000
75964,10,0
75965,10,40000
75966,10,0
75967,10,40000
75968,10,0
75969,10,50000
75970,10,0
75971,10,20000
75972,10,20000
75973,10,0
75974,10,0
75975,10,0
75976,10,5000
75977,10,0
75978,10,30000
75979,10,30000
75980,10,30000
75981,10,30000
75982,10,10000
75983,10,10000
75984,10,0
75985,10,50000
75986,10,40000
75987,10,30000
75988,10,0
75989,10,30000
75990,10,0
75991,10,40000
75992,10,0
75993,10,10000
75994,10,20000
75995,10,50000
75996,10,30000
75997,10,30000
75998,10,50000
75999,10,40000
76000,10,40000
76001,10,0
76002,10,40000
76003,10,50000
76004,10,0
76005,10,40000
76006,10,0
76007,10,5000
76008,10,30000
76009,10,50000
76010,10,30000
76011,10,40000
76012,10,20000
76013,10,30000
76014,10,0
76015,10,50000
76016,10,20000
76017,10,5000
76018,10,5000
76019,10,10000
76020,10,20000
76021,10,0
76022,10,30000
76023,10,0
76024,10,0
76025,10,5000
76026,10,10000
76027,10,50000
76028,10,50000
76029,10,30000
76030,10,30000
76031,10,50000
76032,10,30000
76033,10,50000
76034,10,30000
76035,10,0
76036,10,50000
76037,10,0
76038,10,0
76039,10,30000
76040,10,20000
76041,10,10000
76042,10,0
76043,10,20000
76044,10,30000
76045,10,10000
76046,10,30000
76047,10,50000
76048,10,0
76049,10,30000
76050,10,0
76051,10,0
76052,10,0
76053,10,10000
76054,10,20000
76055,10,0
76056,10,30000
76057,10,0
76058,10,50000
76059,10,10000
76060,10,0
76061,10,0
76062,10,50000
76063,10,50000
76064,10,0
76065,10,10
76066,10,20000
76067,10,40000
76068,10,0
76069,10,0
76070,10,30000
76071,10,50000
76072,10,20000
76073,10,40000
76074,10,40000
76075,10,10000
76076,10,0
76077,10,30000
76078,10,30000
76079,10,10000
76080,10,40000
76081,10,0
76082,10,0
76083,10,0
76084,10,30000
76085,10,10000
76086,10,30000
76087,10,50000
76088,10,50000
76089,10,40000
76090,10,40000
76091,10,10000
76092,10,10000
76093,10,10000
76094,10,40000
76095,10,30000
76096,10,50000
76097,10,30000
76098,10,30000
76099,10,20000
76100,10,0
76101,10,50000
76102,10,10000
76103,10,5000
76104,10,0
76105,10,10000
76106,10,5000
76107,10,0
76108,10,10000
76109,10,40000
76110,10,10
76111,10,50000
76112,10,30000
76113,10,0
76114,10,30000
76115,10,0
76116,10,0
76117,10,0
76118,10,40000
76119,10,30000
76120,10,20000
76121,10,0
76122,10,40000
76123,10,50000
76124,10,30000
76125,10,0
76126,10,50000
76127,10,0
76128,10,50000
76129,10,30000
76130,10,10000
76131,10,20000
76132,10,0
76133,10,0
76134,10,20000
76135,10,0
76136,10,10000
76137,10,30000
76138,10,10000
76139,10,20000
76140,10,0
76141,10,20000
76142,10,50000
76143,10,0
76144,10,5000
76145,10,20000
76146,10,50000
76147,10,40000
76148,10,50000
76149,10,10000
76150,10,0
76151,10,30000
76152,10,5000
76153,10,0
76154,10,20000
76155,10,0
76156,10,5000
76157,10,10000
76158,10,30000
76159,10,50000
76160,10,20000
76161,10,20000
76162,10,30000
76163,10,0
76164,10,50000
76165,10,0
76166,10,10
76167,10,50000
76168,10,5000
76169,10,5000
76170,10,40000
76171,10,20000
76172,10,20000
76173,10,5000
76174,10,50000
76175,10,5000
76176,10,0
76177,10,50000
76178,10,10000
76179,10,0
76180,10,0
76181,10,20000
76182,10,0
76183,10,0
76184,10,40000
76185,10,40000
76186,10,10000
76187,10,30000
76188,10,30000
76189,10,20000
76190,10,0
76191,10,10000
76192,10,0
76193,10,50000
76194,10,20000
76195,10,50000
76196,10,5000
76197,10,50000
76198,10,50000
76199,10,50000
76200,10,5000
76201,10,30000
76202,10,20000
76203,10,20000
76204,10,20000
76205,10,50000
76206,10,50000
76207,10,40000
76208,10,20000
76209,10,5000
76210,10,40000
76211,10,20000
76212,10,30000
76213,10,50000
76214,10,10000
76215,10,30000
76216,10,40000
76217,10,10000
76218,10,0
76219,10,10000
76220,10,40000
76221,10,30000
76222,10,40000
76223,10,30000
76224,10,0
76225,10,20000
76226,10,20000
76227,10,30000
76228,10,40000
76229,10,20000
76230,10,30000
76231,10,0
76232,10,50000
76233,10,30000
76234,10,0
76235,10,0
76236,10,5000
76237,10,10000
76238,10,5000
76239,10,5000
76240,10,40000
76241,10,0
76242,10,5000
76243,10,0
76244,10,20000
76245,10,50000
76246,10,20000
76247,10,20000
76248,10,30000
76249,10,50000
76250,10,30000
76251,10,10000
76252,10,20000
76253,10,20000
76254,10,30000
76255,10,0
76256,10,20000
76257,10,30000
76258,10,50000
76259,10,0
76260,10,40000
76261,10,0
76262,10,30000
76263,10,0
76264,10,0
76265,10,0
76266,10,5000
76267,10,0
76268,10,0
76269,10,20000
76270,10,5000
76271,10,50000
76272,10,0
76273,10,20000
76274,10,50000
76275,10,50000
76276,10,10000
76277,10,50000
76278,10,0
76279,10,40000
76280,10,10000
76281,10,40000
76282,10,10000
76283,10,0
76284,10,20000
76285,10,5000
76286,10,0
76287,10,30000
76288,10,0
76289,10,20000
76290,10,40000
76291,10,0
76292,10,20000
76293,10,0
76294,10,20000
76295,10,40000
76296,10,30000
76297,10,50000
76298,10,50000
76299,10,20000
76300,10,0
76301,10,20000
76302,10,10000
76303,10,50000
76304,10,20000
76305,10,20000
76306,10,50000
76307,10,0
76308,10,50000
76309,10,0
76310,10,30000
76311,10,0
76312,10,20000
76313,10,0
76314,10,10000
76315,10,5000
76316,10,0
76317,10,30000
76318,10,30000
76319,10,20000
76320,10,5000
76321,10,40000
76322,10,0
76323,10,10000
76324,10,20000
76325,10,50000
76326,10,50000
76327,10,30000
76328,10,40000
76329,10,5000
76330,10,20000
76331,10,0
76332,10,0
76333,10,20000
76334,10,0
76335,10,0
76336,10,0
76337,10,10000
76338,10,0
76339,10,50000
76340,10,5000
76341,10,40000
76342,10,0
76343,10,30000
76344,10,20000
76345,10,40000
76346,10,40000
76347,10,0
76348,10,40000
76349,10,0
76350,10,30000
76351,10,5000
76352,10,30000
76353,10,30000
76354,10,50000
76355,10,50000
76356,10,20000
76357,10,5000
76358,10,0
76359,10,50000
76360,10,0
76361,10,5000
76362,10,5000
76363,10,0
76364,10,0
76365,10,0
76366,10,0
76367,10,0
76368,10,10000
76369,10,40000
76370,10,30000
76371,10,5000
76372,10,10000
76373,10,20000
76374,10,20000
76375,10,0
76376,10,30000
76377,10,20000
76378,10,30000
76379,10,50000
76380,10,0
76381,10,50000
76382,10,30000
76383,10,50000
76384,10,40000
76385,10,30000
76386,10,40000
76387,10,0
76388,10,5000
76389,10,5000
76390,10,0
76391,10,5000
76392,10,0
76393,10,20000
76394,10,40000
76395,10,0
76396,10,0
76397,10,10000
76398,10,30000
76399,10,50000
76400,10,50000
76401,10,0
76402,10,0
76403,10,10000
76404,10,40000
76405,10,30000
76406,10,20000
76407,10,20000
76408,10,50000
76409,10,50000
76410,10,20000
76411,10,5000
76412,10,0
76413,10,50000
76414,10,5000
76415,10,50000
76416,10,0
76417,10,5000
76418,10,0
76419,10,20000
76420,10,20000
76421,10,20000
76422,10,5000
76423,10,10000
76424,10,0
76425,10,0
76426,10,40000
76427,10,40000
76428,10,30000
76429,10,0
76430,10,0
76431,10,0
76432,10,0
76433,10,0
76434,10,50000
76435,10,10000
76436,10,50000
76437,10,10000
76438,10,0
76439,10,0
76440,10,20000
76441,10,20000
76442,10,30000
76443,10,10000
76444,10,0
76445,10,20000
76446,10,0
76447,10,0
76448,10,5000
76449,10,0
76450,10,40000
76451,10,10000
76452,10,0
76453,10,0
76454,10,0
76455,10,5000
76456,10,40000
76457,10,30000
76458,10,0
76459,10,20000
76460,10,40000
76461,10,40000
76462,10,50000
76463,10,40000
76464,10,30000
76465,10,0
76466,10,5000
76467,10,50000
76468,10,10000
76469,10,50000
76470,10,0
76471,10,10000
76472,10,20000
76473,10,5000
76474,10,0
76475,10,40000
76476,10,5000
76477,10,40000
76478,10,0
76479,10,0
76480,10,0
76481,10,20000
76482,10,40000
76483,10,30000
76484,10,20000
76485,10,20000
76486,10,20000
76487,10,0
76488,10,5000
76489,10,5000
76490,10,0
76491,10,30000
76492,10,30000
76493,10,0
76494,10,10000
76495,10,30000
76496,10,40000
76497,10,50000
76498,10,0
76499,10,30000
76500,10,40000
76501,10,10000
76502,10,20000
76503,10,30000
76504,10,50000
76505,10,0
76506,10,40000
76507,10,40000
76508,10,0
76509,10,30000
76510,10,5000
76511,10,40000
76512,10,50000
76513,10,20000
76514,10,0
76515,10,5000
76516,10,20000
76517,10,0
76518,10,0
76519,10,5000
76520,10,0
76521,10,30000
76522,10,0
76523,10,50000
76524,10,20000
76525,10,30000
76526,10,50000
76527,10,40000
76528,10,20000
76529,10,30000
76530,10,0
76531,10,30000
76532,10,0
76533,10,30000
76534,10,0
76535,10,0
76536,10,20000
76537,10,0
76538,10,50000
76539,10,20000
76540,10,0
76541,10,5000
76542,10,0
76543,10,50000
76544,10,0
76545,10,0
76546,10,0
76547,10,20000
76548,10,30000
76549,10,50000
76550,10,20000
76551,10,5000
76552,10,20000
76553,10,20000
76554,10,0
76555,10,40000
76556,10,0
76557,10,30000
76558,10,0
76559,10,0
76560,10,40000
76561,10,10000
76562,10,20000
76563,10,50000
76564,10,30000
76565,10,5000
76566,10,0
76567,10,40000
76568,10,50000
76569,10,20000
76570,10,20000
76571,10,50000
76572,10,0
76573,10,20000
76574,10,0
76575,10,0
76576,10,10000
76577,10,0
76578,10,40000
76579,10,10000
76580,10,50000
76581,10,20000
76582,10,10000
76583,10,0
76584,10,0
76585,10,0
76586,10,0
76587,10,0
76588,10,0
76589,10,5000
76590,10,0
76591,10,50000
76592,10,0
76593,10,0
76594,10,30000
76595,10,0
76596,10,0
76597,10,0
76598,10,10000
76599,10,30000
76600,10,30000
76601,10,30000
76602,10,10000
76603,10,0
76604,10,20000
76605,10,30000
76606,10,40000
76607,10,30000
76608,10,0
76609,10,0
76610,10,0
76611,10,5000
76612,10,30000
76613,10,30000
76614,10,30000
76615,10,40000
76616,10,0
76617,10,50000
76618,10,0
76619,10,20000
76620,10,0
76621,10,30000
76622,10,30000
76623,10,10000
76624,10,0
76625,10,20000
76626,10,50000
76627,10,5000
76628,10,5000
76629,10,30000
76630,10,30000
76631,10,40000
76632,10,10000
76633,10,0
76634,10,30000
76635,10,5000
76636,10,50000
76637,10,30000
76638,10,0
76639,10,30000
76640,10,0
76641,10,5000
76642,10,5000
76643,10,0
76644,10,40000
76645,10,0
76646,10,0
76647,10,30000
76648,10,0
76649,10,0
76650,10,50000
76651,10,0
76652,10,20000
76653,10,30000
76654,10,20000
76655,10,20000
76656,10,20000
76657,10,5000
76658,10,50000
76659,10,30000
76660,10,0
76661,10,0
76662,10,20000
76663,10,10000
76664,10,0
76665,10,50000
76666,10,0
76667,10,0
76668,10,5000
76669,10,50000
76670,10,40000
76671,10,0
76672,10,10000
76673,10,5000
76674,10,20000
76675,10,30000
76676,10,0
76677,10,30000
76678,10,20000
76679,10,50000
76680,10,5000
76681,10,5000
76682,10,10
76683,10,40000
76684,10,40000
76685,10,0
76686,10,10000
76687,10,20000
76688,10,20000
76689,10,50000
76690,10,0
76691,10,50000
76692,10,50000
76693,10,0
76694,10,20000
76695,10,40000
76696,10,5000
76697,10,5000
76698,10,30000
76699,10,0
76700,10,10000
76701,10,5000
76702,10,20000
76703,10,0
76704,10,0
76705,10,50000
76706,10,20000
76707,10,20000
76708,10,50000
76709,10,5000
76710,10,10000
76711,10,20000
76712,10,10000
76713,10,30000
76714,10,0
76715,10,0
76716,10,50000
76717,10,0
76718,10,5000
76719,10,40000
76720,10,10000
76721,10,50000
76722,10,20000
76723,10,0
76724,10,20000
76725,10,0
76726,10,30000
76727,10,10000
76728,10,0
76729,10,5000
76730,10,40000
76731,10,5000
76732,10,30000
76733,10,10000
76734,10,20000
76735,10,10000
76736,10,10000
76737,10,0
76738,10,10000
76739,10,20000
76740,10,40000
76741,10,20000
76742,10,0
76743,10,0
76744,10,50000
76745,10,5000
76746,10,5000
76747,10,50000
76748,10,10000
76749,10,20000
76750,10,30000
76751,10,30000
76752,10,10000
76753,10,20000
76754,10,30000
76755,10,20000
76756,10,30000
76757,10,0
76758,10,5000
76759,10,0
76760,10,50000
76761,10,0
76762,10,10000
76763,10,30000
76764,10,30000
76765,10,20000
76766,10,40000
76767,10,50000
76768,10,30000
76769,10,5000
76770,10,5000
76771,10,50000
76772,10,0
76773,10,20000
76774,10,50000
76775,10,40000
76776,10,20000
76777,10,0
76778,10,40000
76779,10,5000
76780,10,5000
76781,10,0
76782,10,5000
76783,10,30000
76784,10,0
76785,10,30000
76786,10,10000
76787,10,0
76788,10,0
76789,10,0
76790,10,20000
76791,10,30000
76792,10,0
76793,10,0
76794,10,10000
76795,10,10000
76796,10,5000
76797,10,10000
76798,10,30000
76799,10,40000
76800,10,40000
76801,10,30000
76802,10,30000
76803,10,50000
76804,10,0
76805,10,20000
76806,10,0
76807,10,50000
76808,10,50000
76809,10,20000
76810,10,50000
76811,10,5000
76812,10,30000
76813,10,40000
76814,10,0
76815,10,10000
76816,10,0
76817,10,0
76818,10,40000
76819,10,0
76820,10,50000
76821,10,20000
76822,10,0
76823,10,10
76824,10,30000
76825,10,5000
76826,10,20000
76827,10,30000
76828,10,0
76829,10,0
76830,10,50000
76831,10,30000
76832,10,0
76833,10,0
76834,10,30000
76835,10,40000
76836,10,30000
76837,10,20000
76838,10,5000
76839,10,0
76840,10,30000
76841,10,40000
76842,10,10000
76843,10,0
76844,10,0
76845,10,10000
76846,10,50000
76847,10,30000
76848,10,10000
76849,10,30000
76850,10,30000
76851,10,5000
76852,10,20000
76853,10,0
76854,10,30000
76855,10,5000
76856,10,50000
76857,10,0
76858,10,50000
76859,10,5000
76860,10,0
76861,10,20000
76862,10,50000
76863,10,5000
76864,10,40000
76865,10,0
76866,10,10000
76867,10,40000
76868,10,20000
76869,10,10000
76870,10,0
76871,10,40000
76872,10,0
76873,10,40000
76874,10,20000
76875,10,50000
76876,10,20000
76877,10,40000
76878,10,30000
76879,10,0
76880,10,30000
76881,10,0
76882,10,0
76883,10,0
76884,10,40000
76885,10,40000
76886,10,30000
76887,10,20000
76888,10,30000
76889,10,0
76890,10,0
76891,10,10000
76892,10,40000
76893,10,0
76894,10,5000
76895,10,20000
76896,10,0
76897,10,20000
76898,10,20000
76899,10,40000
76900,10,30000
76901,10,0
76902,10,30000
76903,10,5000
76904,10,0
76905,10,20000
76906,10,5000
76907,10,20000
76908,10,20000
76909,10,40000
76910,10,20000
76911,10,10000
76912,10,20000
76913,10,40000
76914,10,5000
76915,10,10000
76916,10,5000
76917,10,20000
76918,10,20000
76919,10,0
76920,10,50000
76921,10,20000
76922,10,30000
76923,10,5000
76924,10,0
76925,10,5000
76926,10,20000
76927,10,50000
76928,10,30000
76929,10,30000
76930,10,40000
76931,10,30000
76932,10,30000
76933,10,30000
76934,10,10000
76935,10,20000
76936,10,5000
76937,10,0
76938,10,0
76939,10,50000
76940,10,10000
76941,10,5000
76942,10,0
76943,10,40000
76944,10,50000
76945,10,40000
76946,10,20000
76947,10,10000
76948,10,20000
76949,10,30000
76950,10,5000
76951,10,40000
76952,10,40000
76953,10,0
76954,10,50000
76955,10,10000
76956,10,50000
76957,10,40000
76958,10,0
76959,10,20000
76960,10,50000
76961,10,30000
76962,10,50000
76963,10,0
76964,10,0
76965,10,40000
76966,10,50000
76967,10,30000
76968,10,5000
76969,10,50000
76970,10,40000
76971,10,50000
76972,10,20000
76973,10,30000
76974,10,0
76975,10,0
76976,10,30000
76977,10,40000
76978,10,5000
76979,10,20000
76980,10,10000
76981,10,0
76982,10,20000
76983,10,10000
76984,10,0
76985,10,30000
76986,10,5000
76987,10,0
76988,10,30000
76989,10,0
76990,10,10000
76991,10,30000
76992,10,0
76993,10,50000
76994,10,0
76995,10,5000
76996,10,20000
76997,10,50000
76998,10,10000
76999,10,30000
77000,10,30000
77001,10,0
77002,10,10000
77003,10,5000
77004,10,10000
77005,10,0
77006,10,0
77007,10,40000
77008,10,5000
77009,10,5000
77010,10,10000
77011,10,10000
77012,10,30000
77013,10,0
77014,10,0
77015,10,5000
77016,10,40000
77017,10,5000
77018,10,0
77019,10,50000
77020,10,40000
77021,10,50000
77022,10,0
77023,10,50000
77024,10,50000
77025,10,40000
77026,10,0
77027,10,0
77028,10,20000
77029,10,0
77030,10,0
77031,10,30000
77032,10,50000
77033,10,0
77034,10,50000
77035,10,50000
77036,10,0
77037,10,10000
77038,10,0
77039,10,20000
77040,10,5000
77041,10,5000
77042,10,40000
77043,10,0
77044,10,30000
77045,10,40000
77046,10,50000
77047,10,0
77048,10,40000
77049,10,40000
77050,10,0
77051,10,0
77052,10,40000
77053,10,50000
77054,10,50000
77055,10,0
77056,10,0
77057,10,20000
77058,10,0
77059,10,5000
77060,10,40000
77061,10,5000
77062,10,0
77063,10,40000
77064,10,5000
77065,10,40000
77066,10,30000
77067,10,0
77068,10,40000
77069,10,20000
77070,10,50000
77071,10,0
77072,10,50000
77073,10,20000
77074,10,10000
77075,10,50000
77076,10,30000
77077,10,10000
77078,10,20000
77079,10,50000
77080,10,20000
77081,10,20000
77082,10,50000
77083,10,30000
77084,10,50000
77085,10,40000
77086,10,10000
77087,10,10000
77088,10,5000
77089,10,20000
77090,10,5000
77091,10,0
77092,10,0
77093,10,50000
77094,10,40000
77095,10,0
77096,10,5000
77097,10,10000
77098,10,0
77099,10,50000
77100,10,0
77101,10,0
77102,10,50000
77103,10,0
77104,10,30000
77105,10,30000
77106,10,40000
77107,10,30000
77108,10,5000
77109,10,10000
77110,10,50000
77111,10,10
77112,10,10000
77113,10,40000
77114,10,0
77115,10,0
77116,10,20000
77117,10,30000
77118,10,0
77119,10,0
77120,10,0
77121,10,20000
77122,10,50000
77123,10,50000
77124,10,40000
77125,10,20000
77126,10,5000
77127,10,10000
77128,10,50000
77129,10,20000
77130,10,40000
77131,10,30000
77132,10,30000
77133,10,5000
77134,10,5000
77135,10,40000
77136,10,50000
77137,10,5000
77138,10,0
77139,10,5000
77140,10,20000
77141,10,0
77142,10,20000
77143,10,40000
77144,10,30000
77145,10,40000
77146,10,20000
77147,10,30000
77148,10,20000
77149,10,40000
77150,10,0
77151,10,20000
77152,10,40000
77153,10,0
77154,10,0
77155,10,5000
77156,10,30000
77157,10,5000
77158,10,0
77159,10,0
77160,10,50000
77161,10,30000
77162,10,0
77163,10,5000
77164,10,0
77165,10,0
77166,10,30000
77167,10,50000
77168,10,0
77169,10,20000
77170,10,0
77171,10,30000
77172,10,50000
77173,10,0
77174,10,5000
77175,10,5000
77176,10,30000
77177,10,20000
77178,10,10000
77179,10,20000
77180,10,0
77181,10,30000
77182,10,20000
77183,10,0
77184,10,0
77185,10,20000
77186,10,5000
77187,10,30000
77188,10,0
77189,10,30000
77190,10,0
77191,10,40000
77192,10,30000
77193,10,30000
77194,10,10000
77195,10,20000
77196,10,50000
77197,10,20000
77198,10,40000
77199,10,30000
77200,10,0
77201,10,5000
77202,10,40000
77203,10,20000
77204,10,40000
77205,10,10000
77206,10,0
77207,10,10000
77208,10,5000
77209,10,30000
77210,10,40000
77211,10,0
77212,10,10000
77213,10,5000
77214,10,50000
77215,10,40000
77216,10,10000
77217,10,30000
77218,10,10000
77219,10,0
77220,10,5000
77221,10,40000
77222,10,5000
77223,10,50000
77224,10,30000
77225,10,30000
77226,10,50000
77227,10,30000
77228,10,30000
77229,10,20000
77230,10,50000
77231,10,20000
77232,10,0
77233,10,0
77234,10,0
77235,10,0
77236,10,50000
77237,10,40000
77238,10,30000
77239,10,40000
77240,10,30000
77241,10,20000
77242,10,0
77243,10,0
77244,10,50000
77245,10,0
77246,10,5000
77247,10,50000
77248,10,10000
77249,10,0
77250,10,10000
77251,10,0
77252,10,20000
77253,10,40000
77254,10,20000
77255,10,5000
77256,10,50000
77257,10,10000
77258,10,10000
77259,10,0
77260,10,20000
77261,10,0
77262,10,40000
77263,10,50000
77264,10,20000
77265,10,30000
77266,10,30000
77267,10,50000
77268,10,50000
77269,10,40000
77270,10,10000
77271,10,20000
77272,10,30000
77273,10,0
77274,10,50000
77275,10,0
77276,10,5000
77277,10,50000
77278,10,30000
77279,10,5000
77280,10,40000
77281,10,50000
77282,10,40000
77283,10,0
77284,10,20000
77285,10,0
77286,10,0
77287,10,50000
77288,10,10000
77289,10,30000
77290,10,20000
77291,10,20000
77292,10,50000
77293,10,10000
77294,10,50000
77295,10,10000
77296,10,30000
77297,10,30000
77298,10,20000
77299,10,0
77300,10,10000
77301,10,40000
77302,10,40000
77303,10,0
77304,10,40000
77305,10,30000
77306,10,30000
77307,10,30000
77308,10,0
77309,10,50000
77310,10,0
77311,10,0
77312,10,0
77313,10,0
77314,10,0
77315,10,10000
77316,10,30000
77317,10,0
77318,10,30000
77319,10,20000
77320,10,5000
77321,10,10000
77322,10,0
77323,10,30000
77324,10,30000
77325,10,20000
77326,10,10000
77327,10,30000
77328,10,50000
77329,10,50000
77330,10,0
77331,10,0
77332,10,10000
77333,10,0
77334,10,40000
77335,10,30000
77336,10,50000
77337,10,5000
77338,10,0
77339,10,40000
77340,10,50000
77341,10,0
77342,10,40000
77343,10,20000
77344,10,30000
77345,10,40000
77346,10,0
77347,10,20000
77348,10,20000
77349,10,40000
77350,10,10000
77351,10,30000
77352,10,30000
77353,10,30000
77354,10,0
77355,10,20000
77356,10,0
77357,10,0
77358,10,20000
77359,10,10000
77360,10,30000
77361,10,0
77362,10,10000
77363,10,30000
77364,10,20000
77365,10,0
77366,10,0
77367,10,5000
77368,10,5000
77369,10,5000
77370,10,10000
77371,10,20000
77372,10,30000
77373,10,20000
77374,10,50000
77375,10,20000
77376,10,20000
77377,10,0
77378,10,0
77379,10,30000
77380,10,20000
77381,10,20000
77382,10,0
77383,10,50000
77384,10,20000
77385,10,0
77386,10,20000
77387,10,20000
77388,10,50000
77389,10,0
77390,10,10000
77391,10,50000
77392,10,0
77393,10,40000
77394,10,0
77395,10,20000
77396,10,50000
77397,10,50000
77398,10,5000
77399,10,30000
77400,10,0
77401,10,40000
77402,10,10000
77403,10,30000
77404,10,0
77405,10,0
77406,10,40000
77407,10,0
77408,10,20000
77409,10,40000
77410,10,10000
77411,10,40000
77412,10,30000
77413,10,10000
77414,10,10000
77415,10,20000
77416,10,30000
77417,10,30000
77418,10,0
77419,10,20000
77420,10,10000
77421,10,50000
77422,10,30000
77423,10,10000
77424,10,50000
77425,10,0
77426,10,50000
77427,10,0
77428,10,50000
77429,10,20000
77430,10,5000
77431,10,5000
77432,10,20000
77433,10,0
77434,10,0
77435,10,0
77436,10,5000
77437,10,50000
77438,10,30000
77439,10,10000
77440,10,50000
77441,10,20000
77442,10,0
77443,10,40000
77444,10,5000
77445,10,30000
77446,10,20000
77447,10,30000
77448,10,20000
77449,10,20000
77450,10,30000
77451,10,30000
77452,10,40000
77453,10,30000
77454,10,10000
77455,10,20000
77456,10,30000
77457,10,40000
77458,10,30000
77459,10,50000
77460,10,0
77461,10,10000
77462,10,20000
77463,10,20000
77464,10,0
77465,10,0
77466,10,0
77467,10,0
77468,10,20000
77469,10,0
77470,10,30000
77471,10,30000
77472,10,0
77473,10,30000
77474,10,20000
77475,10,0
77476,10,40000
77477,10,30000
77478,10,0
77479,10,10000
77480,10,10000
77481,10,50000
77482,10,20000
77483,10,5000
77484,10,30000
77485,10,30000
77486,10,20000
77487,10,5000
77488,10,0
77489,10,30000
77490,10,30000
77491,10,50000
77492,10,0
77493,10,5000
77494,10,0
77495,10,0
77496,10,0
77497,10,20000
77498,10,50000
77499,10,20000
77500,10,50000
77501,10,0
77502,10,20000
77503,10,30000
77504,10,0
77505,10,30000
77506,10,5000
77507,10,10000
77508,10,20000
77509,10,20000
77510,10,5000
77511,10,20000
77512,10,0
77513,10,10000
77514,10,10000
77515,10,0
77516,10,20000
77517,10,50000
77518,10,10000
77519,10,0
77520,10,30000
77521,10,5000
77522,10,5000
77523,10,20000
77524,10,30000
77525,10,30000
77526,10,0
77527,10,0
77528,10,20000
77529,10,0
77530,10,0
77531,10,20000
77532,10,10000
77533,10,0
77534,10,30000
77535,10,0
77536,10,10000
77537,10,50000
77538,10,5000
77539,10,30000
77540,10,5000
77541,10,30000
77542,10,30000
77543,10,0
77544,10,0
77545,10,20000
77546,10,40000
77547,10,10000
77548,10,50000
77549,10,20000
77550,10,5000
77551,10,30000
77552,10,0
77553,10,40000
77554,10,50000
77555,10,30000
77556,10,40000
77557,10,0
77558,10,20000
77559,10,5000
77560,10,40000
77561,10,30000
77562,10,0
77563,10,0
77564,10,50000
77565,10,0
77566,10,0
77567,10,50000
77568,10,30000
77569,10,40000
77570,10,20000
77571,10,5000
77572,10,5000
77573,10,30000
77574,10,0
77575,10,50000
77576,10,0
77577,10,30000
77578,10,30000
77579,10,50000
77580,10,30000
77581,10,10000
77582,10,40000
77583,10,0
77584,10,10000
77585,10,40000
77586,10,10000
77587,10,10000
77588,10,0
77589,10,20000
77590,10,30000
77591,10,50000
77592,10,30000
77593,10,0
77594,10,50000
77595,10,5000
77596,10,50000
77597,10,50000
77598,10,40000
77599,10,30000
77600,10,20000
77601,10,50000
77602,10,50000
77603,10,5000
77604,10,10000
77605,10,0
77606,10,0
77607,10,40000
77608,10,40000
77609,10,0
77610,10,50000
77611,10,0
77612,10,0
77613,10,30000
77614,10,10000
77615,10,0
77616,10,40000
77617,10,5000
77618,10,50000
77619,10,5000
77620,10,30000
77621,10,20000
77622,10,0
77623,10,40000
77624,10,10000
77625,10,20000
77626,10,20000
77627,10,30000
77628,10,50000
77629,10,20000
77630,10,20000
77631,10,50000
77632,10,0
77633,10,30000
77634,10,40000
77635,10,40000
77636,10,0
77637,10,5000
77638,10,20000
77639,10,20000
77640,10,10000
77641,10,0
77642,10,40000
77643,10,20000
77644,10,20000
77645,10,5000
77646,10,20000
77647,10,20000
77648,10,40000
77649,10,5000
77650,10,20000
77651,10,20000
77652,10,20000
77653,10,5000
77654,10,5000
77655,10,40000
77656,10,5000
77657,10,30000
77658,10,10000
77659,10,40000
77660,10,0
77661,10,0
77662,10,0
77663,10,30000
77664,10,30000
77665,10,0
77666,10,5000
77667,10,50000
77668,10,0
77669,10,5000
77670,10,20000
77671,10,20000
77672,10,20000
77673,10,0
77674,10,0
77675,10,0
77676,10,0
77677,10,0
77678,10,0
77679,10,20000
77680,10,0
77681,10,0
77682,10,0
77683,10,10000
77684,10,0
77685,10,5000
77686,10,30000
77687,10,0
77688,10,20000
77689,10,0
77690,10,30000
77691,10,5000
77692,10,30000
77693,10,30000
77694,10,0
77695,10,20000
77696,10,0
77697,10,40000
77698,10,50000
77699,10,50000
77700,10,40000
77701,10,0
77702,10,0
77703,10,5000
77704,10,0
77705,10,40000
77706,10,40000
77707,10,0
77708,10,40000
77709,10,5000
77710,10,50000
77711,10,20000
77712,10,20000
77713,10,20000
77714,10,30000
77715,10,0
77716,10,0
77717,10,20000
77718,10,50000
77719,10,20000
77720,10,0
77721,10,20000
77722,10,0
77723,10,0
77724,10,0
77725,10,0
77726,10,20000
77727,10,30000
77728,10,0
77729,10,30000
77730,10,5000
77731,10,20000
77732,10,20000
77733,10,0
77734,10,30000
77735,10,50000
77736,10,10000
77737,10,0
77738,10,30000
77739,10,10000
77740,10,0
77741,10,10000
77742,10,0
77743,10,0
77744,10,0
77745,10,40000
77746,10,30000
77747,10,0
77748,10,0
77749,10,40000
77750,10,30000
77751,10,0
77752,10,0
77753,10,5000
77754,10,50000
77755,10,30000
77756,10,50000
77757,10,30000
77758,10,0
77759,10,20000
77760,10,10000
77761,10,0
77762,10,40000
77763,10,40000
77764,10,50000
77765,10,30000
77766,10,0
77767,10,50000
77768,10,5000
77769,10,20000
77770,10,20000
77771,10,30000
77772,10,10000
77773,10,40000
77774,10,5000
77775,10,5000
77776,10,30000
77777,10,0
77778,11,40000
77779,10,0
77780,10,0
77781,10,50000
77782,10,50000
77783,10,30000
77784,10,10000
77785,10,10000
77786,10,10000
77787,10,0
77788,10,40000
77789,10,10000
77790,10,40000
77791,10,20000
77792,10,50000
77793,10,50000
77794,10,30000
77795,10,30000
77796,10,0
77797,10,10000
77798,10,10000
77799,10,10000
77800,10,20000
77801,10,5000
77802,10,0
77803,10,20000
77804,10,5000
77805,10,5000
77806,10,0
77807,10,0
77808,10,50000
77809,10,0
77810,10,0
77811,10,0
77812,10,50000
77813,10,0
77814,10,5000
77815,10,50000
77816,10,5000
77817,10,10000
77818,10,50000
77819,10,50000
77820,10,30000
77821,10,20000
77822,10,0
77823,10,30000
77824,10,30000
77825,10,0
77826,10,30000
77827,10,0
77828,10,20000
77829,10,0
77830,10,0
77831,10,20000
77832,10,20000
77833,10,0
77834,10,30000
77835,10,20000
77836,10,30000
77837,10,0
77838,10,10000
77839,10,50000
77840,10,50000
77841,10,10000
77842,10,5000
77843,10,5000
77844,10,0
77845,10,5000
77846,10,40000
77847,10,30000
77848,10,10000
77849,10,50000
77850,10,10000
77851,10,50000
77852,10,0
77853,10,0
77854,10,0
77855,10,10000
77856,10,50000
77857,10,0
77858,10,0
77859,10,40000
77860,10,0
77861,10,5000
77862,10,10000
77863,10,40000
77864,10,0
77865,10,30000
77866,10,50000
77867,10,0
77868,10,40000
77869,10,40000
77870,10,20000
77871,10,5000
77872,10,30000
77873,10,50000
77874,10,50000
77875,10,20000
77876,10,0
77877,10,10000
77878,10,20000
77879,10,5000
77880,10,40000
77881,10,20000
77882,10,10000
77883,10,0
77884,10,40000
77885,10,0
77886,10,0
77887,10,10000
77888,10,30000
77889,10,0
77890,10,40000
77891,10,0
77892,10,5000
77893,10,0
77894,10,20000
77895,10,30000
77896,10,5000
77897,10,40000
77898,10,50000
77899,10,0
77900,10,0
77901,10,40000
77902,10,50000
77903,10,10000
77904,10,10000
77905,10,5000
77906,10,20000
77907,10,0
77908,10,5000
77909,10,10000
77910,10,0
77911,10,30000
77912,10,5000
77913,10,30000
77914,10,20000
77915,10,20000
77916,10,0
77917,10,0
77918,10,20000
77919,10,10000
77920,10,5000
77921,10,50000
77922,10,20000
77923,10,0
77924,10,0
77925,10,50000
77926,10,10000
77927,10,30000
77928,10,20000
77929,10,30000
77930,10,10000
77931,10,10000
77932,10,0
77933,10,50000
77934,10,10000
77935,10,10000
77936,10,0
77937,10,5000
77938,10,0
77939,10,30000
77940,10,0
77941,10,0
77942,10,30000
77943,10,0
77944,10,5000
77945,10,30000
77946,10,20000
77947,10,30000
77948,10,0
77949,10,20000
77950,10,0
77951,10,5000
77952,10,40000
77953,10,50000
77954,10,40000
77955,10,10000
77956,10,30000
77957,10,0
77958,10,30000
77959,10,5000
77960,10,20000
77961,10,0
77962,10,10000
77963,10,30000
77964,10,5000
77965,10,10000
77966,10,20000
77967,10,20000
77968,10,30000
77969,10,30000
77970,10,50000
77971,10,20000
77972,10,10000
77973,10,40000
77974,10,0
77975,10,5000
77976,10,30000
77977,10,20000
77978,10,20000
77979,10,30000
77980,10,40000
77981,10,50000
77982,10,50000
77983,10,30000
77984,10,30000
77985,10,20000
77986,10,20000
77987,10,30000
77988,10,0
77989,10,0
77990,10,20000
77991,10,50000
77992,10,0
77993,10,50000
77994,10,5000
77995,10,40000
77996,10,50000
77997,10,10000
77998,10,0
77999,10,5000
78000,10,30000
78001,10,0
78002,10,10000
78003,10,0
78004,10,40000
78005,10,20000
78006,10,30000
78007,10,0
78008,10,0
78009,10,0
78010,10,0
78011,10,30000
78012,10,5000
78013,10,50000
78014,10,10000
78015,10,10000
78016,10,40000
78017,10,10000
78018,10,40000
78019,10,40000
78020,10,30000
78021,10,0
78022,10,20000
78023,10,50000
78024,10,30000
78025,10,0
78026,10,20000
78027,10,0
78028,10,0
78029,10,0
78030,10,30000
78031,10,10000
78032,10,0
78033,10,20000
78034,10,30000
78035,10,0
78036,10,10000
78037,10,0
78038,10,40000
78039,10,10000
78040,10,40000
78041,10,5000
78042,10,20000
78043,10,50000
78044,10,30000
78045,10,20000
78046,10,30000
78047,10,30000
78048,10,5000
78049,10,0
78050,10,0
78051,10,30000
78052,10,20000
78053,10,5000
78054,10,30000
78055,10,0
78056,10,30000
78057,10,50000
78058,10,30000
78059,10,20000
78060,10,10000
78061,10,10000
78062,10,20000
78063,10,50000
78064,10,40000
78065,10,40000
78066,10,40000
78067,10,50000
78068,10,0
78069,10,0
78070,10,5000
78071,10,5000
78072,10,40000
78073,10,0
78074,10,0
78075,10,50000
78076,10,30000
78077,10,50000
78078,10,5000
78079,10,10000
78080,10,30000
78081,10,50000
78082,10,40000
78083,10,0
78084,10,10000
78085,10,40000
78086,10,20000
78087,10,0
78088,10,30000
78089,10,30000
78090,10,20000
78091,10,20000
78092,10,20000
78093,10,10000
78094,10,50000
78095,10,10000
78096,10,20000
78097,10,0
78098,10,0
78099,10,5000
78100,10,10000
78101,10,0
78102,10,10000
78103,10,0
78104,10,50000
78105,10,0
78106,10,50000
78107,10,40000
78108,10,30000
78109,10,0
78110,10,50000
78111,10,50000
78112,10,50000
78113,10,20000
78114,10,50000
78115,10,0
78116,10,40000
78117,10,50000
78118,10,20000
78119,10,10000
78120,10,0
78121,10,50000
78122,10,0
78123,10,0
78124,10,50000
78125,10,0
78126,10,50000
78127,10,10000
78128,10,20000
78129,10,0
78130,10,30000
78131,10,10000
78132,10,40000
78133,10,0
78134,10,50000
78135,10,20000
78136,10,0
78137,10,30000
78138,10,50000
78139,10,0
78140,10,20000
78141,10,20000
78142,10,30000
78143,10,20000
78144,10,30000
78145,10,40000
78146,10,40000
78147,10,10000
78148,10,0
78149,10,40000
78150,10,0
78151,10,0
78152,10,30000
78153,10,30000
78154,10,10000
78155,10,0
78156,10,20000
78157,10,5000
78158,10,10000
78159,10,30000
78160,10,10000
78161,10,30000
78162,10,5000
78163,10,50000
78164,10,0
78165,10,50000
78166,10,30000
78167,10,0
78168,10,0
78169,10,30000
78170,10,0
78171,10,50000
78172,10,0
78173,10,30000
78174,10,20000
78175,10,5000
78176,10,50000
78177,10,20000
78178,10,0
78179,10,10000
78180,10,50000
78181,10,30000
78182,10,0
78183,10,40000
78184,10,0
78185,10,10000
78186,10,50000
78187,10,40000
78188,10,0
78189,10,10000
78190,10,20000
78191,10,50000
78192,10,0
78193,10,40000
78194,10,5000
78195,10,10000
78196,10,0
78197,10,30000
78198,10,0
78199,10,30000
78200,10,50000
78201,10,0
78202,10,10000
78203,10,5000
78204,10,50000
78205,10,0
78206,10,30000
78207,10,20000
78208,10,40000
78209,10,30000
78210,10,0
78211,10,0
78212,10,0
78213,10,50000
78214,10,20000
78215,10,0
78216,10,5000
78217,10,30000
78218,10,50000
78219,10,0
78220,10,30000
78221,10,20000
78222,10,40000
78223,10,50000
78224,10,30000
78225,10,40000
78226,10,50000
78227,10,30000
78228,10,0
78229,10,10000
78230,10,30000
78231,10,0
78232,10,0
78233,10,0
78234,10,30000
78235,10,0
78236,10,10000
78237,10,50000
78238,10,5000
78239,10,5000
78240,10,30000
78241,10,10000
78242,10,0
78243,10,50000
78244,10,20000
78245,10,0
78246,10,30000
78247,10,50000
78248,10,0
78249,10,40000
78250,10,30000
78251,10,0
78252,10,0
78253,10,30000
78254,10,30000
78255,10,0
78256,10,5000
78257,10,20000
78258,10,0
78259,10,0
78260,10,0
78261,10,0
78262,10,20000
78263,10,20000
78264,10,0
78265,10,0
78266,10,0
78267,10,0
78268,10,30000
78269,10,0
78270,10,10000
78271,10,0
78272,10,30000
78273,10,5000
78274,10,30000
78275,10,30000
78276,10,50000
78277,10,10000
78278,10,10000
78279,10,30000
78280,10,0
78281,10,10000
78282,10,10000
78283,10,50000
78284,10,30000
78285,10,40000
78286,10,20000
78287,10,50000
78288,10,0
78289,10,30000
78290,10,50000
78291,10,20000
78292,10,0
78293,10,5000
78294,10,20000
78295,10,0
78296,10,0
78297,10,20000
78298,10,10000
78299,10,10000
78300,10,30000
78301,10,50000
78302,10,50000
78303,10,50000
78304,10,20000
78305,10,20000
78306,10,0
78307,10,0
78308,10,20000
78309,10,40000
78310,10,10000
78311,10,20000
78312,10,50000
78313,10,30000
78314,10,0
78315,10,30000
78316,10,30000
78317,10,50000
78318,10,50000
78319,10,40000
78320,10,30000
78321,10,30000
78322,10,30000
78323,10,40000
78324,10,20000
78325,10,5000
78326,10,50000
78327,10,30000
78328,10,5000
78329,10,20000
78330,10,5000
78331,10,0
78332,10,50000
78333,10,30000
78334,10,0
78335,10,0
78336,10,50000
78337,10,20000
78338,10,20000
78339,10,5000
78340,10,0
78341,10,50000
78342,10,20000
78343,10,0
78344,10,0
78345,10,20000
78346,10,0
78347,10,0
78348,10,20000
78349,10,50000
78350,10,30000
78351,10,10000
78352,10,0
78353,10,20000
78354,10,0
78355,10,5000
78356,10,40000
78357,10,10000
78358,10,30000
78359,10,0
78360,10,0
78361,10,30000
78362,10,0
78363,10,40000
78364,10,20000
78365,10,5000
78366,10,0
78367,10,20000
78368,10,20000
78369,10,20000
78370,10,10000
78371,10,10000
78372,10,30000
78373,10,0
78374,10,50000
78375,10,20000
78376,10,50000
78377,10,5000
78378,10,30000
78379,10,50000
78380,10,0
78381,10,50000
78382,10,0
78383,10,30000
78384,10,5000
78385,10,0
78386,10,0
78387,10,10000
78388,10,0
78389,10,0
78390,10,0
78391,10,0
78392,10,30000
78393,10,0
78394,10,0
78395,10,50000
78396,10,30000
78397,10,5000
78398,10,5000
78399,10,20000
78400,10,10000
78401,10,0
78402,10,5000
78403,10,20000
78404,10,30000
78405,10,0
78406,10,20000
78407,10,0
78408,10,20000
78409,10,40000
78410,10,20000
78411,10,0
78412,10,0
78413,10,5000
78414,10,0
78415,10,10000
78416,10,0
78417,10,10000
78418,10,40000
78419,10,0
78420,10,40000
78421,10,50000
78422,10,10000
78423,10,10000
78424,10,0
78425,10,0
78426,10,30000
78427,10,50000
78428,10,50000
78429,10,0
78430,10,50000
78431,10,10000
78432,10,50000
78433,10,10000
78434,10,0
78435,10,5000
78436,10,20000
78437,10,40000
78438,10,30000
78439,10,30000
78440,10,50000
78441,10,10000
78442,10,20000
78443,10,0
78444,10,40000
78445,10,30000
78446,10,50000
78447,10,30000
78448,10,50000
78449,10,10000
78450,10,50000
78451,10,20000
78452,10,10000
78453,10,0
78454,10,0
78455,10,20000
78456,10,50000
78457,10,0
78458,10,10000
78459,10,10000
78460,10,0
78461,10,5000
78462,10,20000
78463,10,5000
78464,10,0
78465,10,20000
78466,10,0
78467,10,0
78468,10,50000
78469,10,0
78470,10,0
78471,10,0
78472,10,0
78473,10,50000
78474,10,30000
78475,10,40000
78476,10,0
78477,10,30000
78478,10,5000
78479,10,30000
78480,10,0
78481,10,0
78482,10,30000
78483,10,40000
78484,10,50000
78485,10,30000
78486,10,50000
78487,10,20000
78488,10,50000
78489,10,0
78490,10,20000
78491,10,30000
78492,10,10000
78493,10,40000
78494,10,20000
78495,10,0
78496,10,20000
78497,10,30000
78498,10,10000
78499,10,0
78500,10,30000
78501,10,20000
78502,10,0
78503,10,0
78504,10,40000
78505,10,0
78506,10,10000
78507,10,0
78508,10,20000
78509,10,40000
78510,10,5000
78511,10,20000
78512,10,5000
78513,10,40000
78514,10,40000
78515,10,30000
78516,10,20000
78517,10,5000
78518,10,30000
78519,10,40000
78520,10,30000
78521,10,30000
78522,10,0
78523,10,30000
78524,10,5000
78525,10,0
78526,10,20000
78527,10,10000
78528,10,0
78529,10,10000
78530,10,30000
78531,10,50000
78532,10,10000
78533,10,10000
78534,10,20000
78535,10,30000
78536,10,0
78537,10,5000
78538,10,0
78539,10,10000
78540,10,10000
78541,10,5000
78542,10,20000
78543,10,20000
78544,10,50000
78545,10,0
78546,10,30000
78547,10,10000
78548,10,50000
78549,10,20000
78550,10,10000
78551,10,0
78552,10,40000
78553,10,20000
78554,10,40000
78555,10,10000
78556,10,20000
78557,10,0
78558,10,30000
78559,10,10000
78560,10,20000
78561,10,30000
78562,10,20000
78563,10,5000
78564,10,30000
78565,10,0
78566,10,0
78567,10,50000
78568,10,30000
78569,10,0
78570,10,50000
78571,10,5000
78572,10,50000
78573,10,30000
78574,10,40000
78575,10,50000
78576,10,0
78577,10,20000
78578,10,10000
78579,10,0
78580,10,0
78581,10,0
78582,10,50000
78583,10,20000
78584,10,0
78585,10,30000
78586,10,20000
78587,10,5000
78588,10,0
78589,10,5000
78590,10,30000
78591,10,30000
78592,10,50000
78593,10,20000
78594,10,0
78595,10,0
78596,10,30000
78597,10,50000
78598,10,50000
78599,10,50000
78600,10,40000
78601,10,50000
78602,10,5000
78603,10,0
78604,10,5000
78605,10,0
78606,10,50000
78607,10,40000
78608,10,0
78609,10,20000
78610,10,0
78611,10,0
78612,10,20000
78613,10,0
78614,10,5000
78615,10,50000
78616,10,20000
78617,10,30000
78618,10,10000
78619,10,20000
78620,10,30000
78621,10,10000
78622,10,0
78623,10,0
78624,10,10000
78625,10,30000
78626,10,0
78627,10,40000
78628,10,10000
78629,10,20000
78630,10,10000
78631,10,0
78632,10,10000
78633,10,0
78634,10,5000
78635,10,10
78636,10,0
78637,10,0
78638,10,30000
78639,10,30000
78640,10,0
78641,10,30000
78642,10,30000
78643,10,30000
78644,10,20000
78645,10,30000
78646,10,0
78647,10,40000
78648,10,0
78649,10,5000
78650,10,5000
78651,10,20000
78652,10,20000
78653,10,50000
78654,10,5000
78655,10,20000
78656,10,0
78657,10,0
78658,10,5000
78659,10,0
78660,10,5000
78661,10,0
78662,10,5000
78663,10,0
78664,10,0
78665,10,0
78666,10,40000
78667,10,50000
78668,10,20000
78669,10,30000
78670,10,5000
78671,10,5000
78672,10,0
78673,10,20000
78674,10,40000
78675,10,0
78676,10,20000
78677,10,0
78678,10,5000
78679,10,10
78680,10,30000
78681,10,30000
78682,10,30000
78683,10,50000
78684,10,0
78685,10,0
78686,10,50000
78687,10,0
78688,10,0
78689,10,40000
78690,10,0
78691,10,20000
78692,10,10000
78693,10,5000
78694,10,0
78695,10,10000
78696,10,40000
78697,10,5000
78698,10,10000
78699,10,10000
78700,10,0
78701,10,0
78702,10,50000
78703,10,50000
78704,10,0
78705,10,0
78706,10,20000
78707,10,20000
78708,10,40000
78709,10,30000
78710,10,5000
78711,10,0
78712,10,10000
78713,10,0
78714,10,20000
78715,10,30000
78716,10,30000
78717,10,20000
78718,10,20000
78719,10,0
78720,10,50000
78721,10,10000
78722,10,20000
78723,10,40000
78724,10,0
78725,10,20000
78726,10,20000
78727,10,10000
78728,10,40000
78729,10,0
78730,10,10000
78731,10,20000
78732,10,50000
78733,10,50000
78734,10,40000
78735,10,20000
78736,10,40000
78737,10,0
78738,10,0
78739,10,0
78740,10,0
78741,10,20000
78742,10,10
78743,10,40000
78744,10,30000
78745,10,0
78746,10,30000
78747,10,50000
78748,10,0
78749,10,10000
78750,10,0
78751,10,0
78752,10,5000
78753,10,0
78754,10,5000
78755,10,0
78756,10,50000
78757,10,0
78758,11,40000
78759,10,5000
78760,10,5000
78761,10,0
78762,10,30000
78763,10,50000
78764,10,50000
78765,10,0
78766,10,50000
78767,10,0
78768,10,20000
78769,10,10000
78770,10,40000
78771,10,0
78772,10,30000
78773,10,0
78774,10,30000
78775,10,0
78776,10,0
78777,10,50000
78778,10,0
78779,10,30000
78780,10,5000
78781,10,0
78782,10,0
78783,10,30000
78784,10,20000
78785,10,0
78786,10,10000
78787,10,5000
78788,10,30000
78789,10,20000
78790,10,5000
78791,10,0
78792,10,50000
78793,10,30000
78794,10,0
78795,10,50000
78796,10,0
78797,10,20000
78798,10,5000
78799,10,0
78800,10,0
78801,10,0
78802,10,30000
78803,10,10000
78804,10,20000
78805,10,5000
78806,10,20000
78807,10,50000
78808,10,10000
78809,10,5000
78810,10,0
78811,10,0
78812,10,30000
78813,10,20000
78814,10,30000
78815,10,30000
78816,10,0
78817,10,0
78818,10,0
78819,10,30000
78820,10,0
78821,10,40000
78822,10,20000
78823,10,0
78824,10,10000
78825,10,0
78826,10,0
78827,10,30000
78828,10,30000
78829,10,40000
78830,10,0
78831,10,30000
78832,10,50000
78833,10,10000
78834,10,0
78835,10,10000
78836,10,5000
78837,10,10000
78838,10,0
78839,10,20000
78840,10,30000
78841,10,30000
78842,10,30000
78843,10,30000
78844,10,10000
78845,10,5000
78846,10,10000
78847,10,50000
78848,10,0
78849,10,0
78850,10,20000
78851,10,50000
78852,10,30000
78853,10,50000
78854,10,30000
78855,10,20000
78856,10,5000
78857,10,40000
78858,10,30000
78859,10,20000
78860,10,0
78861,10,10000
78862,10,0
78863,10,30000
78864,10,0
78865,10,0
78866,10,20000
78867,10,30000
78868,10,20000
78869,10,50000
78870,10,30000
78871,10,30000
78872,10,5000
78873,10,0
78874,10,30000
78875,10,0
78876,10,0
78877,10,50000
78878,10,5000
78879,10,20000
78880,10,0
78881,10,0
78882,10,10000
78883,10,10000
78884,10,0
78885,10,50000
78886,10,0
78887,10,0
78888,10,50000
78889,10,0
78890,10,50000
78891,10,50000
78892,10,30000
78893,10,0
78894,10,50000
78895,10,0
78896,10,30000
78897,10,10000
78898,10,0
78899,10,10000
78900,10,5000
78901,10,0
78902,10,50000
78903,10,0
78904,10,20000
78905,10,10000
78906,10,40000
78907,10,20000
78908,10,0
78909,10,50000
78910,10,50000
78911,10,0
78912,10,30000
78913,10,20000
78914,10,50000
78915,10,5000
78916,10,10000
78917,10,40000
78918,10,50000
78919,10,0
78920,10,0
78921,10,40000
78922,10,40000
78923,10,0
78924,10,0
78925,10,20000
78926,10,20000
78927,10,40000
78928,10,50000
78929,10,30000
78930,10,10000
78931,10,50000
78932,10,50000
78933,10,5000
78934,10,40000
78935,10,30000
78936,10,5000
78937,10,30000
78938,10,20000
78939,10,0
78940,10,0
78941,10,10000
78942,10,50000
78943,10,10000
78944,10,50000
78945,10,5000
78946,10,40000
78947,10,5000
78948,10,20000
78949,10,20000
78950,10,0
78951,10,20000
78952,10,50000
78953,10,40000
78954,10,10000
78955,10,0
78956,10,20000
78957,10,10000
78958,10,20000
78959,10,10000
78960,10,0
78961,10,50000
78962,10,30000
78963,10,5000
78964,10,5000
78965,10,30000
78966,10,50000
78967,10,20000
78968,10,0
78969,10,20000
78970,10,50000
78971,10,5000
78972,10,20000
78973,10,20000
78974,10,40000
78975,10,0
78976,10,0
78977,10,5000
78978,10,10000
78979,10,30000
78980,10,20000
78981,10,0
78982,10,40000
78983,10,30000
78984,10,40000
78985,10,30000
78986,10,50000
78987,10,10000
78988,10,20000
78989,10,0
78990,10,30000
78991,10,10000
78992,10,20000
78993,10,0
78994,10,5000
78995,10,30000
78996,10,0
78997,10,20000
78998,10,20000
78999,10,50000
79000,10,20000
79001,10,20000
79002,10,20000
79003,10,20000
79004,10,50000
79005,10,40000
79006,10,40000
79007,10,0
79008,10,30000
79009,10,40000
79010,10,40000
79011,10,50000
79012,10,20000
79013,10,10000
79014,10,40000
79015,10,0
79016,10,30000
79017,10,0
79018,10,40000
79019,10,0
79020,10,30000
79021,10,0
79022,10,20000
79023,10,20000
79024,10,30000
79025,10,30000
79026,10,30000
79027,10,20000
79028,10,50000
79029,10,20000
79030,10,50000
79031,10,50000
79032,10,5000
79033,10,0
79034,10,40000
79035,10,5000
79036,10,10000
79037,10,30000
79038,10,30000
79039,10,50000
79040,10,0
79041,10,30000
79042,10,40000
79043,10,0
79044,10,20000
79045,10,0
79046,10,0
79047,10,5000
79048,10,10000
79049,10,50000
79050,10,20000
79051,10,20000
79052,10,0
79053,10,20000
79054,10,5000
79055,10,0
79056,10,0
79057,10,50000
79058,10,0
79059,10,0
79060,10,40000
79061,10,0
79062,10,0
79063,10,30000
79064,10,0
79065,10,5000
79066,10,5000
79067,10,20000
79068,10,30000
79069,10,30000
79070,10,5000
79071,10,20000
79072,10,0
79073,10,30000
79074,10,0
79075,10,10000
79076,10,0
79077,10,50000
79078,10,40000
79079,10,30000
79080,10,30000
79081,10,40000
79082,10,0
79083,10,0
79084,10,20000
79085,10,0
79086,10,0
79087,10,5000
79088,10,30000
79089,10,30000
79090,10,5000
79091,10,20000
79092,10,0
79093,10,20000
79094,10,30000
79095,10,0
79096,10,20000
79097,10,20000
79098,10,0
79099,10,40000
79100,10,10000
79101,10,10000
79102,10,10000
79103,10,10000
79104,10,50000
79105,10,5000
79106,10,30000
79107,10,5000
79108,10,20000
79109,10,0
79110,10,10000
79111,10,50000
79112,10,0
79113,10,5000
79114,10,10000
79115,10,0
79116,10,20000
79117,10,30000
79118,10,30000
79119,10,0
79120,10,40000
79121,10,40000
79122,10,40000
79123,10,30000
79124,10,0
79125,10,40000
79126,10,50000
79127,10,30000
79128,10,0
79129,10,0
79130,10,30000
79131,10,10000
79132,10,0
79133,10,0
79134,10,0
79135,10,20000
79136,10,50000
79137,10,0
79138,10,10000
79139,10,30000
79140,10,0
79141,10,0
79142,10,20000
79143,10,30000
79144,10,30000
79145,10,10000
79146,10,40000
79147,10,30000
79148,10,20000
79149,10,0
79150,10,0
79151,10,50000
79152,10,30000
79153,10,10000
79154,10,40000
79155,10,0
79156,10,5000
79157,10,30000
79158,10,40000
79159,10,10000
79160,10,40000
79161,10,40000
79162,10,5000
79163,10,30000
79164,10,0
79165,10,5000
79166,10,20000
79167,10,40000
79168,10,50000
79169,10,20000
79170,10,40000
79171,10,0
79172,10,0
79173,10,10000
79174,10,40000
79175,10,0
79176,10,10000
79177,10,40000
79178,10,5000
79179,10,20000
79180,10,20000
79181,10,10000
79182,10,0
79183,10,10000
79184,10,5000
79185,10,10000
79186,10,50000
79187,10,10000
79188,10,40000
79189,10,0
79190,10,20000
79191,10,0
79192,10,0
79193,10,0
79194,10,30000
79195,10,5000
79196,10,0
79197,10,5000
79198,10,10000
79199,10,0
79200,10,50000
79201,10,0
79202,10,30000
79203,10,40000
79204,10,10000
79205,10,30000
79206,10,0
79207,10,20000
79208,10,10000
79209,10,40000
79210,10,0
79211,10,40000
79212,10,5000
79213,10,0
79214,10,50000
79215,10,0
79216,10,40000
79217,10,20000
79218,10,0
79219,10,40000
79220,10,50000
79221,10,20000
79222,10,0
79223,10,0
79224,10,50000
79225,10,30000
79226,10,30000
79227,10,40000
79228,10,30000
79229,10,0
79230,10,0
79231,10,0
79232,10,30000
79233,10,30000
79234,10,5000
79235,10,0
79236,10,30000
79237,10,40000
79238,10,0
79239,10,0
79240,10,0
79241,10,10000
79242,10,0
79243,10,0
79244,10,0
79245,10,50000
79246,10,0
79247,10,0
79248,10,50000
79249,10,30000
79250,10,0
79251,10,20000
79252,10,50000
79253,10,0
79254,10,20000
79255,10,30000
79256,10,0
79257,10,20000
79258,10,30000
79259,10,10000
79260,10,20000
79261,10,30000
79262,10,50000
79263,10,50000
79264,10,5000
79265,10,10000
79266,10,40000
79267,10,20000
79268,10,30000
79269,10,5000
79270,10,0
79271,10,5000
79272,10,5000
79273,10,20000
79274,10,50000
79275,10,10000
79276,10,0
79277,10,20000
79278,10,30000
79279,10,50000
79280,10,20000
79281,10,40000
79282,10,10000
79283,10,5000
79284,10,0
79285,10,0
79286,10,10000
79287,10,10000
79288,10,40000
79289,10,0
79290,10,20000
79291,10,0
79292,10,10000
79293,10,40000
79294,10,40000
79295,10,50000
79296,10,5000
79297,10,40000
79298,10,0
79299,10,30000
79300,10,20000
79301,10,40000
79302,10,20000
79303,10,10000
79304,10,20000
79305,10,30000
79306,10,0
79307,10,40000
79308,10,40000
79309,10,50000
79310,10,0
79311,10,0
79312,10,0
79313,10,50000
79314,10,0
79315,10,30000
79316,10,20000
79317,10,10000
79318,10,10000
79319,10,30000
79320,10,0
79321,10,5000
79322,10,30000
79323,10,0
79324,10,0
79325,10,10000
79326,10,40000
79327,10,0
79328,10,20000
79329,10,30000
79330,10,5000
79331,10,20000
79332,10,5000
79333,10,5000
79334,10,40000
79335,10,30000
79336,10,0
79337,10,5000
79338,10,10000
79339,10,30000
79340,10,5000
79341,10,0
79342,10,30000
79343,10,50000
79344,10,30000
79345,10,20000
79346,10,0
79347,10,0
79348,10,0
79349,10,40000
79350,10,30000
79351,10,0
79352,10,5000
79353,10,30000
79354,10,30000
79355,10,5000
79356,10,0
79357,10,10000
79358,10,30000
79359,10,20000
79360,10,50000
79361,10,30000
79362,10,10000
79363,10,0
79364,10,10000
79365,10,0
79366,10,0
79367,10,0
79368,10,30000
79369,10,0
79370,10,50000
79371,10,40000
79372,10,50000
79373,10,20000
79374,10,20000
79375,10,10000
79376,10,0
79377,10,10000
79378,10,0
79379,10,20000
79380,10,0
79381,10,0
79382,10,20000
79383,10,0
79384,10,20000
79385,10,30000
79386,10,10000
79387,10,50000
79388,10,50000
79389,10,30000
79390,10,0
79391,10,20000
79392,10,20000
79393,10,10000
79394,10,30000
79395,10,0
79396,10,10000
79397,10,10000
79398,10,20000
79399,10,0
79400,10,50000
79401,10,40000
79402,10,20000
79403,10,20000
79404,10,50000
79405,10,40000
79406,10,0
79407,10,10000
79408,10,50000
79409,10,20000
79410,10,0
79411,10,0
79412,10,40000
79413,10,0
79414,10,30000
79415,10,30000
79416,10,20000
79417,10,10000
79418,10,0
79419,10,0
79420,10,10000
79421,10,10000
79422,10,10000
79423,10,0
79424,10,20000
79425,10,5000
79426,10,40000
79427,10,5000
79428,10,20000
79429,10,30000
79430,10,50000
79431,10,0
79432,10,5000
79433,10,5000
79434,10,20000
79435,10,0
79436,10,0
79437,10,30000
79438,10,30000
79439,10,50000
79440,10,10000
79441,10,30000
79442,10,0
79443,10,0
79444,10,0
79445,10,20000
79446,10,5000
79447,10,5000
79448,10,50000
79449,10,0
79450,10,40000
79451,10,20000
79452,10,30000
79453,10,5000
79454,10,30000
79455,10,40000
79456,10,0
79457,10,0
79458,10,50000
79459,10,10000
79460,10,10000
79461,10,0
79462,10,0
79463,10,40000
79464,10,50000
79465,10,50000
79466,10,20000
79467,10,0
79468,10,40000
79469,10,10000
79470,10,10000
79471,10,30000
79472,10,20000
79473,10,40000
79474,10,5000
79475,10,0
79476,10,50000
79477,10,0
79478,10,30000
79479,10,30000
79480,10,30000
79481,10,30000
79482,10,20000
79483,10,30000
79484,10,20000
79485,10,10
79486,10,20000
79487,10,20000
79488,10,30000
79489,10,50000
79490,10,0
79491,10,0
79492,10,20000
79493,10,0
79494,10,30000
79495,10,30000
79496,10,0
79497,10,0
79498,10,0
79499,10,20000
79500,10,0
79501,10,50000
79502,10,0
79503,10,50000
79504,10,40000
79505,10,0
79506,10,10000
79507,10,0
79508,10,30000
79509,10,50000
79510,10,0
79511,10,20000
79512,10,30000
79513,10,30000
79514,10,5000
79515,10,50000
79516,10,30000
79517,10,10000
79518,10,0
79519,10,5000
79520,10,0
79521,10,0
79522,10,0
79523,10,0
79524,10,30000
79525,10,0
79526,10,40000
79527,10,10000
79528,10,20000
79529,10,50000
79530,10,30000
79531,10,0
79532,10,0
79533,10,10000
79534,10,0
79535,10,0
79536,10,10000
79537,10,10000
79538,10,20000
79539,10,30000
79540,10,0
79541,10,0
79542,10,20000
79543,10,0
79544,10,20000
79545,10,50000
79546,10,20000
79547,10,5000
79548,10,10000
79549,10,40000
79550,10,0
79551,10,30000
79552,10,0
79553,10,30000
79554,10,20000
79555,10,0
79556,10,30000
79557,10,20000
79558,10,30000
79559,10,50000
79560,10,5000
79561,10,10000
79562,10,50000
79563,10,5000
79564,10,30000
79565,10,5000
79566,10,10000
79567,10,0
79568,10,0
79569,10,20000
79570,10,20000
79571,10,10000
79572,10,30000
79573,10,40000
79574,10,40000
79575,10,30000
79576,10,40000
79577,10,30000
79578,10,20000
79579,10,0
79580,10,10000
79581,10,20000
79582,10,20000
79583,10,50000
79584,10,10000
79585,10,5000
79586,10,10000
79587,10,5000
79588,10,0
79589,10,40000
79590,10,30000
79591,10,10000
79592,10,30000
79593,10,5000
79594,10,5000
79595,10,50000
79596,10,20000
79597,10,20000
79598,10,50000
79599,10,0
79600,10,20000
79601,10,10000
79602,10,20000
79603,10,0
79604,10,30000
79605,10,30000
79606,10,30000
79607,10,0
79608,10,40000
79609,10,20000
79610,10,0
79611,10,20000
79612,10,0
79613,10,30000
79614,10,50000
79615,10,40000
79616,10,0
79617,10,30000
79618,10,20000
79619,10,10000
79620,10,10000
79621,10,5000
79622,10,50000
79623,10,30000
79624,10,0
79625,10,40000
79626,10,5000
79627,10,20000
79628,10,40000
79629,10,0
79630,10,0
79631,10,5000
79632,10,20000
79633,10,40000
79634,10,30000
79635,10,20000
79636,10,0
79637,10,30000
79638,10,50000
79639,10,5000
79640,10,0
79641,10,10000
79642,10,40000
79643,10,30000
79644,10,0
79645,10,20000
79646,10,10000
79647,10,0
79648,10,10000
79649,10,0
79650,10,40000
79651,10,0
79652,10,20000
79653,10,40000
79654,10,30000
79655,10,0
79656,10,10000
79657,10,0
79658,10,5000
79659,10,30000
79660,10,0
79661,10,30000
79662,10,0
79663,10,0
79664,10,10000
79665,10,30000
79666,10,10000
79667,10,30000
79668,10,0
79669,10,5000
79670,10,30000
79671,10,20000
79672,10,50000
79673,10,10
79674,10,20000
79675,10,20000
79676,10,20000
79677,10,5000
79678,10,20000
79679,10,0
79680,10,0
79681,10,20000
79682,10,30000
79683,10,50000
79684,10,50000
79685,10,50000
79686,10,50000
79687,10,20000
79688,10,40000
79689,10,10000
79690,10,40000
79691,10,40000
79692,10,50000
79693,10,5000
79694,10,10000
79695,10,0
79696,10,20000
79697,10,0
79698,10,5000
79699,10,5000
79700,10,30000
79701,10,0
79702,10,20000
79703,10,5000
79704,10,40000
79705,10,10000
79706,10,20000
79707,10,0
79708,10,30000
79709,10,10000
79710,10,0
79711,10,20000
79712,10,50000
79713,10,50000
79714,10,50000
79715,10,50000
79716,10,10000
79717,10,20000
79718,10,40000
79719,10,40000
79720,10,0
79721,10,40000
79722,10,30000
79723,10,50000
79724,10,10000
79725,10,0
79726,10,50000
79727,10,10000
79728,10,20000
79729,10,0
79730,10,0
79731,10,50000
79732,10,50000
79733,10,10000
79734,10,0
79735,10,5000
79736,10,30000
79737,10,50000
79738,10,0
79739,10,0
79740,10,40000
79741,10,30000
79742,10,0
79743,10,30000
79744,10,20000
79745,10,30000
79746,10,30000
79747,10,30000
79748,10,10000
79749,10,50000
79750,10,40000
79751,10,20000
79752,10,0
79753,10,0
79754,10,40000
79755,10,0
79756,10,0
79757,10,40000
79758,10,10000
79759,10,0
79760,10,0
79761,10,0
79762,10,10000
79763,10,40000
79764,10,50000
79765,10,10000
79766,10,0
79767,10,0
79768,10,0
79769,10,20000
79770,10,0
79771,10,0
79772,10,5000
79773,10,0
79774,10,0
79775,10,0
79776,10,50000
79777,10,30000
79778,10,30000
79779,10,5000
79780,10,0
79781,10,0
79782,10,30000
79783,10,0
79784,10,5000
79785,10,30000
79786,10,30000
79787,10,0
79788,10,10000
79789,10,0
79790,10,40000
79791,10,30000
79792,10,5000
79793,10,50000
79794,10,10000
79795,10,30000
79796,10,30000
79797,10,30000
79798,10,5000
79799,10,20000
79800,10,10000
79801,10,50000
79802,10,20000
79803,10,10000
79804,10,20000
79805,10,50000
79806,10,30000
79807,10,5000
79808,10,20000
79809,10,20000
79810,10,10000
79811,10,20000
79812,10,20000
79813,10,0
79814,10,40000
79815,10,30000
79816,10,30000
79817,10,50000
79818,10,50000
79819,10,0
79820,10,30000
79821,10,20000
79822,10,30000
79823,10,10000
79824,10,30000
79825,10,20000
79826,10,30000
79827,10,30000
79828,10,20000
79829,10,30000
79830,10,50000
79831,10,20000
79832,10,0
79833,10,10000
79834,10,5000
79835,10,0
79836,10,10000
79837,10,20000
79838,10,40000
79839,10,40000
79840,10,50000
79841,10,10000
79842,10,0
79843,10,20000
79844,10,50000
79845,10,10
79846,10,20000
79847,10,10000
79848,10,0
79849,10,30000
79850,10,20000
79851,10,0
79852,10,10000
79853,10,0
79854,10,0
79855,10,0
79856,10,50000
79857,10,40000
79858,10,40000
79859,10,0
79860,10,5000
79861,10,0
79862,10,0
79863,10,50000
79864,10,20000
79865,10,40000
79866,10,40000
79867,10,50000
79868,10,0
79869,10,10
79870,10,5000
79871,10,50000
79872,10,10000
79873,10,5000
79874,10,40000
79875,10,50000
79876,10,40000
79877,10,0
79878,10,30000
79879,10,5000
79880,10,0
79881,10,50000
79882,10,5000
79883,10,0
79884,10,20000
79885,10,20000
79886,10,20000
79887,10,30000
79888,10,30000
79889,10,0
79890,10,20000
79891,10,0
79892,10,0
79893,10,10000
79894,10,0
79895,10,5000
79896,10,10000
79897,10,20000
79898,10,10000
79899,10,10000
79900,10,30000
79901,10,10000
79902,10,10000
79903,10,0
79904,10,40000
79905,10,50000
79906,10,0
79907,10,50000
79908,10,30000
79909,10,0
79910,10,20000
79911,10,0
79912,10,30000
79913,10,30000
79914,10,50000
79915,10,5000
79916,10,0
79917,10,50000
79918,10,5000
79919,10,10000
79920,10,40000
79921,10,40000
79922,10,5000
79923,10,40000
79924,10,10000
79925,10,30000
79926,10,5000
79927,10,40000
79928,10,5000
79929,10,0
79930,10,30000
79931,10,0
79932,10,5000
79933,10,10000
79934,10,30000
79935,10,20000
79936,10,0
79937,10,5000
79938,10,30000
79939,10,40000
79940,10,0
79941,10,0
79942,10,20000
79943,10,20000
79944,10,50000
79945,10,10000
79946,10,30000
79947,10,0
79948,10,10000
79949,10,40000
79950,10,20000
79951,10,0
79952,10,0
79953,10,0
79954,10,50000
79955,10,30000
79956,10,0
79957,10,30000
79958,10,50000
79959,10,50000
79960,10,50000
79961,10,5000
79962,10,30000
79963,10,50000
79964,10,10000
79965,10,0
79966,10,5000
79967,10,30000
79968,10,0
79969,10,50000
79970,10,30000
79971,10,20000
79972,10,30000
79973,10,50000
79974,10,30000
79975,10,30000
79976,10,0
79977,10,50000
79978,10,20000
79979,10,30000
79980,10,40000
79981,10,20000
79982,10,50000
79983,10,40000
79984,10,40000
79985,10,0
79986,10,0
79987,10,0
79988,10,40000
79989,10,0
79990,10,50000
79991,10,20000
79992,10,0
79993,10,0
79994,10,0
79995,10,40000
79996,10,30000
79997,10,20000
79998,10,20000
79999,10,0
80000,10,30000
80001,10,50000
80002,10,30000
80003,10,30000
80004,10,0
80005,10,50000
80006,10,5000
80007,10,30000
80008,10,10000
80009,10,20000
80010,10,0
80011,10,0
80012,10,5000
80013,10,10
80014,10,20000
80015,10,30000
80016,10,0
80017,10,5000
80018,10,40000
80019,10,30000
80020,10,50000
80021,10,30000
80022,10,50000
80023,10,30000
80024,10,50000
80025,10,40000
80026,10,20000
80027,10,10000
80028,10,0
80029,10,30000
80030,10,5000
80031,10,30000
80032,10,50000
80033,10,10000
80034,10,40000
80035,10,5000
80036,10,20000
80037,10,30000
80038,10,40000
80039,10,50000
80040,10,0
80041,10,10000
80042,10,30000
80043,10,20000
80044,10,0
80045,10,0
80046,10,40000
80047,10,0
80048,10,0
80049,10,10000
80050,10,0
80051,10,50000
80052,10,0
80053,10,40000
80054,10,40000
80055,10,50000
80056,10,5000
80057,10,0
80058,10,30000
80059,10,0
80060,10,10000
80061,10,20000
80062,10,30000
80063,10,20000
80064,10,30000
80065,10,50000
80066,10,0
80067,10,20000
80068,10,5000
80069,1,1500000
80070,10,40000
80071,10,5000
80072,10,40000
80073,10,0
80074,10,50000
80075,10,5000
80076,10,0
80077,10,20000
80078,10,0
80079,10,30000
80080,10,0
80081,10,10000
80082,10,30000
80083,10,40000
80084,10,0
80085,10,0
80086,10,40000
80087,10,40000
80088,10,30000
80089,10,5000
80090,10,5000
80091,10,30000
80092,10,20000
80093,10,30000
80094,10,0
80095,10,50000
80096,10,40000
80097,10,0
80098,10,0
80099,10,20000
80100,10,5000
80101,10,5000
80102,10,30000
80103,10,30000
80104,10,0
80105,10,0
80106,10,0
80107,10,20000
80108,10,5000
80109,10,30000
80110,10,40000
80111,10,20000
80112,10,0
80113,10,20000
80114,10,5000
80115,10,20000
80116,10,50000
80117,10,40000
80118,10,40000
80119,10,40000
80120,10,20000
80121,10,0
80122,10,5000
80123,10,40000
80124,10,5000
80125,10,0
80126,10,20000
80127,10,10000
80128,10,5000
80129,10,50000
80130,10,30000
80131,10,0
80132,10,30000
80133,10,0
80134,10,20000
80135,10,30000
80136,10,0
80137,10,30000
80138,10,0
80139,10,0
80140,10,20000
80141,10,0
80142,10,50000
80143,10,20000
80144,10,50000
80145,10,0
80146,10,0
80147,10,0
80148,10,50000
80149,10,5000
80150,10,50000
80151,10,50000
80152,10,20000
80153,10,5000
80154,10,0
80155,10,10000
80156,10,5000
80157,10,20000
80158,10,0
80159,10,30000
80160,10,30000
80161,10,30000
80162,10,20000
80163,10,10000
80164,10,0
80165,10,30000
80166,10,20000
80167,10,30000
80168,10,0
80169,10,30000
80170,10,0
80171,10,0
80172,10,10000
80173,10,5000
80174,10,0
80175,10,10000
80176,10,30000
80177,10,30000
80178,10,20000
80179,10,0
80180,10,0
80181,10,5000
80182,10,30000
80183,10,10000
80184,10,20000
80185,10,40000
80186,10,0
80187,10,0
80188,10,0
80189,10,0
80190,10,10000
80191,10,20000
80192,10,10000
80193,10,5000
80194,10,30000
80195,10,50000
80196,10,20000
80197,10,0
80198,10,40000
80199,10,10000
80200,10,40000
80201,10,50000
80202,10,0
80203,10,10000
80204,10,30000
80205,10,0
80206,10,0
80207,10,20000
80208,10,0
80209,10,10000
80210,10,0
80211,10,5000
80212,10,40000
80213,10,30000
80214,10,0
80215,10,0
80216,10,50000
80217,10,0
80218,10,50000
80219,10,0
80220,10,5000
80221,10,50000
80222,10,30000
80223,10,30000
80224,10,0
80225,10,30000
80226,10,30000
80227,10,0
80228,10,30000
80229,10,20000
80230,10,0
80231,10,0
80232,10,0
80233,10,0
80234,10,5000
80235,10,10000
80236,10,20000
80237,10,10000
80238,10,30000
80239,10,0
80240,10,10000
80241,10,30000
80242,10,0
80243,10,20000
80244,10,10000
80245,10,0
80246,10,30000
80247,10,20000
80248,10,0
80249,10,30000
80250,10,30000
80251,10,5000
80252,10,0
80253,10,50000
80254,10,10000
80255,10,40000
80256,10,0
80257,10,10000
80258,10,50000
80259,10,30000
80260,10,10000
80261,10,50000
80262,10,20000
80263,10,30000
80264,10,30000
80265,10,30000
80266,10,50000
80267,10,50000
80268,10,0
80269,10,0
80270,10,10000
80271,10,0
80272,10,0
80273,10,0
80274,10,30000
80275,10,5000
80276,10,20000
80277,10,50000
80278,10,5000
80279,10,0
80280,10,30000
80281,10,20000
80282,10,0
80283,10,5000
80284,10,50000
80285,10,0
80286,10,40000
80287,10,5000
80288,10,50000
80289,10,20000
80290,10,5000
80291,10,40000
80292,10,5000
80293,10,40000
80294,10,30000
80295,10,30000
80296,10,0
80297,10,30000
80298,10,0
80299,10,20000
80300,10,10000
80301,10,20000
80302,10,30000
80303,10,20000
80304,10,0
80305,10,40000
80306,10,40000
80307,10,20000
80308,10,20000
80309,10,30000
80310,10,30000
80311,10,20000
80312,10,10000
80313,10,50000
80314,10,5000
80315,10,20000
80316,10,30000
80317,10,50000
80318,10,30000
80319,10,30000
80320,10,20000
80321,10,20000
80322,10,5000
80323,10,40000
80324,10,30000
80325,10,20000
80326,10,5000
80327,10,40000
80328,10,20000
80329,10,10000
80330,10,50000
80331,10,50000
80332,10,5000
80333,10,5000
80334,10,0
80335,10,30000
80336,10,30000
80337,10,10000
80338,10,5000
80339,10,20000
80340,10,10000
80341,10,10000
80342,10,30000
80343,10,30000
80344,10,5000
80345,10,10000
80346,10,20000
80347,10,40000
80348,10,50000
80349,10,20000
80350,10,30000
80351,10,0
80352,10,5000
80353,10,5000
80354,10,40000
80355,10,30000
80356,10,20000
80357,10,0
80358,10,0
80359,10,0
80360,10,0
80361,10,50000
80362,10,10000
80363,10,5000
80364,10,0
80365,10,0
80366,10,0
80367,10,0
80368,10,50000
80369,10,0
80370,10,0
80371,10,30000
80372,10,20000
80373,10,20000
80374,10,40000
80375,10,20000
80376,10,10000
80377,10,10000
80378,10,30000
80379,10,10000
80380,10,0
80381,10,10000
80382,10,5000
80383,10,5000
80384,10,10000
80385,10,0
80386,10,0
80387,10,20000
80388,10,50000
80389,10,30000
80390,10,50000
80391,10,40000
80392,10,5000
80393,10,30000
80394,10,5000
80395,10,0
80396,10,0
80397,10,30000
80398,10,30000
80399,10,0
80400,10,30000
80401,10,50000
80402,10,50000
80403,10,40000
80404,10,5000
80405,10,0
80406,10,0
80407,10,10000
80408,10,5000
80409,10,0
80410,10,0
80411,10,0
80412,10,50000
80413,10,5000
80414,10,20000
80415,10,40000
80416,10,0
80417,10,30000
80418,10,40000
80419,10,30000
80420,10,30000
80421,10,0
80422,10,20000
80423,10,0
80424,10,30000
80425,10,40000
80426,10,5000
80427,10,0
80428,10,5000
80429,10,0
80430,10,50000
80431,10,5000
80432,10,40000
80433,10,0
80434,10,20000
80435,10,30000
80436,10,0
80437,10,50000
80438,10,0
80439,10,50000
80440,10,0
80441,10,50000
80442,10,0
80443,10,10000
80444,10,0
80445,10,30000
80446,10,20000
80447,10,20000
80448,10,30000
80449,10,0
80450,10,10000
80451,10,20000
80452,10,5000
80453,10,0
80454,10,20000
80455,10,5000
80456,10,0
80457,10,20000
80458,10,5000
80459,10,5000
80460,10,0
80461,10,30000
80462,10,20000
80463,10,30000
80464,10,0
80465,10,0
80466,10,30000
80467,10,20000
80468,10,50000
80469,10,0
80470,10,20000
80471,10,40000
80472,10,0
80473,10,0
80474,10,30000
80475,10,50000
80476,10,0
80477,10,0
80478,10,50000
80479,10,20000
80480,10,5000
80481,10,5000
80482,10,40000
80483,10,30000
80484,10,50000
80485,10,20000
80486,10,50000
80487,10,20000
80488,10,10
80489,10,30000
80490,10,30000
80491,10,0
80492,10,10000
80493,10,30000
80494,10,5000
80495,10,40000
80496,10,50000
80497,10,30000
80498,10,0
80499,10,0
80500,10,50000
80501,10,10000
80502,10,30000
80503,10,0
80504,10,0
80505,10,50000
80506,10,0
80507,10,0
80508,10,0
80509,10,40000
80510,10,0
80511,10,0
80512,10,5000
80513,10,10000
80514,10,50000
80515,10,50000
80516,10,20000
80517,10,20000
80518,10,0
80519,10,50000
80520,10,0
80521,10,0
80522,10,50000
80523,10,30000
80524,10,50000
80525,10,5000
80526,10,50000
80527,10,20000
80528,10,0
80529,10,20000
80530,10,30000
80531,10,20000
80532,10,0
80533,10,50000
80534,10,40000
80535,10,0
80536,10,20000
80537,10,0
80538,10,20000
80539,10,50000
80540,10,0
80541,10,20000
80542,10,0
80543,10,0
80544,10,30000
80545,10,20000
80546,10,50000
80547,10,5000
80548,10,20000
80549,10,0
80550,10,0
80551,10,0
80552,10,30000
80553,10,0
80554,10,0
80555,10,10000
80556,10,30000
80557,10,50000
80558,10,50000
80559,10,50000
80560,10,30000
80561,10,0
80562,10,5000
80563,10,20000
80564,10,30000
80565,10,0
80566,10,50000
80567,10,40000
80568,10,30000
80569,10,0
80570,10,40000
80571,10,20000
80572,10,30000
80573,10,50000
80574,10,30000
80575,10,20000
80576,10,20000
80577,10,30000
80578,10,10000
80579,10,0
80580,10,0
80581,10,30000
80582,10,40000
80583,10,0
80584,10,50000
80585,10,40000
80586,10,0
80587,10,5000
80588,10,20000
80589,10,30000
80590,10,40000
80591,10,40000
80592,10,5000
80593,10,5000
80594,10,30000
80595,10,50000
80596,10,20000
80597,10,40000
80598,10,20000
80599,10,50000
80600,10,0
80601,10,30000
80602,10,30000
80603,10,50000
80604,10,0
80605,10,0
80606,10,50000
80607,10,30000
80608,10,0
80609,10,40000
80610,10,0
80611,10,50000
80612,10,10000
80613,10,30000
80614,10,20000
80615,10,50000
80616,10,30000
80617,10,20000
80618,10,30000
80619,10,10000
80620,10,50000
80621,10,5000
80622,10,5000
80623,10,50000
80624,10,40000
80625,10,20000
80626,10,30000
80627,10,0
80628,10,30000
80629,10,30000
80630,10,50000
80631,10,30000
80632,10,10000
80633,10,0
80634,10,0
80635,10,5000
80636,10,5000
80637,10,30000
80638,10,40000
80639,10,0
80640,10,10000
80641,10,0
80642,10,10
80643,10,10000
80644,10,50000
80645,10,0
80646,10,10000
80647,10,50000
80648,10,50000
80649,10,0
80650,10,0
80651,10,20000
80652,10,30000
80653,10,0
80654,10,40000
80655,10,5000
80656,10,0
80657,10,0
80658,10,0
80659,10,10000
80660,10,30000
80661,10,50000
80662,10,0
80663,10,0
80664,10,10000
80665,10,0
80666,10,0
80667,10,40000
80668,10,40000
80669,10,30000
80670,10,30000
80671,10,20000
80672,10,20000
80673,10,20000
80674,10,10000
80675,10,20000
80676,10,50000
80677,10,20000
80678,10,40000
80679,10,0
80680,10,40000
80681,10,40000
80682,10,20000
80683,10,50000
80684,10,50000
80685,10,30000
80686,10,10000
80687,10,40000
80688,10,40000
80689,10,20000
80690,10,0
80691,10,0
80692,10,5000
80693,10,30000
80694,10,50000
80695,10,0
80696,10,10000
80697,10,50000
80698,10,20000
80699,10,5000
80700,10,0
80701,10,50000
80702,10,10000
80703,10,30000
80704,10,40000
80705,10,30000
80706,10,5000
80707,10,0
80708,10,0
80709,10,20000
80710,10,0
80711,10,10000
80712,10,0
80713,10,30000
80714,10,40000
80715,10,0
80716,10,30000
80717,10,50000
80718,10,0
80719,10,5000
80720,10,30000
80721,10,20000
80722,10,50000
80723,10,50000
80724,10,20000
80725,10,0
80726,10,40000
80727,10,10000
80728,10,0
80729,10,40000
80730,10,10000
80731,10,0
80732,10,50000
80733,10,20000
80734,10,20000
80735,10,50000
80736,10,30000
80737,10,30000
80738,10,30000
80739,10,10000
80740,10,0
80741,10,20000
80742,10,40000
80743,10,0
80744,10,50000
80745,10,0
80746,10,0
80747,10,5000
80748,10,50000
80749,10,10000
80750,10,40000
80751,10,30000
80752,10,5000
80753,10,40000
80754,10,10000
80755,10,30000
80756,10,0
80757,10,40000
80758,10,10000
80759,10,0
80760,10,5000
80761,10,40000
80762,10,50000
80763,10,50000
80764,10,30000
80765,10,50000
80766,10,0
80767,10,50000
80768,10,50000
80769,10,5000
80770,10,0
80771,10,10000
80772,10,40000
80773,10,20000
80774,10,0
80775,10,30000
80776,10,10000
80777,10,30000
80778,10,0
80779,10,0
80780,10,0
80781,10,20000
80782,10,10000
80783,10,10000
80784,10,50000
80785,10,5000
80786,10,20000
80787,10,20000
80788,10,5000
80789,10,30000
80790,10,5000
80791,10,40000
80792,10,40000
80793,10,30000
80794,10,40000
80795,10,50000
80796,10,20000
80797,10,50000
80798,10,0
80799,10,0
80800,10,0
80801,10,30000
80802,10,5000
80803,10,30000
80804,10,0
80805,10,20000
80806,10,0
80807,10,20000
80808,10,10000
80809,10,50000
80810,10,20000
80811,10,40000
80812,10,10000
80813,10,0
80814,10,20000
80815,10,0
80816,10,40000
80817,10,0
80818,10,0
80819,10,0
80820,10,20000
80821,10,50000
80822,10,50000
80823,10,30000
80824,10,10000
80825,10,50000
80826,10,50000
80827,10,50000
80828,10,0
80829,10,5000
80830,10,0
80831,10,0
80832,10,30000
80833,10,5000
80834,10,20000
80835,10,0
80836,10,30000
80837,10,10000
80838,10,0
80839,10,30000
80840,10,0
80841,10,20000
80842,10,0
80843,10,0
80844,10,0
80845,10,20000
80846,10,10000
80847,10,30000
80848,10,50000
80849,10,20000
80850,10,0
80851,10,40000
80852,10,0
80853,10,5000
80854,10,0
80855,10,20000
80856,10,20000
80857,10,10000
80858,10,50000
80859,10,20000
80860,10,50000
80861,10,40000
80862,10,5000
80863,10,50000
80864,10,0
80865,10,10000
80866,10,10000
80867,10,5000
80868,10,5000
80869,10,10000
80870,10,30000
80871,10,50000
80872,10,0
80873,10,20000
80874,10,20000
80875,10,10000
80876,10,10000
80877,10,10000
80878,10,5000
80879,10,5000
80880,10,20000
80881,10,30000
80882,10,20000
80883,10,40000
80884,10,50000
80885,10,0
80886,10,10000
80887,10,30000
80888,10,40000
80889,10,30000
80890,10,0
80891,10,10000
80892,10,30000
80893,10,30000
80894,10,40000
80895,10,20000
80896,10,10000
80897,10,0
80898,10,30000
80899,10,20000
80900,10,30000
80901,10,50000
80902,10,0
80903,10,50000
80904,10,20000
80905,10,30000
80906,10,50000
80907,10,0
80908,10,0
80909,10,30000
80910,10,20000
80911,10,20000
80912,10,0
80913,10,20000
80914,10,20000
80915,10,30000
80916,10,5000
80917,10,30000
80918,10,0
80919,10,0
80920,10,0
80921,10,20000
80922,10,0
80923,10,0
80924,10,40000
80925,10,30000
80926,10,10000
80927,10,50000
80928,10,0
80929,10,20000
80930,10,50000
80931,10,50000
80932,10,50000
80933,10,0
80934,10,5000
80935,10,20000
80936,10,30000
80937,10,0
80938,10,0
80939,10,20000
80940,10,10000
80941,10,30000
80942,10,40000
80943,10,0
80944,10,5000
80945,10,50000
80946,10,5000
80947,10,50000
80948,10,20000
80949,10,0
80950,10,0
80951,10,0
80952,10,5000
80953,10,0
80954,10,20000
80955,10,20000
80956,10,20000
80957,10,50000
80958,10,0
80959,10,30000
80960,10,0
80961,10,5000
80962,10,40000
80963,10,0
80964,10,5000
80965,10,0
80966,10,20000
80967,10,30000
80968,10,30000
80969,10,5000
80970,10,50000
80971,10,5000
80972,10,5000
80973,10,20000
80974,10,5000
80975,10,20000
80976,10,30000
80977,10,40000
80978,10,5000
80979,10,0
80980,10,0
80981,10,30000
80982,10,5000
80983,10,20000
80984,10,20000
80985,10,40000
80986,10,20000
80987,10,10000
80988,10,20000
80989,10,30000
80990,10,20000
80991,10,5000
80992,10,40000
80993,10,20000
80994,10,50000
80995,10,0
80996,10,0
80997,10,0
80998,10,20000
80999,10,40000
81000,10,0
81001,10,10
81002,10,50000
81003,10,40000
81004,10,10000
81005,10,40000
81006,10,0
81007,10,20000
81008,10,40000
81009,10,0
81010,10,0
81011,10,30000
81012,10,0
81013,10,40000
81014,10,20000
81015,10,0
81016,10,5000
81017,10,5000
81018,10,50000
81019,10,0
81020,10,30000
81021,10,30000
81022,10,5000
81023,10,0
81024,10,50000
81025,10,0
81026,10,20000
81027,10,0
81028,10,40000
81029,10,20000
81030,10,0
81031,10,50000
81032,10,5000
81033,10,50000
81034,10,10000
81035,10,30000
81036,10,50000
81037,10,0
81038,10,50000
81039,10,50000
81040,10,20000
81041,10,30000
81042,10,0
81043,10,20000
81044,10,0
81045,10,30000
81046,10,30000
81047,10,40000
81048,10,40000
81049,10,10000
81050,10,0
81051,10,10000
81052,10,0
81053,10,5000
81054,10,20000
81055,10,0
81056,10,30000
81057,10,0
81058,10,20000
81059,10,5000
81060,10,50000
81061,10,20000
81062,10,0
81063,10,50000
81064,10,10000
81065,10,40000
81066,10,30000
81067,10,20000
81068,10,0
81069,10,30000
81070,10,0
81071,10,5000
81072,10,5000
81073,10,20000
81074,10,20000
81075,10,10000
81076,10,30000
81077,10,0
81078,10,10
81079,10,20000
81080,10,5000
81081,10,0
81082,10,50000
81083,10,0
81084,10,0
81085,10,20000
81086,10,20000
81087,10,20000
81088,10,0
81089,10,5000
81090,10,0
81091,10,30000
81092,10,20000
81093,10,40000
81094,10,40000
81095,10,0
81096,10,30000
81097,10,50000
81098,10,0
81099,10,20000
81100,10,50000
81101,10,0
81102,10,30000
81103,10,0
81104,10,50000
81105,10,5000
81106,10,30000
81107,10,40000
81108,10,5000
81109,10,10000
81110,10,30000
81111,10,20000
81112,10,20000
81113,10,0
81114,10,30000
81115,10,5000
81116,10,20000
81117,10,40000
81118,10,50000
81119,10,30000
81120,10,0
81121,10,40000
81122,10,30000
81123,10,0
81124,10,10000
81125,10,20000
81126,10,10000
81127,10,10000
81128,10,20000
81129,10,0
81130,10,40000
81131,10,30000
81132,10,30000
81133,10,30000
81134,10,5000
81135,10,0
81136,10,0
81137,10,50000
81138,10,0
81139,10,50000
81140,10,20000
81141,10,20000
81142,10,20000
81143,10,0
81144,10,20000
81145,10,0
81146,10,30000
81147,10,0
81148,10,50000
81149,10,0
81150,10,0
81151,10,50000
81152,10,30000
81153,10,0
81154,10,0
81155,10,10000
81156,10,20000
81157,10,30000
81158,10,0
81159,10,0
81160,10,40000
81161,10,50000
81162,10,50000
81163,10,30000
81164,10,0
81165,10,30000
81166,10,20000
81167,10,30000
81168,10,10
81169,10,30000
81170,10,20000
81171,10,30000
81172,10,40000
81173,10,40000
81174,10,30000
81175,10,0
81176,10,40000
81177,10,20000
81178,10,20000
81179,10,20000
81180,10,5000
81181,10,20000
81182,10,5000
81183,10,20000
81184,10,30000
81185,10,0
81186,10,30000
81187,10,10000
81188,10,10000
81189,10,0
81190,10,40000
81191,10,40000
81192,10,30000
81193,10,20000
81194,10,5000
81195,10,0
81196,10,0
81197,10,10000
81198,10,0
81199,10,0
81200,10,10000
81201,10,5000
81202,10,10000
81203,10,30000
81204,10,50000
81205,10,30000
81206,10,5000
81207,10,0
81208,10,0
81209,10,20000
81210,10,0
81211,10,20000
81212,10,10000
81213,10,50000
81214,10,50000
81215,10,40000
81216,10,5000
81217,10,20000
81218,10,0
81219,10,0
81220,10,0
81221,10,50000
81222,10,20000
81223,10,30000
81224,10,5000
81225,10,0
81226,10,0
81227,10,20000
81228,10,5000
81229,10,0
81230,10,0
81231,10,5000
81232,10,50000
81233,10,10000
81234,10,20000
81235,10,10000
81236,10,0
81237,10,40000
81238,10,0
81239,10,0
81240,10,40000
81241,10,0
81242,10,0
81243,10,20000
81244,10,5000
81245,10,40000
81246,10,5000
81247,10,30000
81248,10,20000
81249,10,20000
81250,10,50000
81251,10,50000
81252,10,30000
81253,10,20000
81254,10,0
81255,10,30000
81256,10,30000
81257,10,30000
81258,10,0
81259,10,0
81260,10,20000
81261,10,20000
81262,10,40000
81263,10,40000
81264,10,20000
81265,10,20000
81266,10,20000
81267,10,10000
81268,10,10000
81269,10,20000
81270,10,40000
81271,10,20000
81272,10,50000
81273,10,20000
81274,10,5000
81275,10,0
81276,10,5000
81277,10,5000
81278,10,0
81279,10,0
81280,10,30000
81281,10,30000
81282,10,40000
81283,10,0
81284,10,50000
81285,10,50000
81286,10,0
81287,10,0
81288,10,20000
81289,10,40000
81290,10,10000
81291,10,50000
81292,10,0
81293,10,20000
81294,10,40000
81295,10,30000
81296,10,20000
81297,10,50000
81298,10,0
81299,10,30000
81300,10,10000
81301,10,30000
81302,10,20000
81303,10,10000
81304,10,50000
81305,10,0
81306,10,50000
81307,10,0
81308,10,20000
81309,10,5000
81310,10,0
81311,10,40000
81312,10,0
81313,10,40000
81314,10,0
81315,10,0
81316,10,0
81317,10,50000
81318,10,40000
81319,10,20000
81320,10,0
81321,10,40000
81322,10,10000
81323,10,50000
81324,10,10000
81325,10,30000
81326,10,5000
81327,10,20000
81328,10,10000
81329,10,50000
81330,10,50000
81331,10,5000
81332,10,5000
81333,10,20000
81334,10,40000
81335,10,30000
81336,10,0
81337,10,50000
81338,10,5000
81339,10,5000
81340,10,5000
81341,10,20000
81342,10,50000
81343,10,40000
81344,10,50000
81345,10,0
81346,10,20000
81347,10,5000
81348,10,0
81349,10,5000
81350,10,10000
81351,10,50000
81352,10,20000
81353,10,20000
81354,10,30000
81355,10,10000
81356,10,30000
81357,10,5000
81358,10,20000
81359,10,40000
81360,10,40000
81361,10,20000
81362,10,5000
81363,10,0
81364,10,10
81365,10,0
81366,10,0
81367,10,30000
81368,10,30000
81369,10,20000
81370,10,40000
81371,10,5000
81372,10,0
81373,10,30000
81374,10,30000
81375,10,30000
81376,10,40000
81377,10,50000
81378,10,0
81379,10,40000
81380,10,0
81381,10,30000
81382,10,0
81383,10,0
81384,10,50000
81385,10,30000
81386,10,10000
81387,10,0
81388,10,0
81389,10,30000
81390,10,5000
81391,10,5000
81392,10,0
81393,10,30000
81394,10,0
81395,10,50000
81396,10,0
81397,10,0
81398,10,30000
81399,10,0
81400,10,30000
81401,10,50000
81402,10,50000
81403,10,0
81404,10,5000
81405,10,0
81406,10,50000
81407,10,10000
81408,10,40000
81409,10,10000
81410,10,10000
81411,10,40000
81412,10,0
81413,10,10000
81414,10,20000
81415,10,0
81416,10,30000
81417,10,5000
81418,10,30000
81419,10,10000
81420,10,40000
81421,10,30000
81422,10,30000
81423,10,10000
81424,10,10000
81425,10,0
81426,10,40000
81427,10,30000
81428,10,0
81429,10,5000
81430,10,50000
81431,10,20000
81432,10,0
81433,10,30000
81434,10,0
81435,10,10000
81436,10,40000
81437,10,0
81438,10,50000
81439,10,0
81440,10,30000
81441,10,50000
81442,10,20000
81443,10,50000
81444,10,40000
81445,10,40000
81446,10,5000
81447,10,0
81448,10,20000
81449,10,40000
81450,10,0
81451,10,5000
81452,10,5000
81453,10,50000
81454,10,30000
81455,10,10
81456,10,5000
81457,10,50000
81458,10,20000
81459,10,10000
81460,10,0
81461,10,10000
81462,10,30000
81463,10,20000
81464,10,20000
81465,10,0
81466,10,20000
81467,10,5000
81468,10,50000
81469,10,0
81470,10,0
81471,10,0
81472,10,20000
81473,10,30000
81474,10,0
81475,10,50000
81476,10,0
81477,10,40000
81478,10,40000
81479,10,5000
81480,10,0
81481,10,50000
81482,10,10000
81483,10,0
81484,10,20000
81485,10,0
81486,10,10000
81487,10,0
81488,10,50000
81489,10,30000
81490,10,0
81491,10,20000
81492,10,30000
81493,10,0
81494,10,5000
81495,10,0
81496,10,0
81497,10,20000
81498,10,40000
81499,10,10000
81500,10,0
81501,10,40000
81502,10,50000
81503,10,5000
81504,10,5000
81505,10,10000
81506,10,50000
81507,10,0
81508,10,0
81509,10,40000
81510,10,0
81511,10,0
81512,10,20000
81513,10,5000
81514,10,5000
81515,10,20000
81516,10,0
81517,10,30000
81518,10,0
81519,10,10000
81520,10,30000
81521,10,20000
81522,10,40000
81523,10,5000
81524,10,30000
81525,10,30000
81526,10,20000
81527,10,5000
81528,10,0
81529,10,40000
81530,10,40000
81531,10,5000
81532,10,20000
81533,10,40000
81534,10,0
81535,10,30000
81536,10,20000
81537,10,40000
81538,10,0
81539,10,50000
81540,10,40000
81541,10,0
81542,10,0
81543,10,20000
81544,10,20000
81545,10,20000
81546,10,10000
81547,10,0
81548,10,10000
81549,10,5000
81550,10,0
81551,10,30000
81552,10,20000
81553,10,0
81554,10,30000
81555,10,10000
81556,10,20000
81557,10,40000
81558,10,0
81559,10,0
81560,10,10000
81561,10,10000
81562,10,50000
81563,10,30000
81564,10,30000
81565,10,0
81566,10,30000
81567,10,0
81568,10,50000
81569,10,0
81570,10,50000
81571,10,30000
81572,10,20000
81573,10,0
81574,10,50000
81575,10,20000
81576,10,0
81577,10,5000
81578,10,0
81579,10,40000
81580,10,40000
81581,10,0
81582,10,20000
81583,10,0
81584,10,10000
81585,10,30000
81586,10,40000
81587,10,50000
81588,10,10000
81589,10,50000
81590,10,50000
81591,10,20000
81592,10,10000
81593,10,0
81594,10,5000
81595,10,30000
81596,10,10000
81597,10,30000
81598,10,0
81599,10,0
81600,10,30000
81601,10,0
81602,10,0
81603,10,30000
81604,10,20000
81605,10,30000
81606,10,5000
81607,10,0
81608,10,40000
81609,10,40000
81610,10,50000
81611,10,10000
81612,10,0
81613,10,0
81614,10,10000
81615,10,40000
81616,10,50000
81617,10,5000
81618,10,20000
81619,10,10000
81620,10,50000
81621,10,40000
81622,10,10000
81623,10,20000
81624,10,40000
81625,10,0
81626,10,0
81627,10,5000
81628,10,10000
81629,10,30000
81630,10,20000
81631,10,20000
81632,10,0
81633,10,0
81634,10,20000
81635,10,20000
81636,10,0
81637,10,10000
81638,10,30000
81639,10,0
81640,10,50000
81641,10,20000
81642,10,10000
81643,10,10000
81644,10,5000
81645,10,0
81646,10,10000
81647,10,30000
81648,10,40000
81649,10,50000
81650,10,50000
81651,10,20000
81652,10,20000
81653,10,0
81654,10,5000
81655,10,20000
81656,10,50000
81657,10,5000
81658,10,50000
81659,10,0
81660,10,0
81661,10,0
81662,10,40000
81663,10,50000
81664,10,10000
81665,10,30000
81666,10,40000
81667,10,0
81668,10,50000
81669,10,40000
81670,10,0
81671,10,0
81672,10,0
81673,10,50000
81674,10,20000
81675,10,0
81676,10,0
81677,10,50000
81678,10,10000
81679,10,0
81680,10,30000
81681,10,10000
81682,10,30000
81683,10,20000
81684,10,10000
81685,10,40000
81686,10,50000
81687,10,50000
81688,10,40000
81689,10,0
81690,10,30000
81691,10,0
81692,10,20000
81693,10,20000
81694,10,5000
81695,10,0
81696,10,0
81697,10,0
81698,10,50000
81699,10,0
81700,10,50000
81701,10,5000
81702,10,40000
81703,10,10000
81704,10,30000
81705,10,20000
81706,10,30000
81707,10,5000
81708,10,40000
81709,10,50000
81710,10,30000
81711,10,30000
81712,10,40000
81713,10,50000
81714,10,10000
81715,10,40000
81716,10,0
81717,10,0
81718,10,20000
81719,10,40000
81720,10,20000
81721,10,5000
81722,10,20000
81723,10,0
81724,10,10000
81725,10,0
81726,10,5000
81727,10,20000
81728,10,0
81729,10,0
81730,10,30000
81731,10,30000
81732,10,10000
81733,10,20000
81734,10,10000
81735,10,10000
81736,10,40000
81737,10,50000
81738,10,50000
81739,10,0
81740,10,10000
81741,10,5000
81742,10,0
81743,10,30000
81744,10,10000
81745,10,50000
81746,10,30000
81747,10,20000
81748,10,0
81749,10,20000
81750,10,0
81751,10,30000
81752,10,0
81753,10,0
81754,10,10000
81755,10,50000
81756,10,50000
81757,10,0
81758,10,50000
81759,10,5000
81760,10,50000
81761,10,0
81762,10,20000
81763,10,10000
81764,10,5000
81765,10,40000
81766,10,5000
81767,10,10000
81768,10,50000
81769,10,0
81770,10,30000
81771,10,40000
81772,10,30000
81773,10,40000
81774,10,0
81775,10,0
81776,10,40000
81777,10,30000
81778,10,20000
81779,10,0
81780,10,0
81781,10,50000
81782,10,0
81783,10,30000
81784,10,50000
81785,10,0
81786,10,20000
81787,10,50000
81788,10,10000
81789,10,20000
81790,10,20000
81791,10,50000
81792,10,20000
81793,10,10000
81794,10,30000
81795,10,40000
81796,10,40000
81797,10,50000
81798,10,40000
81799,10,0
81800,10,0
81801,10,30000
81802,10,5000
81803,10,40000
81804,10,0
81805,10,0
81806,10,30000
81807,10,0
81808,10,40000
81809,10,0
81810,10,10000
81811,10,10
81812,10,0
81813,10,40000
81814,10,10000
81815,10,20000
81816,10,40000
81817,10,30000
81818,10,10000
81819,10,20000
81820,10,5000
81821,10,0
81822,10,0
81823,10,0
81824,10,20000
81825,10,40000
81826,10,30000
81827,10,30000
81828,10,40000
81829,10,0
81830,10,30000
81831,10,5000
81832,10,0
81833,10,0
81834,10,0
81835,10,0
81836,10,20000
81837,10,20000
81838,10,10000
81839,10,0
81840,10,30000
81841,10,5000
81842,10,0
81843,10,0
81844,10,10000
81845,10,20000
81846,10,20000
81847,10,0
81848,10,20000
81849,10,40000
81850,10,0
81851,10,30000
81852,10,0
81853,10,20000
81854,10,50000
81855,10,0
81856,10,5000
81857,10,30000
81858,10,0
81859,10,30000
81860,10,0
81861,10,40000
81862,10,20000
81863,10,50000
81864,10,5000
81865,10,20000
81866,10,40000
81867,10,30000
81868,10,20000
81869,10,0
81870,10,0
81871,10,0
81872,10,10000
81873,10,30000
81874,10,20000
81875,10,40000
81876,10,5000
81877,10,50000
81878,10,0
81879,10,0
81880,10,50000
81881,10,0
81882,10,5000
81883,10,30000
81884,10,0
81885,10,20000
81886,10,0
81887,10,40000
81888,10,0
81889,10,0
81890,10,20000
81891,10,30000
81892,10,10000
81893,10,40000
81894,10,50000
81895,10,30000
81896,10,20000
81897,10,30000
81898,10,5000
81899,10,10000
81900,10,5000
81901,10,50000
81902,10,20000
81903,10,5000
81904,10,20000
81905,10,20000
81906,10,0
81907,10,40000
81908,10,30000
81909,10,0
81910,10,0
81911,10,30000
81912,10,30000
81913,10,0
81914,10,0
81915,10,30000
81916,10,0
81917,10,30000
81918,10,0
81919,10,10000
81920,10,10000
81921,10,0
81922,10,0
81923,10,10000
81924,10,5000
81925,10,5000
81926,10,0
81927,10,40000
81928,10,5000
81929,10,30000
81930,10,40000
81931,10,0
81932,10,0
81933,10,20000
81934,10,0
81935,10,20000
81936,10,30000
81937,10,20000
81938,10,30000
81939,10,0
81940,10,0
81941,10,10000
81942,10,30000
81943,10,40000
81944,10,30000
81945,10,30000
81946,10,0
81947,10,5000
81948,10,20000
81949,10,5000
81950,10,5000
81951,10,50000
81952,10,0
81953,10,10000
81954,10,30000
81955,10,40000
81956,10,20000
81957,10,0
81958,10,20000
81959,10,0
81960,10,50000
81961,10,30000
81962,10,0
81963,10,30000
81964,10,50000
81965,10,20000
81966,10,20000
81967,10,0
81968,10,50000
81969,10,0
81970,10,5000
81971,10,5000
81972,10,10000
81973,10,40000
81974,10,0
81975,10,40000
81976,10,20000
81977,10,0
81978,10,50000
81979,10,0
81980,10,0
81981,10,10000
81982,10,5000
81983,10,30000
81984,10,30000
81985,10,40000
81986,10,20000
81987,10,10000
81988,10,0
81989,10,0
81990,10,10
81991,10,0
81992,10,30000
81993,10,30000
81994,10,50000
81995,10,0
81996,10,0
81997,10,0
81998,10,0
81999,10,20000
82000,10,20000
82001,10,40000
82002,10,20000
82003,10,40000
82004,10,20000
82005,10,0
82006,10,5000
82007,10,0
82008,10,20000
82009,10,0
82010,10,20000
82011,10,5000
82012,10,20000
82013,10,50000
82014,10,20000
82015,10,0
82016,10,20000
82017,10,40000
82018,10,40000
82019,10,0
82020,10,10000
82021,10,0
82022,10,40000
82023,10,5000
82024,10,0
82025,10,40000
82026,10,40000
82027,10,0
82028,10,10000
82029,10,20000
82030,10,0
82031,10,0
82032,10,0
82033,10,20000
82034,10,5000
82035,10,5000
82036,10,40000
82037,10,0
82038,10,0
82039,10,5000
82040,10,40000
82041,10,40000
82042,10,30000
82043,10,20000
82044,10,40000
82045,10,0
82046,10,20000
82047,10,40000
82048,10,50000
82049,10,50000
82050,10,5000
82051,10,0
82052,10,0
82053,10,20000
82054,10,20000
82055,10,50000
82056,10,40000
82057,10,0
82058,10,0
82059,10,30000
82060,10,0
82061,10,50000
82062,10,0
82063,10,50000
82064,10,50000
82065,10,5000
82066,10,10000
82067,10,40000
82068,10,40000
82069,10,10000
82070,10,30000
82071,10,20000
82072,10,10000
82073,10,0
82074,10,30000
82075,10,20000
82076,10,30000
82077,10,50000
82078,10,30000
82079,10,0
82080,10,30000
82081,10,5000
82082,10,10000
82083,10,0
82084,10,10000
82085,10,20000
82086,10,30000
82087,10,0
82088,10,0
82089,10,40000
82090,10,0
82091,10,40000
82092,10,5000
82093,10,30000
82094,10,30000
82095,10,40000
82096,10,0
82097,10,10000
82098,10,50000
82099,10,0
82100,10,10000
82101,10,0
82102,10,30000
82103,10,10000
82104,10,0
82105,10,30000
82106,10,0
82107,10,0
82108,10,30000
82109,10,50000
82110,10,30000
82111,10,50000
82112,10,10000
82113,10,0
82114,10,30000
82115,10,10000
82116,10,30000
82117,10,50000
82118,10,0
82119,10,10000
82120,10,50000
82121,10,40000
82122,10,50000
82123,10,20000
82124,10,20000
82125,10,5000
82126,10,10000
82127,10,20000
82128,10,0
82129,10,30000
82130,10,0
82131,10,0
82132,10,50000
82133,10,50000
82134,10,0
82135,10,30000
82136,10,40000
82137,10,0
82138,10,0
82139,10,0
82140,10,5000
82141,10,5000
82142,10,5000
82143,10,20000
82144,10,10000
82145,10,50000
82146,10,5000
82147,10,30000
82148,10,50000
82149,10,5000
82150,10,0
82151,10,30000
82152,10,20000
82153,10,20000
82154,10,0
82155,10,5000
82156,10,0
82157,10,20000
82158,10,20000
82159,10,0
82160,10,0
82161,10,40000
82162,10,50000
82163,10,5000
82164,10,0
82165,10,50000
82166,10,0
82167,10,40000
82168,10,30000
82169,10,30000
82170,10,5000
82171,10,30000
82172,10,40000
82173,10,0
82174,10,5000
82175,10,30000
82176,10,30000
82177,10,0
82178,10,30000
82179,10,20000
82180,10,30000
82181,10,30000
82182,10,20000
82183,10,40000
82184,10,40000
82185,10,50000
82186,10,40000
82187,10,0
82188,10,0
82189,10,40000
82190,10,30000
82191,10,20000
82192,10,0
82193,10,0
82194,10,40000
82195,10,10
82196,10,20000
82197,10,30000
82198,10,0
82199,10,40000
82200,10,40000
82201,10,30000
82202,10,20000
82203,10,0
82204,10,0
82205,10,20000
82206,10,0
82207,10,50000
82208,10,5000
82209,10,0
82210,10,0
82211,10,40000
82212,10,40000
82213,10,30000
82214,10,0
82215,10,0
82216,10,0
82217,10,40000
82218,10,20000
82219,10,30000
82220,10,20000
82221,10,0
82222,10,10000
82223,10,10000
82224,10,10000
82225,10,10
82226,10,20000
82227,10,20000
82228,10,30000
82229,10,50000
82230,10,20000
82231,10,20000
82232,10,50000
82233,10,20000
82234,10,0
82235,10,40000
82236,10,0
82237,10,30000
82238,10,30000
82239,10,0
82240,10,30000
82241,10,0
82242,10,20000
82243,10,30000
82244,10,40000
82245,10,20000
82246,10,40000
82247,10,0
82248,10,20000
82249,10,50000
82250,10,0
82251,10,0
82252,10,20000
82253,10,50000
82254,10,5000
82255,10,50000
82256,10,0
82257,10,20000
82258,10,20000
82259,10,50000
82260,10,0
82261,10,40000
82262,10,40000
82263,10,0
82264,10,5000
82265,10,40000
82266,10,0
82267,10,30000
82268,10,20000
82269,10,40000
82270,10,10000
82271,10,10000
82272,10,30000
82273,10,30000
82274,10,30000
82275,10,0
82276,10,10000
82277,10,30000
82278,10,50000
82279,10,20000
82280,10,0
82281,10,20000
82282,10,20000
82283,10,0
82284,10,40000
82285,10,20000
82286,10,20000
82287,10,10000
82288,10,20000
82289,10,0
82290,10,10000
82291,10,30000
82292,10,0
82293,10,50000
82294,10,10000
82295,10,10000
82296,10,30000
82297,10,5000
82298,10,30000
82299,10,5000
82300,10,0
82301,10,50000
82302,10,0
82303,10,20000
82304,10,30000
82305,10,0
82306,10,5000
82307,10,0
82308,10,30000
82309,10,0
82310,10,40000
82311,10,10000
82312,10,10000
82313,10,0
82314,10,20000
82315,10,0
82316,10,50000
82317,10,0
82318,10,0
82319,10,10000
82320,10,30000
82321,10,30000
82322,10,5000
82323,10,50000
82324,10,20000
82325,10,20000
82326,10,50000
82327,10,10000
82328,10,0
82329,10,10000
82330,10,50000
82331,10,0
82332,10,50000
82333,10,30000
82334,10,30000
82335,10,0
82336,10,5000
82337,10,40000
82338,10,0
82339,10,40000
82340,10,0
82341,10,10000
82342,10,0
82343,10,0
82344,10,0
82345,10,50000
82346,10,40000
82347,10,0
82348,10,0
82349,10,20000
82350,10,30000
82351,10,40000
82352,10,20000
82353,10,5000
82354,10,0
82355,10,0
82356,11,40000
82357,10,10000
82358,10,20000
82359,10,50000
82360,10,20000
82361,10,5000
82362,10,10000
82363,10,10000
82364,10,30000
82365,10,10000
82366,10,30000
82367,10,50000
82368,10,30000
82369,10,50000
82370,10,30000
82371,10,0
82372,10,0
82373,10,30000
82374,10,0
82375,10,0
82376,10,0
82377,10,30000
82378,10,30000
82379,10,5000
82380,10,20000
82381,10,5000
82382,10,30000
82383,10,50000
82384,10,0
82385,10,0
82386,10,0
82387,10,50000
82388,10,40000
82389,10,0
82390,10,0
82391,10,0
82392,10,0
82393,10,30000
82394,10,5000
82395,10,30000
82396,10,20000
82397,10,30000
82398,10,0
82399,10,30000
82400,10,0
82401,10,30000
82402,10,10000
82403,10,10000
82404,10,5000
82405,10,20000
82406,10,20000
82407,10,0
82408,10,5000
82409,10,10000
82410,10,10000
82411,10,0
82412,10,0
82413,10,10000
82414,10,20000
82415,10,20000
82416,10,0
82417,10,20000
82418,10,10
82419,10,0
82420,10,5000
82421,10,40000
82422,10,30000
82423,10,30000
82424,10,0
82425,10,20000
82426,10,0
82427,10,10000
82428,10,0
82429,10,40000
82430,10,50000
82431,10,0
82432,10,20000
82433,10,50000
82434,10,0
82435,10,0
82436,10,50000
82437,10,0
82438,10,5000
82439,10,50000
82440,10,30000
82441,10,0
82442,10,30000
82443,10,20000
82444,10,0
82445,10,20000
82446,10,0
82447,10,40000
82448,10,20000
82449,10,40000
82450,10,10000
82451,10,20000
82452,10,50000
82453,10,10000
82454,10,5000
82455,10,50000
82456,10,20000
82457,10,30000
82458,10,5000
82459,10,30000
82460,10,30000
82461,10,20000
82462,10,50000
82463,10,10000
82464,10,0
82465,10,30000
82466,10,0
82467,10,0
82468,10,30000
82469,10,5000
82470,10,0
82471,10,0
82472,10,40000
82473,10,20000
82474,10,50000
82475,10,20000
82476,10,30000
82477,10,30000
82478,10,40000
82479,10,20000
82480,10,0
82481,10,50000
82482,10,40000
82483,10,40000
82484,10,40000
82485,10,5000
82486,10,30000
82487,10,40000
82488,10,20000
82489,10,0
82490,10,5000
82491,10,10000
82492,10,40000
82493,10,10000
82494,10,0
82495,10,50000
82496,10,50000
82497,10,0
82498,10,40000
82499,10,0
82500,10,30000
82501,10,0
82502,10,30000
82503,10,30000
82504,10,5000
82505,10,20000
82506,10,50000
82507,10,40000
82508,10,5000
82509,10,20000
82510,10,0
82511,10,5000
82512,10,0
82513,10,0
82514,10,30000
82515,10,0
82516,10,0
82517,10,30000
82518,10,40000
82519,10,30000
82520,10,0
82521,10,5000
82522,10,40000
82523,10,30000
82524,10,10000
82525,10,30000
82526,10,20000
82527,10,30000
82528,10,0
82529,10,40000
82530,10,0
82531,10,0
82532,10,30000
82533,10,30000
82534,10,20000
82535,10,0
82536,10,0
82537,10,0
82538,10,0
82539,10,30000
82540,10,20000
82541,10,10000
82542,10,40000
82543,10,50000
82544,10,40000
82545,10,50000
82546,10,30000
82547,10,10000
82548,10,0
82549,10,0
82550,10,10000
82551,10,0
82552,10,30000
82553,10,20000
82554,10,50000
82555,10,0
82556,10,0
82557,10,20000
82558,10,0
82559,10,50000
82560,10,0
82561,10,20000
82562,10,0
82563,10,5000
82564,10,20000
82565,10,0
82566,10,30000
82567,10,10000
82568,10,50000
82569,10,50000
82570,10,0
82571,10,10000
82572,10,0
82573,10,30000
82574,10,30000
82575,10,20000
82576,10,0
82577,10,30000
82578,10,10000
82579,10,0
82580,10,40000
82581,10,0
82582,10,0
82583,10,50000
82584,10,50000
82585,10,0
82586,10,0
82587,10,50000
82588,10,0
82589,10,10000
82590,10,0
82591,10,0
82592,10,5000
82593,10,10000
82594,10,0
82595,10,0
82596,10,20000
82597,10,0
82598,10,30000
82599,10,10000
82600,10,0
82601,10,50000
82602,10,0
82603,10,0
82604,10,0
82605,10,10000
82606,10,20000
82607,10,0
82608,10,5000
82609,10,40000
82610,10,50000
82611,10,30000
82612,10,0
82613,10,20000
82614,10,0
82615,10,10000
82616,10,5000
82617,10,0
82618,10,40000
82619,10,50000
82620,10,50000
82621,10,40000
82622,10,30000
82623,10,0
82624,10,50000
82625,10,0
82626,10,20000
82627,10,50000
82628,10,50000
82629,10,0
82630,10,5000
82631,10,30000
82632,10,40000
82633,10,0
82634,10,50000
82635,10,0
82636,10,10000
82637,10,50000
82638,10,10000
82639,10,0
82640,10,0
82641,10,0
82642,10,0
82643,10,50000
82644,10,0
82645,10,10000
82646,10,20000
82647,10,40000
82648,10,5000
82649,10,30000
82650,10,30000
82651,10,10000
82652,10,10000
82653,10,50000
82654,10,0
82655,10,50000
82656,10,10000
82657,10,5000
82658,10,50000
82659,10,5000
82660,10,0
82661,10,20000
82662,10,0
82663,10,10000
82664,10,20000
82665,10,50000
82666,10,30000
82667,10,40000
82668,10,5000
82669,10,20000
82670,10,5000
82671,10,20000
82672,10,50000
82673,10,50000
82674,10,30000
82675,10,20000
82676,10,20000
82677,10,40000
82678,10,10000
82679,10,50000
82680,10,0
82681,10,5000
82682,10,0
82683,10,5000
82684,10,20000
82685,10,40000
82686,10,50000
82687,10,50000
82688,10,20000
82689,10,0
82690,10,40000
82691,10,10000
82692,10,30000
82693,10,5000
82694,10,30000
82695,10,20000
82696,10,0
82697,10,10000
82698,10,5000
82699,10,20000
82700,10,20000
82701,10,0
82702,10,0
82703,10,40000
82704,10,10000
82705,10,5000
82706,10,20000
82707,10,0
82708,10,10000
82709,10,5000
82710,10,0
82711,10,30000
82712,10,20000
82713,10,0
82714,10,0
82715,10,10000
82716,10,5000
82717,10,0
82718,10,0
82719,10,20000
82720,10,20000
82721,10,10000
82722,10,10000
82723,10,0
82724,10,0
82725,10,0
82726,10,20000
82727,10,5000
82728,10,10000
82729,10,20000
82730,10,5000
82731,10,20000
82732,10,0
82733,10,50000
82734,10,0
82735,10,0
82736,10,50000
82737,10,30000
82738,10,50000
82739,10,5000
82740,10,20000
82741,10,0
82742,10,20000
82743,10,30000
82744,10,50000
82745,10,0
82746,10,0
82747,10,5000
82748,10,5000
82749,10,50000
82750,10,10000
82751,10,20000
82752,10,20000
82753,10,30000
82754,10,40000
82755,10,50000
82756,10,30000
82757,10,0
82758,10,0
82759,10,10000
82760,10,50000
82761,10,40000
82762,10,30000
82763,10,50000
82764,10,0
82765,10,0
82766,10,0
82767,10,30000
82768,10,10000
82769,10,20000
82770,10,5000
82771,10,30000
82772,10,30000
82773,10,50000
82774,10,5000
82775,10,5000
82776,10,40000
82777,10,40000
82778,10,0
82779,10,5000
82780,10,10000
82781,10,40000
82782,10,0
82783,10,10000
82784,10,50000
82785,10,0
82786,10,40000
82787,10,20000
82788,10,0
82789,10,10000
82790,10,5000
82791,10,0
82792,10,10000
82793,10,0
82794,10,20000
82795,10,50000
82796,10,0
82797,10,40000
82798,10,40000
82799,10,5000
82800,10,0
82801,10,10000
82802,10,30000
82803,10,40000
82804,10,40000
82805,10,10000
82806,10,20000
82807,10,40000
82808,10,10000
82809,10,30000
82810,10,10000
82811,10,10000
82812,10,20000
82813,10,0
82814,10,10000
82815,10,0
82816,10,20000
82817,10,20000
82818,10,20000
82819,10,20000
82820,10,50000
82821,10,0
82822,10,50000
82823,10,0
82824,10,10000
82825,10,30000
82826,10,40000
82827,10,10000
82828,10,0
82829,10,30000
82830,10,5000
82831,10,10000
82832,10,0
82833,10,20000
82834,10,40000
82835,10,5000
82836,10,50000
82837,10,20000
82838,10,0
82839,10,50000
82840,10,0
82841,10,5000
82842,10,0
82843,10,0
82844,10,0
82845,10,5000
82846,10,40000
82847,10,0
82848,10,0
82849,10,30000
82850,10,0
82851,10,20000
82852,10,0
82853,10,50000
82854,10,30000
82855,10,0
82856,10,0
82857,10,0
82858,10,0
82859,10,50000
82860,10,20000
82861,10,10000
82862,10,50000
82863,10,5000
82864,10,30000
82865,10,40000
82866,10,50000
82867,10,50000
82868,10,0
82869,10,0
82870,10,0
82871,10,30000
82872,10,40000
82873,10,5000
82874,10,40000
82875,10,30000
82876,10,5000
82877,10,10000
82878,10,0
82879,10,5000
82880,10,50000
82881,10,0
82882,10,20000
82883,10,30000
82884,10,30000
82885,10,5000
82886,10,0
82887,10,0
82888,10,0
82889,10,20000
82890,10,20000
82891,10,0
82892,10,30000
82893,10,10000
82894,10,0
82895,10,50000
82896,10,30000
82897,10,30000
82898,10,0
82899,10,20000
82900,10,50000
82901,10,0
82902,10,40000
82903,10,30000
82904,10,20000
82905,10,30000
82906,10,20000
82907,10,50000
82908,10,30000
82909,10,10000
82910,10,10000
82911,10,10000
82912,10,20000
82913,10,40000
82914,10,30000
82915,10,10000
82916,10,20000
82917,10,0
82918,10,10000
82919,10,0
82920,10,50000
82921,10,50000
82922,10,30000
82923,10,40000
82924,10,5000
82925,10,5000
82926,10,50000
82927,10,5000
82928,10,50000
82929,10,50000
82930,10,0
82931,10,50000
82932,10,0
82933,10,30000
82934,10,0
82935,10,0
82936,10,0
82937,10,10000
82938,10,5000
82939,10,50000
82940,10,0
82941,10,20000
82942,10,20000
82943,10,0
82944,10,0
82945,10,20000
82946,10,10000
82947,10,0
82948,10,50000
82949,10,0
82950,10,0
82951,10,50000
82952,10,10000
82953,10,30000
82954,10,20000
82955,10,0
82956,10,30000
82957,10,20000
82958,10,40000
82959,10,20000
82960,10,20000
82961,10,0
82962,10,40000
82963,10,30000
82964,10,30000
82965,10,20000
82966,10,40000
82967,10,50000
82968,10,20000
82969,10,40000
82970,10,0
82971,10,10000
82972,10,30000
82973,10,0
82974,10,5000
82975,10,10
82976,10,10000
82977,10,50000
82978,10,0
82979,10,20000
82980,10,20000
82981,10,0
82982,10,40000
82983,10,30000
82984,10,5000
82985,10,30000
82986,10,5000
82987,10,30000
82988,10,40000
82989,10,0
82990,10,5000
82991,10,0
82992,10,10000
82993,10,0
82994,10,50000
82995,10,5000
82996,10,0
82997,10,5000
82998,10,40000
82999,10,40000
83000,10,0
83001,10,0
83002,10,50000
83003,10,0
83004,10,30000
83005,10,20000
83006,10,30000
83007,10,0
83008,10,10000
83009,10,50000
83010,10,20000
83011,10,0
83012,10,0
83013,10,10000
83014,10,5000
83015,10,0
83016,10,40000
83017,10,30000
83018,10,50000
83019,10,30000
83020,10,10000
83021,10,30000
83022,10,30000
83023,10,0
83024,10,0
83025,10,40000
83026,10,10000
83027,10,20000
83028,10,30000
83029,10,10000
83030,10,10000
83031,10,20000
83032,10,0
83033,10,0
83034,10,20000
83035,10,5000
83036,10,0
83037,10,30000
83038,10,10000
83039,10,0
83040,10,0
83041,10,20000
83042,10,50000
83043,10,0
83044,10,0
83045,10,50000
83046,10,5000
83047,10,20000
83048,10,50000
83049,10,10000
83050,10,30000
83051,10,10000
83052,10,20000
83053,10,30000
83054,10,20000
83055,10,0
83056,10,0
83057,10,0
83058,10,20000
83059,10,10000
83060,10,50000
83061,10,10000
83062,10,10000
83063,10,10000
83064,10,5000
83065,10,0
83066,10,0
83067,10,20000
83068,10,30000
83069,10,0
83070,10,20000
83071,10,40000
83072,10,0
83073,10,20000
83074,10,5000
83075,10,20000
83076,10,40000
83077,10,0
83078,10,20000
83079,10,50000
83080,10,0
83081,10,20000
83082,10,30000
83083,10,0
83084,10,10000
83085,10,10000
83086,10,0
83087,10,50000
83088,10,0
83089,10,20000
83090,10,50000
83091,10,5000
83092,10,30000
83093,10,20000
83094,10,30000
83095,10,0
83096,10,5000
83097,10,20000
83098,10,40000
83099,10,30000
83100,10,0
83101,10,0
83102,10,20000
83103,10,0
83104,10,0
83105,10,0
83106,10,0
83107,10,40000
83108,10,0
83109,10,0
83110,10,30000
83111,10,40000
83112,10,5000
83113,10,10000
83114,10,20000
83115,10,30000
83116,10,0
83117,10,5000
83118,10,0
83119,10,0
83120,10,5000
83121,10,50000
83122,10,0
83123,10,40000
83124,10,10000
83125,10,30000
83126,10,40000
83127,10,0
83128,10,0
83129,10,0
83130,10,30000
83131,10,10
83132,10,20000
83133,10,0
83134,10,10000
83135,10,40000
83136,10,0
83137,10,0
83138,10,10000
83139,10,5000
83140,10,40000
83141,10,0
83142,10,20000
83143,10,0
83144,10,50000
83145,10,40000
83146,10,20000
83147,10,20000
83148,10,20000
83149,10,50000
83150,10,0
83151,10,50000
83152,10,5000
83153,10,30000
83154,10,0
83155,10,30000
83156,10,20000
83157,10,40000
83158,10,0
83159,10,5000
83160,10,20000
83161,10,10000
83162,10,5000
83163,10,0
83164,10,50000
83165,10,30000
83166,10,40000
83167,10,5000
83168,10,5000
83169,10,50000
83170,10,50000
83171,10,5000
83172,10,30000
83173,10,40000
83174,10,50000
83175,10,20000
83176,10,30000
83177,10,0
83178,10,30000
83179,10,20000
83180,10,0
83181,10,30000
83182,10,30000
83183,10,0
83184,10,0
83185,10,0
83186,10,0
83187,10,40000
83188,10,20000
83189,10,0
83190,10,50000
83191,10,20000
83192,10,0
83193,10,40000
83194,10,0
83195,10,30000
83196,10,30000
83197,10,20000
83198,10,40000
83199,10,40000
83200,10,40000
83201,10,5000
83202,10,10000
83203,10,0
83204,10,20000
83205,10,0
83206,10,20000
83207,10,10000
83208,10,5000
83209,10,5000
83210,10,5000
83211,10,50000
83212,10,20000
83213,10,20000
83214,10,30000
83215,10,0
83216,10,30000
83217,10,30000
83218,10,5000
83219,10,40000
83220,10,40000
83221,10,40000
83222,10,0
83223,10,20000
83224,10,20000
83225,10,20000
83226,10,50000
83227,10,40000
83228,10,20000
83229,10,50000
83230,10,10000
83231,10,10000
83232,10,20000
83233,10,20000
83234,10,20000
83235,10,50000
83236,10,20000
83237,10,5000
83238,10,50000
83239,10,0
83240,10,20000
83241,10,20000
83242,10,5000
83243,10,50000
83244,10,0
83245,10,5000
83246,10,5000
83247,10,5000
83248,10,30000
83249,10,50000
83250,10,30000
83251,10,10000
83252,10,20000
83253,10,50000
83254,10,0
83255,10,30000
83256,10,40000
83257,10,30000
83258,10,20000
83259,10,30000
83260,10,20000
83261,10,30000
83262,10,10000
83263,10,20000
83264,10,0
83265,10,20000
83266,10,20000
83267,10,20000
83268,10,20000
83269,10,0
83270,10,10000
83271,10,30000
83272,10,0
83273,10,0
83274,10,20000
83275,10,0
83276,10,30000
83277,10,0
83278,10,0
83279,10,10000
83280,10,5000
83281,10,0
83282,10,0
83283,10,30000
83284,10,5000
83285,10,40000
83286,10,20000
83287,10,30000
83288,10,0
83289,10,30000
83290,10,40000
83291,10,5000
83292,10,5000
83293,10,0
83294,10,20000
83295,10,5000
83296,10,10000
83297,10,40000
83298,10,30000
83299,10,50000
83300,10,10000
83301,10,20000
83302,10,40000
83303,10,20000
83304,10,0
83305,10,50000
83306,10,30000
83307,10,0
83308,10,40000
83309,10,30000
83310,10,50000
83311,10,50000
83312,10,20000
83313,10,50000
83314,10,30000
83315,10,10000
83316,10,0
83317,10,0
83318,10,0
83319,10,30000
83320,10,30000
83321,10,20000
83322,10,10000
83323,10,5000
83324,10,50000
83325,10,5000
83326,10,20000
83327,10,40000
83328,10,0
83329,10,40000
83330,10,0
83331,10,20000
83332,10,50000
83333,10,40000
83334,10,0
83335,10,40000
83336,10,50000
83337,10,30000
83338,10,20000
83339,10,30000
83340,10,0
83341,10,10000
83342,10,0
83343,10,40000
83344,10,30000
83345,10,0
83346,10,20000
83347,10,30000
83348,10,20000
83349,10,20000
83350,10,5000
83351,10,0
83352,10,30000
83353,10,20000
83354,10,20000
83355,10,0
83356,10,20000
83357,10,10000
83358,10,20000
83359,10,0
83360,10,0
83361,10,20000
83362,10,5000
83363,10,5000
83364,10,40000
83365,10,30000
83366,10,0
83367,10,40000
83368,10,20000
83369,10,30000
83370,10,30000
83371,10,0
83372,10,30000
83373,10,0
83374,10,0
83375,10,20000
83376,10,0
83377,10,5000
83378,10,30000
83379,10,0
83380,10,0
83381,10,30000
83382,10,10000
83383,10,30000
83384,10,20000
83385,10,40000
83386,10,40000
83387,10,30000
83388,10,0
83389,10,0
83390,10,30000
83391,10,50000
83392,10,20000
83393,10,30000
83394,10,10000
83395,10,0
83396,10,0
83397,10,0
83398,10,0
83399,10,40000
83400,10,30000
83401,10,0
83402,10,40000
83403,10,20000
83404,10,30000
83405,10,40000
83406,10,5000
83407,10,20000
83408,10,0
83409,10,50000
83410,10,50000
83411,10,10000
83412,10,20000
83413,10,40000
83414,10,5000
83415,10,40000
83416,10,30000
83417,10,0
83418,10,5000
83419,10,10000
83420,10,30000
83421,10,0
83422,10,50000
83423,10,10000
83424,10,0
83425,10,0
83426,10,50000
83427,10,0
83428,10,0
83429,10,0
83430,10,0
83431,10,30000
83432,10,40000
83433,10,50000
83434,10,5000
83435,10,0
83436,10,40000
83437,10,40000
83438,10,40000
83439,10,0
83440,10,40000
83441,10,0
83442,10,5000
83443,10,20000
83444,10,30000
83445,10,0
83446,10,50000
83447,10,20000
83448,10,40000
83449,10,0
83450,10,20000
83451,10,20000
83452,10,0
83453,10,0
83454,10,5000
83455,10,20000
83456,10,40000
83457,10,0
83458,10,50000
83459,10,30000
83460,10,50000
83461,10,40000
83462,10,0
83463,10,5000
83464,10,5000
83465,10,0
83466,10,30000
83467,10,10000
83468,10,50000
83469,10,30000
83470,10,40000
83471,10,40000
83472,10,30000
83473,10,30000
83474,10,0
83475,10,0
83476,10,10000
83477,10,5000
83478,10,0
83479,10,0
83480,10,30000
83481,10,20000
83482,10,0
83483,10,20000
83484,10,0
83485,10,5000
83486,10,20000
83487,10,40000
83488,10,20000
83489,10,5000
83490,10,5000
83491,10,0
83492,10,5000
83493,10,50000
83494,10,0
83495,10,40000
83496,10,30000
83497,10,50000
83498,10,30000
83499,10,40000
83500,10,0
83501,10,30000
83502,10,30000
83503,10,20000
83504,10,10000
83505,10,40000
83506,10,0
83507,10,20000
83508,10,10000
83509,10,0
83510,10,5000
83511,10,40000
83512,10,30000
83513,10,30000
83514,10,40000
83515,10,20000
83516,10,50000
83517,10,0
83518,10,5000
83519,10,30000
83520,10,30000
83521,10,0
83522,10,10000
83523,10,30000
83524,10,0
83525,10,0
83526,10,10000
83527,10,0
83528,10,0
83529,10,20000
83530,10,0
83531,10,0
83532,10,50000
83533,10,5000
83534,10,0
83535,10,40000
83536,10,20000
83537,10,40000
83538,10,20000
83539,10,30000
83540,10,0
83541,10,40000
83542,10,0
83543,10,50000
83544,10,0
83545,10,0
83546,10,10000
83547,10,20000
83548,10,30000
83549,10,5000
83550,10,30000
83551,10,0
83552,10,10000
83553,10,20000
83554,10,10000
83555,10,0
83556,10,30000
83557,10,50000
83558,10,0
83559,10,0
83560,10,20000
83561,10,0
83562,10,30000
83563,10,0
83564,10,5000
83565,10,20000
83566,10,10000
83567,10,20000
83568,10,30000
83569,10,30000
83570,10,0
83571,10,0
83572,10,10000
83573,10,50000
83574,10,30000
83575,10,5000
83576,10,5000
83577,10,0
83578,10,5000
83579,10,0
83580,10,20000
83581,10,30000
83582,10,30000
83583,10,50000
83584,10,30000
83585,10,30000
83586,10,50000
83587,10,0
83588,10,50000
83589,10,20000
83590,10,10000
83591,10,20000
83592,10,5000
83593,10,5000
83594,10,50000
83595,10,50000
83596,10,0
83597,10,0
83598,10,20000
83599,10,20000
83600,10,40000
83601,10,30000
83602,10,0
83603,10,5000
83604,10,20000
83605,10,5000
83606,10,0
83607,10,50000
83608,10,0
83609,10,50000
83610,10,0
83611,10,10000
83612,10,30000
83613,10,50000
83614,10,0
83615,10,50000
83616,10,40000
83617,10,30000
83618,10,0
83619,10,20000
83620,10,10000
83621,10,30000
83622,10,30000
83623,10,50000
83624,10,0
83625,10,10000
83626,10,5000
83627,10,5000
83628,10,50000
83629,10,30000
83630,10,50000
83631,10,20000
83632,10,30000
83633,10,5000
83634,10,5000
83635,10,0
83636,10,10000
83637,10,30000
83638,10,5000
83639,10,0
83640,10,10000
83641,10,5000
83642,10,20000
83643,10,50000
83644,10,5000
83645,10,50000
83646,10,20000
83647,10,10000
83648,10,40000
83649,10,30000
83650,10,0
83651,10,50000
83652,10,40000
83653,10,10000
83654,10,5000
83655,10,5000
83656,10,10000
83657,10,0
83658,10,30000
83659,10,20000
83660,10,10000
83661,10,20000
83662,10,40000
83663,10,30000
83664,10,20000
83665,10,0
83666,10,10000
83667,10,0
83668,10,0
83669,10,30000
83670,10,30000
83671,10,0
83672,10,0
83673,10,0
83674,10,0
83675,10,30000
83676,10,50000
83677,10,30000
83678,10,30000
83679,10,30000
83680,10,20000
83681,10,0
83682,10,10000
83683,10,50000
83684,10,5000
83685,10,40000
83686,10,10000
83687,10,20000
83688,10,40000
83689,10,10000
83690,10,30000
83691,10,40000
83692,10,10
83693,10,20000
83694,10,30000
83695,10,30000
83696,10,30000
83697,10,20000
83698,10,0
83699,10,0
83700,10,20000
83701,10,0
83702,10,5000
83703,10,30000
83704,10,5000
83705,10,40000
83706,10,40000
83707,10,20000
83708,10,20000
83709,10,20000
83710,10,20000
83711,10,50000
83712,10,0
83713,10,50000
83714,10,0
83715,10,50000
83716,10,50000
83717,10,30000
83718,10,10000
83719,10,20000
83720,10,0
83721,10,0
83722,10,40000
83723,10,0
83724,10,50000
83725,10,20000
83726,10,0
83727,10,0
83728,10,30000
83729,10,20000
83730,10,40000
83731,10,50000
83732,10,0
83733,10,30000
83734,10,30000
83735,10,50000
83736,10,5000
83737,10,30000
83738,10,50000
83739,10,20000
83740,10,0
83741,10,20000
83742,10,10000
83743,10,30000
83744,10,0
83745,10,0
83746,10,0
83747,10,40000
83748,10,50000
83749,10,0
83750,10,40000
83751,10,10000
83752,10,20000
83753,10,10000
83754,10,0
83755,10,20000
83756,10,50000
83757,10,30000
83758,10,5000
83759,10,10000
83760,10,20000
83761,10,10000
83762,10,5000
83763,10,10
83764,10,20000
83765,10,50000
83766,10,10000
83767,10,0
83768,10,50000
83769,10,40000
83770,10,30000
83771,10,20000
83772,10,30000
83773,10,10000
83774,10,20000
83775,10,40000
83776,10,0
83777,10,10000
83778,10,50000
83779,10,30000
83780,10,0
83781,10,20000
83782,10,50000
83783,10,0
83784,10,0
83785,10,0
83786,10,0
83787,10,0
83788,10,5000
83789,10,40000
83790,10,50000
83791,10,40000
83792,10,0
83793,10,0
83794,10,0
83795,10,20000
83796,10,20000
83797,10,30000
83798,10,30000
83799,10,20000
83800,10,30000
83801,10,30000
83802,10,10000
83803,10,30000
83804,10,40000
83805,10,0
83806,10,0
83807,10,20000
83808,10,0
83809,10,40000
83810,10,50000
83811,10,10000
83812,10,5000
83813,10,0
83814,10,0
83815,10,40000
83816,10,50000
83817,10,0
83818,10,30000
83819,10,5000
83820,10,0
83821,10,40000
83822,10,20000
83823,10,30000
83824,10,10000
83825,10,50000
83826,10,30000
83827,10,0
83828,10,5000
83829,10,0
83830,10,0
83831,10,5000
83832,10,10000
83833,10,10000
83834,10,10000
83835,10,5000
83836,10,40000
83837,10,20000
83838,10,50000
83839,10,30000
83840,10,40000
83841,10,10000
83842,10,0
83843,10,30000
83844,10,20000
83845,10,40000
83846,10,0
83847,10,10000
83848,10,0
83849,10,0
83850,10,5000
83851,10,0
83852,10,5000
83853,10,5000
83854,10,10000
83855,10,5000
83856,10,50000
83857,10,30000
83858,10,10000
83859,10,10000
83860,10,10000
83861,10,50000
83862,10,40000
83863,10,40000
83864,10,5000
83865,10,0
83866,10,0
83867,10,0
83868,10,0
83869,10,20000
83870,10,0
83871,10,0
83872,10,20000
83873,10,50000
83874,10,30000
83875,10,40000
83876,10,0
83877,10,50000
83878,10,50000
83879,10,0
83880,10,50000
83881,10,0
83882,10,30000
83883,10,40000
83884,10,0
83885,10,20000
83886,10,10000
83887,10,0
83888,10,40000
83889,10,30000
83890,10,10000
83891,10,40000
83892,10,10000
83893,10,0
83894,10,10000
83895,10,0
83896,10,0
83897,10,10000
83898,10,10000
83899,10,30000
83900,10,10000
83901,10,30000
83902,10,0
83903,10,50000
83904,10,10000
83905,10,30000
83906,10,10000
83907,10,0
83908,10,30000
83909,10,5000
83910,10,5000
83911,10,10000
83912,10,40000
83913,10,10000
83914,10,30000
83915,10,30000
83916,10,20000
83917,10,0
83918,10,10000
83919,10,40000
83920,10,10000
83921,10,20000
83922,10,10000
83923,10,40000
83924,10,50000
83925,10,0
83926,10,40000
83927,10,10000
83928,10,10000
83929,10,0
83930,10,20000
83931,10,50000
83932,10,0
83933,10,20000
83934,10,30000
83935,10,5000
83936,10,0
83937,10,0
83938,10,0
83939,10,0
83940,10,5000
83941,10,20000
83942,10,20000
83943,10,0
83944,10,10000
83945,10,40000
83946,10,30000
83947,10,0
83948,10,0
83949,10,10000
83950,10,10000
83951,10,30000
83952,10,50000
83953,10,0
83954,10,30000
83955,10,10000
83956,10,50000
83957,10,10000
83958,10,20000
83959,10,20000
83960,10,40000
83961,10,20000
83962,10,5000
83963,10,0
83964,10,50000
83965,10,30000
83966,10,5000
83967,10,0
83968,10,20000
83969,10,20000
83970,10,5000
83971,10,0
83972,10,20000
83973,10,50000
83974,10,30000
83975,10,5000
83976,10,50000
83977,10,0
83978,10,10000
83979,10,20000
83980,10,10000
83981,10,20000
83982,10,20000
83983,10,50000
83984,10,30000
83985,10,5000
83986,10,30000
83987,10,30000
83988,10,0
83989,10,20000
83990,10,0
83991,10,30000
83992,10,50000
83993,10,30000
83994,10,10000
83995,10,0
83996,10,30000
83997,10,20000
83998,10,0
83999,10,20000
84000,10,0
84001,10,40000
84002,10,0
84003,10,0
84004,10,5000
84005,10,20000
84006,10,20000
84007,10,40000
84008,10,20000
84009,10,0
84010,10,30000
84011,10,30000
84012,10,0
84013,10,0
84014,10,50000
84015,10,30000
84016,10,20000
84017,10,30000
84018,10,0
84019,10,20000
84020,10,20000
84021,10,50000
84022,10,50000
84023,10,10000
84024,10,5000
84025,10,40000
84026,10,20000
84027,10,0
84028,10,0
84029,10,40000
84030,10,0
84031,10,5000
84032,10,0
84033,10,5000
84034,10,20000
84035,10,5000
84036,10,10000
84037,10,30000
84038,10,20000
84039,10,5000
84040,10,50000
84041,10,0
84042,10,20000
84043,10,50000
84044,10,5000
84045,10,50000
84046,10,30000
84047,10,30000
84048,10,50000
84049,10,30000
84050,10,0
84051,10,20000
84052,10,30000
84053,10,40000
84054,10,20000
84055,10,20000
84056,10,50000
84057,10,5000
84058,10,20000
84059,10,20000
84060,10,20000
84061,10,50000
84062,10,0
84063,10,50000
84064,10,0
84065,10,0
84066,10,30000
84067,10,40000
84068,10,20000
84069,10,10000
84070,10,10000
84071,10,0
84072,10,40000
84073,10,20000
84074,10,20000
84075,10,10000
84076,10,20000
84077,10,20000
84078,10,50000
84079,10,30000
84080,10,0
84081,10,40000
84082,10,40000
84083,10,10000
84084,10,30000
84085,10,40000
84086,10,0
84087,10,0
84088,10,0
84089,10,50000
84090,10,40000
84091,10,10000
84092,10,40000
84093,10,30000
84094,10,10000
84095,10,0
84096,10,20000
84097,10,40000
84098,10,10000
84099,10,20000
84100,10,30000
84101,10,5000
84102,10,5000
84103,10,30000
84104,10,20000
84105,10,0
84106,10,50000
84107,10,10000
84108,10,20000
84109,10,5000
84110,10,30000
84111,10,0
84112,10,30000
84113,10,20000
84114,10,50000
84115,10,40000
84116,10,0
84117,10,20000
84118,10,30000
84119,10,50000
84120,10,30000
84121,10,10000
84122,10,5000
84123,10,50000
84124,10,40000
84125,10,20000
84126,10,50000
84127,10,10000
84128,10,30000
84129,10,10000
84130,10,10000
84131,10,20000
84132,10,20000
84133,10,5000
84134,10,20000
84135,10,30000
84136,10,5000
84137,10,10000
84138,10,50000
84139,10,30000
84140,10,50000
84141,10,20000
84142,10,50000
84143,10,20000
84144,10,0
84145,10,30000
84146,10,0
84147,10,5000
84148,10,5000
84149,10,50000
84150,10,20000
84151,10,0
84152,10,30000
84153,10,50000
84154,10,5000
84155,10,0
84156,10,5000
84157,10,10000
84158,10,5000
84159,10,0
84160,10,20000
84161,10,50000
84162,10,20000
84163,10,30000
84164,10,50000
84165,10,0
84166,10,20000
84167,10,10000
84168,10,0
84169,10,5000
84170,10,0
84171,10,20000
84172,10,50000
84173,10,30000
84174,10,5000
84175,10,5000
84176,10,0
84177,10,30000
84178,10,30000
84179,10,40000
84180,10,0
84181,10,0
84182,10,40000
84183,10,10
84184,10,0
84185,10,10
84186,10,0
84187,10,40000
84188,10,5000
84189,10,40000
84190,10,5000
84191,10,30000
84192,10,50000
84193,10,0
84194,10,30000
84195,10,20000
84196,10,30000
84197,10,50000
84198,10,0
84199,10,0
84200,10,0
84201,10,10000
84202,10,5000
84203,10,30000
84204,10,30000
84205,10,10000
84206,10,20000
84207,10,30000
84208,10,30000
84209,10,10000
84210,10,20000
84211,10,40000
84212,10,0
84213,10,5000
84214,10,0
84215,10,20000
84216,10,10000
84217,10,40000
84218,10,30000
84219,10,0
84220,10,30000
84221,10,40000
84222,10,0
84223,10,50000
84224,10,5000
84225,10,5000
84226,10,20000
84227,10,0
84228,10,0
84229,10,20000
84230,10,20000
84231,10,40000
84232,10,0
84233,10,20000
84234,10,0
84235,10,0
84236,10,20000
84237,10,5000
84238,10,50000
84239,10,20000
84240,10,0
84241,10,0
84242,10,10000
84243,10,40000
84244,10,0
84245,10,0
84246,10,40000
84247,10,0
84248,10,30000
84249,10,0
84250,10,10000
84251,10,5000
84252,10,30000
84253,10,50000
84254,10,40000
84255,10,10000
84256,10,20000
84257,10,0
84258,10,30000
84259,10,0
84260,10,0
84261,10,0
84262,10,0
84263,10,20000
84264,10,40000
84265,10,0
84266,10,5000
84267,10,0
84268,10,30000
84269,10,50000
84270,10,0
84271,10,20000
84272,10,50000
84273,10,40000
84274,10,0
84275,10,40000
84276,10,0
84277,10,20000
84278,10,20000
84279,10,50000
84280,10,30000
84281,10,20000
84282,10,20000
84283,10,40000
84284,10,0
84285,10,40000
84286,10,0
84287,10,0
84288,10,10000
84289,10,50000
84290,10,0
84291,10,10000
84292,10,30000
84293,10,30000
84294,10,5000
84295,10,10000
84296,10,0
84297,10,0
84298,10,0
84299,10,50000
84300,10,30000
84301,10,5000
84302,10,40000
84303,10,50000
84304,10,0
84305,10,0
84306,10,5000
84307,10,0
84308,10,10000
84309,10,0
84310,10,0
84311,10,50000
84312,10,30000
84313,10,0
84314,10,5000
84315,10,30000
84316,10,0
84317,10,50000
84318,10,50000
84319,10,0
84320,10,5000
84321,10,0
84322,10,20000
84323,10,30000
84324,10,10000
84325,10,50000
84326,10,30000
84327,10,0
84328,10,0
84329,10,0
84330,10,0
84331,10,40000
84332,10,0
84333,10,40000
84334,10,20000
84335,10,10000
84336,10,30000
84337,10,0
84338,10,5000
84339,10,10000
84340,10,0
84341,10,50000
84342,10,20000
84343,10,30000
84344,10,50000
84345,10,5000
84346,10,50000
84347,10,5000
84348,10,50000
84349,10,20000
84350,10,50000
84351,10,40000
84352,10,0
84353,10,30000
84354,10,40000
84355,10,0
84356,10,20000
84357,10,0
84358,10,20000
84359,10,10000
84360,10,0
84361,10,20000
84362,10,40000
84363,10,30000
84364,10,0
84365,10,0
84366,10,40000
84367,10,30000
84368,10,30000
84369,10,30000
84370,10,0
84371,10,40000
84372,10,30000
84373,10,0
84374,10,40000
84375,10,40000
84376,10,0
84377,10,20000
84378,10,10000
84379,10,30000
84380,10,50000
84381,10,50000
84382,10,10000
84383,10,10000
84384,10,0
84385,10,5000
84386,10,10000
84387,10,10000
84388,10,50000
84389,10,30000
84390,10,40000
84391,10,0
84392,10,0
84393,10,30000
84394,10,30000
84395,10,0
84396,10,0
84397,10,20000
84398,10,50000
84399,10,30000
84400,10,0
84401,10,0
84402,10,40000
84403,10,40000
84404,10,20000
84405,10,30000
84406,10,5000
84407,10,20000
84408,10,0
84409,10,50000
84410,10,30000
84411,10,30000
84412,10,30000
84413,10,0
84414,10,10000
84415,10,50000
84416,10,50000
84417,10,5000
84418,10,0
84419,10,30000
84420,10,30000
84421,10,20000
84422,10,5000
84423,10,20000
84424,10,5000
84425,10,30000
84426,10,5000
84427,10,10000
84428,10,5000
84429,10,5000
84430,10,0
84431,10,30000
84432,10,30000
84433,10,5000
84434,10,5000
84435,10,0
84436,10,0
84437,10,20000
84438,10,0
84439,10,40000
84440,10,0
84441,10,20000
84442,10,5000
84443,10,20000
84444,10,5000
84445,10,0
84446,10,30000
84447,10,50000
84448,10,50000
84449,10,40000
84450,10,50000
84451,10,50000
84452,10,10000
84453,10,40000
84454,10,40000
84455,10,20000
84456,10,30000
84457,10,20000
84458,10,50000
84459,10,30000
84460,10,10000
84461,10,5000
84462,10,10
84463,10,0
84464,10,0
84465,10,20000
84466,10,20000
84467,10,30000
84468,10,50000
84469,10,20000
84470,10,10000
84471,10,0
84472,10,0
84473,10,0
84474,10,20000
84475,10,0
84476,10,30000
84477,10,20000
84478,10,40000
84479,10,50000
84480,10,30000
84481,10,50000
84482,10,50000
84483,10,10000
84484,10,10000
84485,10,10000
84486,10,20000
84487,10,30000
84488,10,50000
84489,10,30000
84490,10,5000
84491,10,50000
84492,10,30000
84493,10,40000
84494,10,20000
84495,10,20000
84496,10,10000
84497,10,0
84498,10,30000
84499,10,30000
84500,10,5000
84501,10,50000
84502,10,20000
84503,10,30000
84504,10,20000
84505,10,50000
84506,10,20000
84507,10,40000
84508,10,0
84509,10,10000
84510,10,50000
84511,10,20000
84512,10,50000
84513,10,0
84514,10,20000
84515,10,0
84516,10,30000
84517,10,50000
84518,10,5000
84519,10,30000
84520,10,5000
84521,10,10000
84522,10,20000
84523,10,30000
84524,10,40000
84525,10,0
84526,10,0
84527,10,50000
84528,10,5000
84529,10,10000
84530,10,0
84531,10,5000
84532,10,40000
84533,10,20000
84534,10,0
84535,10,5000
84536,10,5000
84537,10,40000
84538,10,30000
84539,10,20000
84540,10,30000
84541,10,50000
84542,10,20000
84543,10,30000
84544,10,10000
84545,10,40000
84546,10,30000
84547,10,0
84548,10,30000
84549,10,30000
84550,10,40000
84551,10,40000
84552,10,0
84553,10,50000
84554,10,0
84555,10,0
84556,10,20000
84557,10,0
84558,10,0
84559,10,5000
84560,10,20000
84561,10,40000
84562,10,10
84563,10,20000
84564,10,50000
84565,10,30000
84566,10,50000
84567,10,40000
84568,10,20000
84569,10,20000
84570,10,50000
84571,10,0
84572,10,0
84573,10,40000
84574,10,5000
84575,10,5000
84576,10,5000
84577,10,40000
84578,10,20000
84579,10,30000
84580,10,0
84581,10,5000
84582,10,30000
84583,10,10000
84584,10,5000
84585,10,0
84586,10,40000
84587,10,20000
84588,10,20000
84589,10,20000
84590,10,50000
84591,10,0
84592,10,10000
84593,10,20000
84594,10,20000
84595,10,30000
84596,10,0
84597,10,0
84598,10,30000
84599,10,0
84600,10,30000
84601,10,50000
84602,10,50000
84603,10,10000
84604,10,0
84605,10,20000
84606,10,0
84607,10,0
84608,10,5000
84609,10,30000
84610,10,50000
84611,10,20000
84612,10,30000
84613,10,30000
84614,10,10000
84615,10,5000
84616,10,0
84617,10,0
84618,10,20000
84619,10,30000
84620,10,40000
84621,10,5000
84622,10,10000
84623,10,40000
84624,10,30000
84625,10,20000
84626,10,0
84627,10,10000
84628,10,30000
84629,10,40000
84630,10,40000
84631,10,0
84632,10,0
84633,10,20000
84634,10,0
84635,10,20000
84636,10,20000
84637,10,0
84638,10,10
84639,10,10000
84640,10,0
84641,10,40000
84642,10,30000
84643,10,50000
84644,10,0
84645,10,20000
84646,10,50000
84647,10,0
84648,10,30000
84649,10,20000
84650,10,20000
84651,10,0
84652,10,0
84653,10,30000
84654,10,30000
84655,10,40000
84656,10,0
84657,10,0
84658,10,0
84659,10,0
84660,10,50000
84661,10,20000
84662,10,50000
84663,10,0
84664,10,50000
84665,10,50000
84666,10,10000
84667,10,5000
84668,10,50000
84669,10,30000
84670,10,0
84671,10,30000
84672,10,30000
84673,10,0
84674,10,30000
84675,10,0
84676,10,5000
84677,10,30000
84678,10,30000
84679,10,0
84680,10,5000
84681,10,5000
84682,10,20000
84683,10,40000
84684,10,50000
84685,10,50000
84686,10,20000
84687,10,50000
84688,10,30000
84689,10,40000
84690,10,30000
84691,10,0
84692,10,20000
84693,10,30000
84694,10,40000
84695,10,0
84696,10,5000
84697,10,20000
84698,10,20000
84699,10,5000
84700,10,0
84701,10,30000
84702,10,0
84703,10,5000
84704,10,0
84705,10,50000
84706,10,0
84707,10,50000
84708,10,10000
84709,10,20000
84710,10,30000
84711,10,10000
84712,10,0
84713,10,30000
84714,10,0
84715,10,0
84716,10,40000
84717,10,30000
84718,10,50000
84719,10,50000
84720,10,40000
84721,10,5000
84722,10,0
84723,10,0
84724,10,50000
84725,10,30000
84726,10,10000
84727,10,20000
84728,10,20000
84729,10,30000
84730,10,0
84731,10,40000
84732,10,50000
84733,10,0
84734,10,0
84735,10,5000
84736,10,50000
84737,10,0
84738,10,20000
84739,10,30000
84740,10,30000
84741,10,30000
84742,10,0
84743,10,20000
84744,10,50000
84745,10,20000
84746,10,50000
84747,10,0
84748,10,30000
84749,10,0
84750,10,0
84751,10,0
84752,10,0
84753,10,0
84754,10,50000
84755,10,30000
84756,10,30000
84757,10,30000
84758,10,0
84759,10,0
84760,10,0
84761,10,40000
84762,10,0
84763,10,10000
84764,10,50000
84765,10,20000
84766,10,0
84767,10,5000
84768,10,0
84769,10,20000
84770,10,50000
84771,10,5000
84772,10,0
84773,10,50000
84774,10,0
84775,10,10000
84776,10,40000
84777,10,0
84778,10,30000
84779,10,0
84780,10,50000
84781,10,10000
84782,10,0
84783,10,5000
84784,10,0
84785,10,0
84786,10,0
84787,10,40000
84788,10,10000
84789,10,40000
84790,10,40000
84791,10,5000
84792,10,40000
84793,10,50000
84794,10,30000
84795,10,0
84796,10,20000
84797,10,0
84798,10,50000
84799,10,30000
84800,10,50000
84801,10,40000
84802,10,40000
84803,10,0
84804,10,0
84805,10,0
84806,10,30000
84807,10,0
84808,10,0
84809,10,30000
84810,10,50000
84811,10,30000
84812,10,5000
84813,10,30000
84814,10,0
84815,10,0
84816,10,10000
84817,10,30000
84818,10,40000
84819,10,5000
84820,10,20000
84821,10,30000
84822,10,0
84823,10,0
84824,10,0
84825,10,0
84826,10,40000
84827,10,20000
84828,10,5000
84829,10,5000
84830,10,30000
84831,10,5000
84832,10,30000
84833,10,10000
84834,10,5000
84835,10,50000
84836,10,40000
84837,10,40000
84838,10,10000
84839,10,0
84840,10,0
84841,10,40000
84842,10,30000
84843,10,30000
84844,10,30000
84845,10,40000
84846,10,30000
84847,10,30000
84848,10,20000
84849,10,20000
84850,10,0
84851,10,0
84852,10,50000
84853,10,50000
84854,10,10000
84855,10,50000
84856,10,30000
84857,10,50000
84858,10,40000
84859,10,50000
84860,10,20000
84861,10,30000
84862,10,10000
84863,10,0
84864,10,10000
84865,10,40000
84866,10,0
84867,10,0
84868,10,5000
84869,10,30000
84870,10,0
84871,10,0
84872,10,40000
84873,10,0
84874,10,30000
84875,10,10000
84876,10,0
84877,10,10000
84878,10,0
84879,10,20000
84880,10,40000
84881,10,20000
84882,10,40000
84883,10,0
84884,10,0
84885,10,30000
84886,10,20000
84887,10,5000
84888,10,5000
84889,10,0
84890,10,30000
84891,10,40000
84892,10,50000
84893,10,30000
84894,10,0
84895,10,0
84896,10,20000
84897,10,0
84898,10,40000
84899,10,20000
84900,10,10000
84901,10,0
84902,10,10000
84903,10,0
84904,10,0
84905,10,40000
84906,10,30000
84907,10,40000
84908,10,30000
84909,10,0
84910,10,0
84911,10,0
84912,10,5000
84913,10,40000
84914,10,20000
84915,10,40000
84916,10,50000
84917,10,50000
84918,10,5000
84919,10,0
84920,10,0
84921,10,30000
84922,10,50000
84923,10,0
84924,10,30000
84925,10,50000
84926,10,10000
84927,10,0
84928,10,50000
84929,10,10000
84930,10,0
84931,10,40000
84932,10,0
84933,10,50000
84934,10,0
84935,10,0
84936,10,5000
84937,10,20000
84938,10,40000
84939,10,50000
84940,10,0
84941,10,20000
84942,10,40000
84943,10,10000
84944,10,30000
84945,10,50000
84946,10,0
84947,10,30000
84948,10,10000
84949,10,40000
84950,10,40000
84951,10,50000
84952,10,30000
84953,10,20000
84954,10,10000
84955,10,30000
84956,10,50000
84957,10,20000
84958,10,10000
84959,10,10000
84960,10,0
84961,10,5000
84962,10,0
84963,10,20000
84964,10,10000
84965,10,50000
84966,10,0
84967,10,40000
84968,10,30000
84969,10,10000
84970,10,10000
84971,10,50000
84972,10,40000
84973,10,5000
84974,10,30000
84975,10,30000
84976,10,10000
84977,10,0
84978,10,10000
84979,10,50000
84980,10,10000
84981,10,10000
84982,10,30000
84983,10,30000
84984,10,0
84985,10,5000
84986,10,0
84987,10,0
84988,10,30000
84989,10,5000
84990,10,30000
84991,10,10000
84992,10,50000
84993,10,40000
84994,10,0
84995,10,50000
84996,10,0
84997,10,40000
84998,10,5000
84999,10,0
85000,10,0
85001,10,10000
85002,10,20000
85003,10,20000
85004,10,0
85005,10,20000
85006,10,30000
85007,10,30000
85008,10,50000
85009,10,20000
85010,10,20000
85011,10,40000
85012,10,30000
85013,10,30000
85014,10,20000
85015,10,5000
85016,10,20000
85017,10,20000
85018,10,0
85019,10,0
85020,10,20000
85021,10,5000
85022,10,50000
85023,10,30000
85024,10,0
85025,10,20000
85026,10,50000
85027,10,40000
85028,10,20000
85029,10,10000
85030,10,40000
85031,10,30000
85032,10,0
85033,10,20000
85034,10,10000
85035,10,5000
85036,10,30000
85037,10,30000
85038,10,10000
85039,10,50000
85040,10,30000
85041,10,20000
85042,10,0
85043,10,40000
85044,10,20000
85045,10,20000
85046,10,30000
85047,10,50000
85048,10,40000
85049,10,5000
85050,10,20000
85051,10,50000
85052,10,20000
85053,10,20000
85054,10,5000
85055,10,10000
85056,10,20000
85057,10,0
85058,10,20000
85059,10,5000
85060,10,50000
85061,10,30000
85062,10,50000
85063,10,0
85064,10,5000
85065,10,0
85066,10,5000
85067,10,0
85068,10,0
85069,10,0
85070,10,50000
85071,10,0
85072,10,10000
85073,10,50000
85074,10,0
85075,10,50000
85076,10,0
85077,10,30000
85078,10,0
85079,10,0
85080,10,0
85081,10,0
85082,10,5000
85083,10,40000
85084,10,30000
85085,10,5000
85086,10,20000
85087,10,5000
85088,10,20000
85089,10,20000
85090,10,40000
85091,10,10000
85092,10,5000
85093,10,40000
85094,10,10000
85095,10,20000
85096,10,0
85097,10,10000
85098,10,20000
85099,10,20000
85100,10,20000
85101,10,0
85102,10,0
85103,10,0
85104,10,20000
85105,10,0
85106,10,10000
85107,10,30000
85108,10,0
85109,10,40000
85110,10,5000
85111,10,5000
85112,10,10000
85113,10,0
85114,10,20000
85115,10,50000
85116,10,20000
85117,10,0
85118,10,5000
85119,10,40000
85120,10,20000
85121,10,20000
85122,10,30000
85123,10,40000
85124,10,0
85125,10,30000
85126,10,0
85127,10,0
85128,10,20000
85129,10,40000
85130,10,30000
85131,10,10000
85132,10,10000
85133,10,50000
85134,10,0
85135,10,30000
85136,10,20000
85137,10,0
85138,10,0
85139,10,40000
85140,10,50000
85141,10,30000
85142,10,30000
85143,10,30000
85144,10,20000
85145,10,30000
85146,10,0
85147,10,20000
85148,10,0
85149,10,10000
85150,10,10000
85151,10,40000
85152,10,20000
85153,10,50000
85154,10,50000
85155,10,0
85156,10,20000
85157,10,30000
85158,10,0
85159,10,5000
85160,10,50000
85161,10,5000
85162,10,30000
85163,10,0
85164,10,40000
85165,10,5000
85166,10,5000
85167,10,20000
85168,10,50000
85169,10,5000
85170,10,5000
85171,10,20000
85172,10,10000
85173,10,20000
85174,10,20000
85175,10,20000
85176,10,0
85177,10,10000
85178,10,0
85179,10,30000
85180,10,10000
85181,10,20000
85182,10,20000
85183,10,10000
85184,10,10000
85185,10,40000
85186,10,20000
85187,10,0
85188,10,20000
85189,10,5000
85190,10,5000
85191,10,50000
85192,10,30000
85193,10,5000
85194,10,40000
85195,10,0
85196,10,0
85197,10,50000
85198,10,0
85199,10,30000
85200,10,30000
85201,10,0
85202,10,30000
85203,10,20000
85204,10,5000
85205,10,0
85206,10,30000
85207,10,10000
85208,10,40000
85209,10,0
85210,10,0
85211,10,0
85212,10,20000
85213,10,40000
85214,10,5000
85215,10,30000
85216,10,20000
85217,10,40000
85218,10,50000
85219,10,30000
85220,10,20000
85221,10,10000
85222,10,10000
85223,10,0
85224,10,40000
85225,10,40000
85226,10,50000
85227,10,0
85228,10,0
85229,10,50000
85230,10,40000
85231,10,10000
85232,10,0
85233,10,40000
85234,10,40000
85235,10,0
85236,10,50000
85237,10,20000
85238,10,30000
85239,10,30000
85240,10,30000
85241,10,40000
85242,10,30000
85243,10,10000
85244,10,30000
85245,10,20000
85246,10,0
85247,10,5000
85248,10,0
85249,10,20000
85250,10,30000
85251,10,30000
85252,10,30000
85253,10,50000
85254,10,40000
85255,10,50000
85256,10,5000
85257,10,30000
85258,10,10000
85259,10,50000
85260,10,10000
85261,10,40000
85262,10,50000
85263,10,0
85264,10,30000
85265,10,30000
85266,10,30000
85267,10,50000
85268,10,20000
85269,10,20000
85270,10,20000
85271,10,20000
85272,10,0
85273,10,20000
85274,10,0
85275,10,0
85276,10,10000
85277,10,30000
85278,10,10000
85279,10,20000
85280,10,10000
85281,10,20000
85282,10,5000
85283,10,0
85284,10,20000
85285,10,0
85286,10,0
85287,10,20000
85288,10,0
85289,10,0
85290,10,40000
85291,10,20000
85292,10,20000
85293,10,50000
85294,10,0
85295,10,0
85296,10,20000
85297,10,10000
85298,10,0
85299,10,10000
85300,10,0
85301,10,30000
85302,10,10000
85303,10,10000
85304,10,0
85305,10,0
85306,10,5000
85307,10,0
85308,10,0
85309,10,20000
85310,10,30000
85311,10,10000
85312,10,50000
85313,10,50000
85314,10,10000
85315,10,40000
85316,10,50000
85317,10,50000
85318,10,50000
85319,10,50000
85320,10,0
85321,10,50000
85322,10,0
85323,10,40000
85324,10,50000
85325,10,50000
85326,10,0
85327,10,0
85328,10,10000
85329,10,10000
85330,10,5000
85331,10,0
85332,10,30000
85333,10,10000
85334,10,50000
85335,10,30000
85336,10,50000
85337,10,5000
85338,10,20000
85339,10,20000
85340,10,5000
85341,10,10000
85342,10,5000
85343,10,5000
85344,10,0
85345,10,20000
85346,10,0
85347,10,0
85348,10,50000
85349,10,20000
85350,10,0
85351,10,5000
85352,10,40000
85353,10,0
85354,10,30000
85355,10,50000
85356,10,40000
85357,10,0
85358,10,10000
85359,10,0
85360,10,30000
85361,10,50000
85362,10,0
85363,10,30000
85364,10,0
85365,10,30000
85366,10,0
85367,10,40000
85368,10,30000
85369,10,20000
85370,10,0
85371,10,50000
85372,10,10000
85373,10,50000
85374,10,20000
85375,10,5000
85376,10,50000
85377,10,0
85378,10,30000
85379,10,30000
85380,10,20000
85381,10,10000
85382,10,50000
85383,10,0
85384,10,20000
85385,10,10000
85386,10,30000
85387,10,50000
85388,10,30000
85389,10,30000
85390,10,30000
85391,10,10000
85392,10,50000
85393,10,30000
85394,10,5000
85395,10,20000
85396,10,20000
85397,10,0
85398,10,50000
85399,10,30000
85400,10,50000
85401,10,30000
85402,10,40000
85403,10,50000
85404,10,0
85405,10,50000
85406,10,0
85407,10,10000
85408,10,50000
85409,10,10000
85410,10,0
85411,10,20000
85412,10,20000
85413,10,40000
85414,10,0
85415,10,30000
85416,10,40000
85417,10,0
85418,10,30000
85419,10,10000
85420,10,0
85421,10,30000
85422,10,40000
85423,10,0
85424,10,10000
85425,10,0
85426,10,10000
85427,10,0
85428,10,0
85429,10,0
85430,10,20000
85431,10,10000
85432,10,40000
85433,10,5000
85434,10,20000
85435,10,10000
85436,10,50000
85437,10,0
85438,10,50000
85439,10,40000
85440,10,20000
85441,10,10000
85442,10,0
85443,10,50000
85444,10,20000
85445,10,20000
85446,10,5000
85447,10,50000
85448,10,20000
85449,10,0
85450,10,10000
85451,10,50000
85452,10,0
85453,10,0
85454,10,30000
85455,10,0
85456,10,20000
85457,10,30000
85458,10,20000
85459,10,40000
85460,10,0
85461,10,0
85462,10,10000
85463,10,50000
85464,10,5000
85465,10,5000
85466,10,30000
85467,10,50000
85468,10,30000
85469,10,30000
85470,10,30000
85471,10,10000
85472,10,0
85473,10,40000
85474,10,40000
85475,10,30000
85476,10,30000
85477,10,30000
85478,10,10000
85479,10,20000
85480,10,20000
85481,10,40000
85482,10,40000
85483,10,0
85484,10,0
85485,10,10000
85486,10,0
85487,10,10000
85488,10,50000
85489,10,20000
85490,10,0
85491,10,50000
85492,10,5000
85493,10,0
85494,10,30000
85495,10,0
85496,10,30000
85497,10,30000
85498,10,40000
85499,10,0
85500,10,20000
85501,10,40000
85502,10,0
85503,10,5000
85504,10,50000
85505,10,10000
85506,10,20000
85507,10,20000
85508,10,50000
85509,10,0
85510,10,30000
85511,10,20000
85512,10,50000
85513,10,30000
85514,10,50000
85515,10,0
85516,10,20000
85517,10,40000
85518,10,50000
85519,10,20000
85520,10,30000
85521,10,0
85522,10,50000
85523,10,20000
85524,10,10000
85525,10,40000
85526,10,40000
85527,10,20000
85528,10,30000
85529,10,5000
85530,10,30000
85531,10,40000
85532,10,10000
85533,10,30000
85534,10,30000
85535,10,20000
85536,10,5000
85537,10,40000
85538,10,20000
85539,10,50000
85540,10,0
85541,10,40000
85542,10,40000
85543,10,0
85544,10,5000
85545,10,5000
85546,10,0
85547,10,30000
85548,10,0
85549,10,50000
85550,10,30000
85551,10,0
85552,10,0
85553,10,5000
85554,10,0
85555,10,50000
85556,10,50000
85557,10,40000
85558,10,30000
85559,10,0
85560,10,30000
85561,10,0
85562,10,20000
85563,10,40000
85564,10,50000
85565,10,5000
85566,10,50000
85567,10,20000
85568,10,10000
85569,10,20000
85570,10,50000
85571,10,0
85572,10,50000
85573,10,50000
85574,10,0
85575,10,40000
85576,10,50000
85577,10,30000
85578,10,50000
85579,10,30000
85580,10,50000
85581,10,10000
85582,10,0
85583,10,30000
85584,10,50000
85585,10,20000
85586,10,50000
85587,10,20000
85588,10,30000
85589,10,0
85590,10,0
85591,10,30000
85592,10,50000
85593,10,0
85594,10,50000
85595,10,50000
85596,10,20000
85597,10,30000
85598,10,0
85599,10,40000
85600,10,0
85601,10,30000
85602,10,0
85603,10,10
85604,10,30000
85605,10,5000
85606,10,20000
85607,10,20000
85608,10,20000
85609,10,5000
85610,10,20000
85611,10,30000
85612,10,30000
85613,10,10000
85614,10,40000
85615,10,40000
85616,10,20000
85617,10,20000
85618,10,0
85619,10,5000
85620,10,40000
85621,10,5000
85622,10,50000
85623,10,0
85624,10,30000
85625,10,10000
85626,10,0
85627,10,10000
85628,10,0
85629,10,0
85630,10,30000
85631,10,30000
85632,10,5000
85633,10,0
85634,10,0
85635,10,20000
85636,10,0
85637,10,0
85638,10,0
85639,10,0
85640,10,50000
85641,10,0
85642,10,20000
85643,10,0
85644,10,30000
85645,10,20000
85646,10,40000
85647,10,20000
85648,10,30000
85649,10,10000
85650,10,20000
85651,10,10000
85652,10,40000
85653,10,40000
85654,10,5000
85655,10,10000
85656,10,20000
85657,10,20000
85658,10,0
85659,10,30000
85660,10,40000
85661,10,5000
85662,10,50000
85663,10,0
85664,10,20000
85665,10,20000
85666,10,20000
85667,10,5000
85668,10,0
85669,10,0
85670,10,0
85671,10,5000
85672,10,0
85673,10,20000
85674,10,20000
85675,10,30000
85676,10,5000
85677,10,30000
85678,10,20000
85679,10,20000
85680,10,20000
85681,10,5000
85682,10,0
85683,10,20000
85684,10,0
85685,10,0
85686,10,0
85687,10,0
85688,10,20000
85689,10,0
85690,10,0
85691,10,30000
85692,10,40000
85693,10,10000
85694,10,0
85695,10,30000
85696,10,20000
85697,10,20000
85698,10,30000
85699,10,5000
85700,10,40000
85701,10,0
85702,10,30000
85703,10,50000
85704,10,50000
85705,10,0
85706,10,30000
85707,10,40000
85708,10,0
85709,10,30000
85710,10,40000
85711,10,0
85712,10,0
85713,10,10000
85714,10,40000
85715,10,0
85716,10,20000
85717,10,10000
85718,10,5000
85719,10,0
85720,10,5000
85721,10,40000
85722,10,5000
85723,10,5000
85724,10,30000
85725,10,10000
85726,10,50000
85727,10,40000
85728,10,20000
85729,10,20000
85730,10,30000
85731,10,40000
85732,10,30000
85733,10,10000
85734,10,50000
85735,10,0
85736,10,0
85737,10,10000
85738,10,10
85739,10,20000
85740,10,20000
85741,10,30000
85742,10,30000
85743,10,0
85744,10,0
85745,10,0
85746,10,50000
85747,10,0
85748,10,0
85749,10,5000
85750,10,20000
85751,10,5000
85752,10,10000
85753,10,20000
85754,10,20000
85755,10,40000
85756,10,50000
85757,10,40000
85758,10,30000
85759,10,0
85760,10,50000
85761,10,10
85762,10,30000
85763,10,5000
85764,10,10000
85765,10,40000
85766,10,0
85767,10,0
85768,10,50000
85769,10,20000
85770,10,0
85771,10,50000
85772,10,0
85773,10,10000
85774,10,0
85775,10,50000
85776,10,5000
85777,10,30000
85778,10,50000
85779,10,40000
85780,10,30000
85781,10,0
85782,10,20000
85783,10,30000
85784,10,0
85785,10,0
85786,10,0
85787,10,30000
85788,10,0
85789,10,0
85790,10,30000
85791,10,5000
85792,10,0
85793,10,30000
85794,10,10000
85795,10,50000
85796,10,50000
85797,10,0
85798,10,20000
85799,10,40000
85800,10,20000
85801,10,50000
85802,10,0
85803,10,10000
85804,10,0
85805,10,0
85806,10,0
85807,10,40000
85808,10,50000
85809,10,30000
85810,10,40000
85811,10,5000
85812,10,50000
85813,10,40000
85814,10,30000
85815,10,30000
85816,10,30000
85817,10,10000
85818,10,0
85819,10,30000
85820,10,5000
85821,10,0
85822,10,50000
85823,10,5000
85824,10,20000
85825,10,50000
85826,10,0
85827,10,20000
85828,10,20000
85829,10,30000
85830,10,30000
85831,10,30000
85832,10,50000
85833,10,40000
85834,10,50000
85835,10,5000
85836,10,10000
85837,10,20000
85838,10,20000
85839,10,0
85840,10,5000
85841,10,20000
85842,10,40000
85843,10,20000
85844,10,0
85845,10,40000
85846,10,40000
85847,10,0
85848,10,0
85849,10,50000
85850,10,0
85851,10,0
85852,10,30000
85853,10,20000
85854,10,20000
85855,10,0
85856,10,30000
85857,10,0
85858,10,0
85859,10,10000
85860,10,20000
85861,10,0
85862,10,5000
85863,10,30000
85864,10,20000
85865,10,0
85866,10,20000
85867,10,20000
85868,10,0
85869,10,20000
85870,10,30000
85871,10,50000
85872,10,40000
85873,10,40000
85874,10,0
85875,10,5000
85876,10,20000
85877,10,30000
85878,10,10000
85879,10,0
85880,10,50000
85881,10,0
85882,10,40000
85883,10,10000
85884,10,0
85885,10,0
85886,10,30000
85887,10,30000
85888,10,0
85889,10,0
85890,10,30000
85891,10,5000
85892,10,5000
85893,10,5000
85894,10,20000
85895,10,5000
85896,10,30000
85897,10,20000
85898,10,0
85899,10,40000
85900,10,0
85901,10,30000
85902,10,30000
85903,10,0
85904,10,5000
85905,10,50000
85906,10,30000
85907,10,0
85908,10,30000
85909,10,0
85910,10,30000
85911,10,30000
85912,10,5000
85913,10,20000
85914,10,20000
85915,10,0
85916,10,50000
85917,10,0
85918,10,50000
85919,10,0
85920,10,0
85921,10,40000
85922,10,20000
85923,10,0
85924,10,30000
85925,10,5000
85926,10,30000
85927,10,40000
85928,10,5000
85929,10,30000
85930,10,50000
85931,10,50000
85932,10,5000
85933,10,30000
85934,10,50000
85935,10,0
85936,10,0
85937,10,0
85938,10,20000
85939,10,10000
85940,10,0
85941,10,5000
85942,10,0
85943,10,0
85944,10,30000
85945,10,40000
85946,10,0
85947,10,20000
85948,10,50000
85949,10,30000
85950,10,10000
85951,10,30000
85952,10,5000
85953,10,30000
85954,10,20000
85955,10,0
85956,10,50000
85957,10,0
85958,10,40000
85959,10,50000
85960,10,40000
85961,10,50000
85962,10,50000
85963,10,50000
85964,10,0
85965,10,20000
85966,10,30000
85967,10,0
85968,10,0
85969,10,5000
85970,10,0
85971,10,50000
85972,10,20000
85973,10,20000
85974,10,30000
85975,10,50000
85976,10,5000
85977,10,30000
85978,10,5000
85979,10,50000
85980,10,30000
85981,10,20000
85982,10,20000
85983,10,5000
85984,10,40000
85985,10,10000
85986,10,30000
85987,10,30000
85988,10,50000
85989,10,30000
85990,10,20000
85991,10,20000
85992,10,20000
85993,10,30000
85994,10,10000
85995,10,30000
85996,10,10000
85997,10,5000
85998,10,30000
85999,10,20000
86000,10,30000
86001,10,20000
86002,10,20000
86003,10,0
86004,10,20000
86005,10,30000
86006,10,0
86007,10,20000
86008,10,0
86009,10,0
86010,10,10000
86011,10,0
86012,10,0
86013,10,10000
86014,10,5000
86015,10,0
86016,10,0
86017,10,0
86018,10,50000
86019,10,10000
86020,10,0
86021,10,50000
86022,10,5000
86023,10,30000
86024,10,20000
86025,10,10000
86026,10,30000
86027,10,10000
86028,10,30000
86029,10,20000
86030,10,10000
86031,10,10000
86032,10,20000
86033,10,0
86034,10,0
86035,10,20000
86036,10,50000
86037,10,40000
86038,10,30000
86039,10,10000
86040,10,50000
86041,10,50000
86042,10,50000
86043,10,0
86044,10,50000
86045,10,30000
86046,10,30000
86047,10,50000
86048,10,50000
86049,10,30000
86050,10,30000
86051,10,20000
86052,10,0
86053,10,30000
86054,10,0
86055,10,30000
86056,10,30000
86057,10,40000
86058,10,30000
86059,10,0
86060,10,5000
86061,10,30000
86062,10,0
86063,10,0
86064,10,20000
86065,10,20000
86066,10,40000
86067,10,10000
86068,10,50000
86069,10,30000
86070,10,0
86071,10,20000
86072,10,0
86073,10,30000
86074,10,50000
86075,10,0
86076,10,0
86077,10,10000
86078,10,30000
86079,10,5000
86080,10,50000
86081,10,10000
86082,10,30000
86083,10,10000
86084,10,30000
86085,10,40000
86086,10,5000
86087,10,50000
86088,10,20000
86089,10,50000
86090,10,0
86091,10,30000
86092,10,50000
86093,10,30000
86094,10,0
86095,10,0
86096,10,0
86097,10,30000
86098,10,0
86099,10,0
86100,10,0
86101,10,0
86102,10,50000
86103,10,10000
86104,10,0
86105,10,20000
86106,10,20000
86107,10,50000
86108,10,10000
86109,10,0
86110,10,20000
86111,10,0
86112,10,30000
86113,10,30000
86114,10,40000
86115,10,0
86116,10,50000
86117,10,0
86118,10,0
86119,10,10000
86120,10,30000
86121,10,30000
86122,10,50000
86123,10,5000
86124,10,50000
86125,10,30000
86126,10,50000
86127,10,30000
86128,10,10000
86129,10,50000
86130,10,0
86131,10,0
86132,10,0
86133,10,0
86134,10,5000
86135,10,5000
86136,10,0
86137,10,30000
86138,10,0
86139,10,5000
86140,10,0
86141,10,40000
86142,10,50000
86143,10,50000
86144,10,30000
86145,10,20000
86146,10,5000
86147,10,30000
86148,10,40000
86149,10,0
86150,10,20000
86151,10,0
86152,10,30000
86153,10,5000
86154,10,10000
86155,10,40000
86156,10,10000
86157,10,30000
86158,10,50000
86159,10,40000
86160,10,30000
86161,10,10
86162,10,0
86163,10,10000
86164,10,30000
86165,10,20000
86166,10,0
86167,10,0
86168,10,20000
86169,10,10000
86170,10,0
86171,10,0
86172,10,20000
86173,10,40000
86174,10,20000
86175,10,0
86176,10,40000
86177,10,20000
86178,10,40000
86179,10,50000
86180,10,0
86181,10,0
86182,10,40000
86183,10,0
86184,10,10000
86185,10,20000
86186,10,0
86187,10,10000
86188,10,30000
86189,10,10000
86190,10,0
86191,10,30000
86192,10,0
86193,10,0
86194,10,30000
86195,10,20000
86196,10,50000
86197,10,30000
86198,10,50000
86199,10,5000
86200,10,0
86201,10,30000
86202,10,30000
86203,10,30000
86204,10,0
86205,10,30000
86206,10,0
86207,10,40000
86208,10,20000
86209,10,50000
86210,10,0
86211,10,10000
86212,10,40000
86213,10,0
86214,10,30000
86215,10,20000
86216,10,30000
86217,10,50000
86218,10,0
86219,10,0
86220,10,20000
86221,10,20000
86222,10,5000
86223,10,0
86224,10,20000
86225,10,20000
86226,10,30000
86227,10,0
86228,10,20000
86229,10,20000
86230,10,0
86231,10,0
86232,10,20000
86233,10,0
86234,10,50000
86235,10,0
86236,10,30000
86237,10,40000
86238,10,30000
86239,10,20000
86240,10,20000
86241,10,30000
86242,10,30000
86243,10,5000
86244,10,0
86245,10,5000
86246,10,0
86247,10,10000
86248,10,0
86249,10,0
86250,10,30000
86251,10,50000
86252,10,20000
86253,10,10000
86254,10,10000
86255,10,50000
86256,10,30000
86257,10,0
86258,10,5000
86259,10,10000
86260,10,10000
86261,10,0
86262,10,10000
86263,10,0
86264,10,10000
86265,10,0
86266,10,0
86267,10,30000
86268,10,20000
86269,10,30000
86270,10,10000
86271,10,50000
86272,10,20000
86273,10,0
86274,10,50000
86275,10,0
86276,10,5000
86277,10,0
86278,10,10000
86279,10,30000
86280,10,50000
86281,10,5000
86282,10,30000
86283,10,0
86284,10,40000
86285,10,20000
86286,10,5000
86287,10,30000
86288,10,0
86289,10,5000
86290,10,0
86291,10,50000
86292,10,10
86293,10,0
86294,10,0
86295,10,5000
86296,10,20000
86297,10,10000
86298,10,40000
86299,10,20000
86300,10,40000
86301,10,20000
86302,10,30000
86303,10,40000
86304,10,50000
86305,10,10000
86306,10,20000
86307,10,30000
86308,10,10000
86309,10,10000
86310,10,5000
86311,10,50000
86312,10,0
86313,10,10000
86314,10,0
86315,10,40000
86316,10,40000
86317,10,50000
86318,10,30000
86319,10,5000
86320,10,5000
86321,10,30000
86322,10,50000
86323,10,50000
86324,10,40000
86325,10,20000
86326,10,40000
86327,10,5000
86328,10,50000
86329,10,40000
86330,10,0
86331,10,40000
86332,10,40000
86333,10,50000
86334,10,20000
86335,10,40000
86336,10,10000
86337,10,0
86338,10,30000
86339,10,5000
86340,10,20000
86341,10,20000
86342,10,0
86343,10,0
86344,10,50000
86345,10,5000
86346,10,10000
86347,10,10
86348,10,0
86349,10,0
86350,10,50000
86351,10,40000
86352,10,20000
86353,10,5000
86354,10,0
86355,10,20000
86356,10,30000
86357,10,40000
86358,10,30000
86359,10,50000
86360,10,0
86361,10,0
86362,10,5000
86363,10,50000
86364,10,20000
86365,10,0
86366,10,0
86367,10,40000
86368,10,10000
86369,10,40000
86370,10,0
86371,10,30000
86372,10,50000
86373,10,40000
86374,10,5000
86375,10,10000
86376,10,0
86377,10,0
86378,10,30000
86379,10,10000
86380,10,20000
86381,10,30000
86382,10,20000
86383,10,40000
86384,10,5000
86385,10,20000
86386,10,20000
86387,10,20000
86388,10,30000
86389,10,20000
86390,10,30000
86391,10,0
86392,10,10000
86393,10,30000
86394,10,0
86395,10,10000
86396,10,30000
86397,10,5000
86398,10,40000
86399,10,0
86400,10,0
86401,10,10000
86402,10,50000
86403,10,5000
86404,10,30000
86405,10,40000
86406,10,40000
86407,10,0
86408,10,30000
86409,10,50000
86410,10,30000
86411,10,0
86412,10,50000
86413,10,40000
86414,10,5000
86415,10,0
86416,10,20000
86417,10,30000
86418,10,30000
86419,10,30000
86420,10,0
86421,10,0
86422,10,0
86423,10,0
86424,10,10000
86425,10,10000
86426,10,0
86427,10,20000
86428,10,20000
86429,10,0
86430,10,20000
86431,10,40000
86432,10,30000
86433,10,0
86434,10,0
86435,10,5000
86436,10,40000
86437,10,20000
86438,10,50000
86439,10,50000
86440,10,40000
86441,10,30000
86442,10,5000
86443,10,0
86444,10,30000
86445,10,20000
86446,10,40000
86447,10,50000
86448,10,10000
86449,10,20000
86450,10,40000
86451,10,0
86452,10,0
86453,10,40000
86454,10,10000
86455,10,20000
86456,10,20000
86457,10,0
86458,10,0
86459,10,0
86460,10,30000
86461,10,40000
86462,10,0
86463,10,20000
86464,10,0
86465,10,10000
86466,10,0
86467,10,10000
86468,10,0
86469,10,0
86470,10,30000
86471,10,0
86472,10,30000
86473,10,0
86474,10,20000
86475,10,0
86476,10,40000
86477,10,50000
86478,10,0
86479,10,5000
86480,10,20000
86481,10,0
86482,10,5000
86483,10,50000
86484,10,20000
86485,10,20000
86486,10,20000
86487,10,0
86488,10,20000
86489,10,30000
86490,10,0
86491,10,10000
86492,10,0
86493,10,20000
86494,10,30000
86495,10,50000
86496,10,40000
86497,10,20000
86498,10,0
86499,10,50000
86500,10,50000
86501,10,5000
86502,10,0
86503,10,5000
86504,10,0
86505,10,5000
86506,10,50000
86507,10,0
86508,10,40000
86509,10,20000
86510,10,40000
86511,10,10000
86512,10,0
86513,10,50000
86514,10,0
86515,10,5000
86516,10,0
86517,10,30000
86518,10,40000
86519,10,5000
86520,10,30000
86521,10,0
86522,10,5000
86523,10,5000
86524,10,0
86525,10,40000
86526,10,0
86527,10,30000
86528,10,20000
86529,10,0
86530,10,30000
86531,10,50000
86532,10,0
86533,10,30000
86534,10,10000
86535,10,0
86536,10,20000
86537,10,0
86538,10,0
86539,10,20000
86540,10,10
86541,10,10000
86542,10,0
86543,10,0
86544,10,10000
86545,10,10000
86546,10,20000
86547,10,10000
86548,10,40000
86549,10,5000
86550,10,0
86551,10,30000
86552,10,5000
86553,10,0
86554,10,10000
86555,10,0
86556,10,30000
86557,10,20000
86558,10,10000
86559,10,0
86560,10,50000
86561,10,40000
86562,10,30000
86563,10,10000
86564,10,30000
86565,10,0
86566,10,30000
86567,10,40000
86568,10,10000
86569,10,0
86570,10,20000
86571,10,20000
86572,10,20000
86573,10,0
86574,10,0
86575,10,50000
86576,10,0
86577,10,20000
86578,10,50000
86579,10,30000
86580,10,0
86581,10,50000
86582,10,20000
86583,10,5000
86584,10,0
86585,10,0
86586,10,50000
86587,10,0
86588,10,5000
86589,10,10000
86590,10,30000
86591,10,40000
86592,10,50000
86593,10,50000
86594,10,50000
86595,10,20000
86596,10,50000
86597,10,0
86598,10,0
86599,10,40000
86600,10,20000
86601,10,10000
86602,10,0
86603,10,0
86604,10,5000
86605,10,30000
86606,10,0
86607,10,0
86608,10,20000
86609,10,0
86610,10,40000
86611,10,30000
86612,10,30000
86613,10,10000
86614,10,40000
86615,10,0
86616,10,30000
86617,10,30000
86618,10,30000
86619,10,0
86620,10,20000
86621,10,30000
86622,10,0
86623,10,50000
86624,10,0
86625,10,20000
86626,10,50000
86627,10,10000
86628,10,10000
86629,10,40000
86630,10,50000
86631,10,0
86632,10,20000
86633,10,0
86634,10,20000
86635,10,20000
86636,10,40000
86637,10,10000
86638,10,5000
86639,10,0
86640,10,10000
86641,10,0
86642,10,5000
86643,10,20000
86644,10,30000
86645,10,0
86646,10,0
86647,10,0
86648,10,0
86649,10,5000
86650,10,50000
86651,10,0
86652,10,40000
86653,10,40000
86654,10,0
86655,10,20000
86656,10,50000
86657,10,20000
86658,10,0
86659,10,0
86660,10,20000
86661,10,0
86662,10,20000
86663,10,20000
86664,10,0
86665,10,20000
86666,10,5000
86667,10,50000
86668,10,40000
86669,10,30000
86670,10,0
86671,10,20000
86672,10,5000
86673,10,0
86674,10,40000
86675,10,20000
86676,10,50000
86677,10,0
86678,10,20000
86679,10,40000
86680,10,10000
86681,10,10000
86682,10,30000
86683,10,40000
86684,10,0
86685,10,0
86686,10,10000
86687,10,5000
86688,10,0
86689,10,0
86690,10,0
86691,10,5000
86692,10,30000
86693,10,0
86694,10,0
86695,10,50000
86696,10,5000
86697,10,30000
86698,10,30000
86699,10,50000
86700,10,10000
86701,10,20000
86702,10,0
86703,10,50000
86704,10,0
86705,10,5000
86706,10,10000
86707,10,20000
86708,10,5000
86709,10,0
86710,10,50000
86711,10,30000
86712,10,40000
86713,10,40000
86714,10,0
86715,10,0
86716,10,20000
86717,10,10000
86718,10,20000
86719,10,0
86720,10,40000
86721,10,0
86722,10,0
86723,10,40000
86724,10,30000
86725,10,40000
86726,10,5000
86727,10,0
86728,10,0
86729,10,0
86730,10,50000
86731,10,50000
86732,10,0
86733,10,0
86734,10,0
86735,10,30000
86736,10,30000
86737,10,5000
86738,10,30000
86739,10,30000
86740,10,0
86741,10,40000
86742,10,0
86743,10,50000
86744,10,0
86745,10,50000
86746,10,20000
86747,10,0
86748,10,0
86749,10,0
86750,10,10000
86751,10,10000
86752,10,0
86753,10,30000
86754,10,50000
86755,10,20000
86756,10,20000
86757,10,50000
86758,10,0
86759,10,0
86760,10,0
86761,10,50000
86762,10,0
86763,10,40000
86764,10,0
86765,10,0
86766,10,30000
86767,10,30000
86768,10,10000
86769,10,0
86770,10,50000
86771,10,20000
86772,10,50000
86773,10,10000
86774,10,20000
86775,10,0
86776,10,30000
86777,10,50000
86778,10,0
86779,10,5000
86780,10,10
86781,10,50000
86782,10,10000
86783,10,0
86784,10,40000
86785,10,5000
86786,10,50000
86787,10,40000
86788,10,40000
86789,10,0
86790,10,0
86791,10,50000
86792,10,30000
86793,10,0
86794,10,30000
86795,10,30000
86796,10,0
86797,10,10000
86798,10,5000
86799,10,30000
86800,10,30000
86801,10,30000
86802,10,50000
86803,10,10
86804,10,30000
86805,10,0
86806,10,0
86807,10,0
86808,10,10000
86809,10,30000
86810,10,5000
86811,10,40000
86812,10,0
86813,10,40000
86814,10,10000
86815,10,0
86816,10,30000
86817,10,10
86818,10,30000
86819,10,40000
86820,10,50000
86821,10,10000
86822,10,20000
86823,10,30000
86824,10,20000
86825,10,0
86826,10,20000
86827,10,20000
86828,10,50000
86829,10,10000
86830,10,20000
86831,10,50000
86832,10,30000
86833,10,40000
86834,10,30000
86835,10,50000
86836,10,30000
86837,10,50000
86838,10,5000
86839,10,0
86840,10,5000
86841,10,40000
86842,10,40000
86843,10,40000
86844,10,30000
86845,10,40000
86846,10,50000
86847,10,20000
86848,10,40000
86849,10,30000
86850,10,20000
86851,10,0
86852,10,30000
86853,10,20000
86854,10,30000
86855,10,50000
86856,10,50000
86857,10,0
86858,10,30000
86859,10,0
86860,10,0
86861,10,10000
86862,10,30000
86863,10,30000
86864,10,5000
86865,10,20000
86866,10,30000
86867,10,20000
86868,10,40000
86869,10,5000
86870,10,20000
86871,10,0
86872,10,30000
86873,10,50000
86874,10,40000
86875,10,40000
86876,10,20000
86877,10,40000
86878,10,10000
86879,10,20000
86880,10,20000
86881,10,20000
86882,10,30000
86883,10,30000
86884,10,20000
86885,10,20000
86886,10,5000
86887,10,0
86888,10,10000
86889,10,0
86890,10,30000
86891,10,10000
86892,10,50000
86893,10,5000
86894,10,30000
86895,10,10000
86896,10,50000
86897,10,0
86898,10,0
86899,10,50000
86900,10,0
86901,10,20000
86902,10,0
86903,10,20000
86904,10,20000
86905,10,20000
86906,10,0
86907,10,30000
86908,10,10000
86909,10,50000
86910,10,5000
86911,10,0
86912,10,10000
86913,10,20000
86914,10,0
86915,10,5000
86916,10,10000
86917,10,0
86918,10,50000
86919,10,5000
86920,10,5000
86921,10,0
86922,10,20000
86923,10,10000
86924,10,40000
86925,10,5000
86926,10,40000
86927,10,30000
86928,10,40000
86929,10,0
86930,10,0
86931,10,20000
86932,10,0
86933,10,50000
86934,10,30000
86935,10,30000
86936,10,20000
86937,10,10000
86938,10,5000
86939,10,0
86940,10,5000
86941,10,50000
86942,10,0
86943,10,30000
86944,10,20000
86945,10,20000
86946,10,10000
86947,10,30000
86948,10,5000
86949,10,20000
86950,10,50000
86951,10,30000
86952,10,0
86953,10,10000
86954,10,0
86955,10,10000
86956,10,20000
86957,10,30000
86958,10,40000
86959,10,0
86960,10,30000
86961,10,30000
86962,10,30000
86963,10,20000
86964,10,5000
86965,10,0
86966,10,10000
86967,10,0
86968,10,5000
86969,10,20000
86970,10,40000
86971,10,40000
86972,10,30000
86973,10,40000
86974,10,20000
86975,10,10000
86976,10,0
86977,10,0
86978,10,20000
86979,10,20000
86980,10,0
86981,10,40000
86982,10,10000
86983,10,50000
86984,10,30000
86985,10,5000
86986,10,5000
86987,10,5000
86988,10,10
86989,10,20000
86990,10,20000
86991,10,30000
86992,10,0
86993,10,30000
86994,10,30000
86995,10,50000
86996,10,40000
86997,10,5000
86998,10,30000
86999,10,0
87000,10,0
87001,10,0
87002,10,5000
87003,10,0
87004,10,20000
87005,10,30000
87006,10,0
87007,10,30000
87008,10,5000
87009,10,30000
87010,10,0
87011,10,20000
87012,10,40000
87013,10,0
87014,10,0
87015,10,20000
87016,10,50000
87017,10,50000
87018,10,30000
87019,10,0
87020,10,5000
87021,10,50000
87022,10,30000
87023,10,20000
87024,10,5000
87025,10,40000
87026,10,30000
87027,10,0
87028,10,20000
87029,10,20000
87030,10,5000
87031,10,10000
87032,10,10
87033,10,40000
87034,10,0
87035,10,40000
87036,10,10000
87037,10,0
87038,10,30000
87039,10,50000
87040,10,5000
87041,10,50000
87042,10,20000
87043,10,10000
87044,10,30000
87045,10,5000
87046,10,20000
87047,10,30000
87048,10,30000
87049,10,20000
87050,10,30000
87051,10,0
87052,10,0
87053,10,20000
87054,10,10000
87055,10,30000
87056,10,40000
87057,10,30000
87058,10,20000
87059,10,10000
87060,10,50000
87061,10,10000
87062,10,0
87063,10,0
87064,10,10000
87065,10,0
87066,10,50000
87067,10,20000
87068,10,0
87069,10,0
87070,10,50000
87071,10,5000
87072,10,30000
87073,10,5000
87074,10,30000
87075,10,30000
87076,10,5000
87077,10,5000
87078,10,20000
87079,10,0
87080,10,30000
87081,10,40000
87082,10,30000
87083,10,0
87084,10,50000
87085,10,0
87086,10,20000
87087,10,10000
87088,10,0
87089,10,20000
87090,10,0
87091,10,50000
87092,10,40000
87093,10,10000
87094,10,0
87095,10,30000
87096,10,30000
87097,10,0
87098,10,5000
87099,10,30000
87100,10,40000
87101,10,10000
87102,10,20000
87103,10,50000
87104,10,0
87105,10,40000
87106,10,30000
87107,10,40000
87108,10,20000
87109,10,20000
87110,10,30000
87111,10,20000
87112,10,5000
87113,10,50000
87114,10,10000
87115,10,50000
87116,10,50000
87117,10,0
87118,10,20000
87119,10,20000
87120,10,20000
87121,10,30000
87122,10,30000
87123,10,5000
87124,10,0
87125,10,0
87126,10,50000
87127,10,40000
87128,10,50000
87129,10,50000
87130,10,0
87131,10,0
87132,10,0
87133,10,20000
87134,10,40000
87135,10,50000
87136,10,50000
87137,10,10000
87138,10,20000
87139,10,40000
87140,10,0
87141,10,50000
87142,10,0
87143,10,40000
87144,10,20000
87145,10,20000
87146,10,20000
87147,10,0
87148,10,0
87149,10,0
87150,10,10000
87151,10,40000
87152,10,0
87153,10,50000
87154,10,50000
87155,10,50000
87156,10,0
87157,10,0
87158,10,0
87159,10,50000
87160,10,0
87161,10,50000
87162,10,20000
87163,10,0
87164,10,0
87165,10,30000
87166,10,30000
87167,10,10000
87168,10,0
87169,10,40000
87170,10,10000
87171,10,0
87172,10,30000
87173,10,0
87174,10,10000
87175,10,0
87176,10,0
87177,10,5000
87178,10,30000
87179,10,50000
87180,10,0
87181,10,0
87182,10,30000
87183,10,50000
87184,10,10000
87185,10,5000
87186,10,30000
87187,10,50000
87188,10,0
87189,10,30000
87190,10,30000
87191,10,20000
87192,10,0
87193,10,5000
87194,10,50000
87195,10,0
87196,10,20000
87197,10,20000
87198,10,50000
87199,10,10000
87200,10,5000
87201,10,5000
87202,10,20000
87203,10,30000
87204,10,10000
87205,10,5000
87206,10,10000
87207,10,20000
87208,10,0
87209,10,0
87210,10,0
87211,10,0
87212,10,0
87213,10,5000
87214,10,0
87215,10,20000
87216,10,20000
87217,10,20000
87218,10,20000
87219,10,30000
87220,10,40000
87221,10,0
87222,10,0
87223,10,0
87224,10,40000
87225,10,0
87226,10,30000
87227,10,10000
87228,10,20000
87229,10,0
87230,10,10000
87231,10,5000
87232,10,30000
87233,10,0
87234,10,40000
87235,10,50000
87236,10,10000
87237,10,10000
87238,10,0
87239,10,50000
87240,10,0
87241,10,50000
87242,10,40000
87243,10,20000
87244,10,20000
87245,10,0
87246,10,5000
87247,10,0
87248,10,10000
87249,10,0
87250,10,50000
87251,10,0
87252,10,10000
87253,10,5000
87254,10,30000
87255,10,0
87256,10,20000
87257,10,20000
87258,10,50000
87259,10,0
87260,10,20000
87261,10,40000
87262,10,20000
87263,10,30000
87264,10,0
87265,10,50000
87266,10,0
87267,10,0
87268,10,20000
87269,10,0
87270,10,0
87271,10,20000
87272,10,0
87273,10,0
87274,10,5000
87275,10,5000
87276,10,20000
87277,10,20000
87278,10,40000
87279,10,30000
87280,10,30000
87281,10,0
87282,10,40000
87283,10,0
87284,10,30000
87285,10,20000
87286,10,30000
87287,10,50000
87288,10,50000
87289,10,50000
87290,10,0
87291,10,20000
87292,10,40000
87293,10,0
87294,10,10000
87295,10,40000
87296,10,0
87297,10,5000
87298,10,30000
87299,10,0
87300,10,20000
87301,10,5000
87302,10,20000
87303,10,5000
87304,10,0
87305,10,50000
87306,10,10000
87307,10,0
87308,10,0
87309,10,20000
87310,10,50000
87311,10,0
87312,10,0
87313,10,30000
87314,10,20000
87315,10,30000
87316,10,50000
87317,10,30000
87318,10,30000
87319,10,50000
87320,10,30000
87321,10,0
87322,10,30000
87323,10,20000
87324,10,0
87325,10,0
87326,10,20000
87327,10,20000
87328,10,0
87329,10,5000
87330,10,50000
87331,10,5000
87332,10,0
87333,10,5000
87334,10,20000
87335,10,0
87336,10,0
87337,10,30000
87338,10,5000
87339,10,10000
87340,10,5000
87341,10,0
87342,10,50000
87343,10,20000
87344,10,50000
87345,10,0
87346,10,0
87347,10,20000
87348,10,50000
87349,10,20000
87350,10,10000
87351,10,0
87352,10,5000
87353,10,5000
87354,10,30000
87355,10,50000
87356,10,50000
87357,10,0
87358,10,30000
87359,10,10000
87360,10,40000
87361,10,40000
87362,10,20000
87363,10,0
87364,10,0
87365,10,30000
87366,10,20000
87367,10,0
87368,10,20000
87369,10,40000
87370,10,0
87371,10,50000
87372,10,10000
87373,10,30000
87374,10,10000
87375,10,40000
87376,10,0
87377,10,0
87378,10,0
87379,10,5000
87380,10,40000
87381,10,50000
87382,10,20000
87383,10,0
87384,10,30000
87385,10,40000
87386,10,40000
87387,10,5000
87388,10,10000
87389,10,10000
87390,10,5000
87391,10,0
87392,10,20000
87393,10,40000
87394,10,20000
87395,10,50000
87396,10,20000
87397,10,30000
87398,10,5000
87399,10,50000
87400,10,0
87401,10,30000
87402,10,30000
87403,10,0
87404,10,10000
87405,10,5000
87406,10,50000
87407,10,0
87408,10,30000
87409,10,0
87410,10,30000
87411,10,20000
87412,10,20000
87413,10,0
87414,10,0
87415,10,30000
87416,10,0
87417,10,30000
87418,10,0
87419,10,50000
87420,10,0
87421,10,0
87422,10,5000
87423,10,0
87424,10,30000
87425,10,50000
87426,10,30000
87427,10,30000
87428,10,20000
87429,10,40000
87430,10,30000
87431,10,30000
87432,10,0
87433,10,20000
87434,10,20000
87435,10,20000
87436,10,0
87437,10,20000
87438,10,10000
87439,10,30000
87440,10,20000
87441,10,50000
87442,10,0
87443,10,40000
87444,10,20000
87445,10,40000
87446,10,40000
87447,10,20000
87448,10,40000
87449,10,0
87450,10,0
87451,10,0
87452,10,20000
87453,10,30000
87454,10,0
87455,10,10000
87456,10,0
87457,10,5000
87458,10,10000
87459,10,10000
87460,10,50000
87461,10,20000
87462,10,5000
87463,10,20000
87464,10,30000
87465,10,0
87466,10,30000
87467,10,30000
87468,10,50000
87469,10,0
87470,10,30000
87471,10,30000
87472,10,20000
87473,10,0
87474,10,30000
87475,10,30000
87476,10,5000
87477,10,0
87478,10,40000
87479,10,40000
87480,10,0
87481,10,20000
87482,10,0
87483,10,40000
87484,10,40000
87485,10,10000
87486,10,40000
87487,10,0
87488,10,0
87489,10,50000
87490,10,30000
87491,10,40000
87492,10,0
87493,10,30000
87494,10,0
87495,10,10000
87496,10,5000
87497,10,10
87498,10,20000
87499,10,0
87500,10,5000
87501,10,20000
87502,10,0
87503,10,20000
87504,10,10000
87505,10,30000
87506,10,10000
87507,10,30000
87508,10,0
87509,10,50000
87510,10,40000
87511,10,0
87512,10,0
87513,10,5000
87514,10,0
87515,10,50000
87516,10,5000
87517,10,20000
87518,10,5000
87519,10,30000
87520,10,40000
87521,10,50000
87522,10,20000
87523,10,30000
87524,10,0
87525,10,5000
87526,10,40000
87527,10,30000
87528,10,50000
87529,10,10000
87530,10,0
87531,10,50000
87532,10,50000
87533,10,30000
87534,10,30000
87535,10,50000
87536,10,0
87537,10,0
87538,10,5000
87539,10,0
87540,10,10000
87541,10,5000
87542,10,50000
87543,10,30000
87544,10,10000
87545,10,10000
87546,10,20000
87547,10,5000
87548,10,5000
87549,10,30000
87550,10,20000
87551,10,10000
87552,10,0
87553,10,40000
87554,10,0
87555,10,0
87556,10,20000
87557,10,0
87558,10,0
87559,10,20000
87560,10,20000
87561,10,40000
87562,10,50000
87563,10,5000
87564,10,0
87565,10,50000
87566,10,0
87567,10,50000
87568,10,20000
87569,10,5000
87570,10,30000
87571,10,10000
87572,10,40000
87573,10,20000
87574,10,40000
87575,10,10000
87576,10,5000
87577,10,10000
87578,10,40000
87579,10,10000
87580,10,5000
87581,10,20000
87582,10,10000
87583,10,0
87584,10,40000
87585,10,30000
87586,10,20000
87587,10,0
87588,10,0
87589,10,30000
87590,10,30000
87591,10,0
87592,10,40000
87593,10,0
87594,10,0
87595,10,0
87596,10,40000
87597,10,0
87598,10,10000
87599,10,50000
87600,10,10000
87601,10,0
87602,10,10000
87603,10,30000
87604,10,0
87605,10,30000
87606,10,0
87607,10,30000
87608,10,40000
87609,10,0
87610,10,50000
87611,10,20000
87612,10,0
87613,10,30000
87614,10,0
87615,10,10000
87616,10,30000
87617,10,20000
87618,10,20000
87619,10,50000
87620,10,5000
87621,10,5000
87622,10,10000
87623,10,5000
87624,10,30000
87625,10,30000
87626,10,30000
87627,10,20000
87628,10,0
87629,10,0
87630,10,5000
87631,10,20000
87632,10,30000
87633,10,5000
87634,10,50000
87635,10,0
87636,10,0
87637,10,0
87638,10,20000
87639,10,50000
87640,10,50000
87641,10,20000
87642,10,50000
87643,10,30000
87644,10,40000
87645,10,0
87646,10,0
87647,10,0
87648,10,30000
87649,10,0
87650,10,10000
87651,10,0
87652,10,5000
87653,10,40000
87654,10,5000
87655,10,5000
87656,10,50000
87657,10,40000
87658,10,20000
87659,10,30000
87660,10,10000
87661,10,0
87662,10,30000
87663,10,30000
87664,10,0
87665,10,0
87666,10,0
87667,10,5000
87668,10,30000
87669,10,0
87670,10,0
87671,10,50000
87672,10,0
87673,10,50000
87674,10,0
87675,10,10000
87676,10,5000
87677,10,5000
87678,10,0
87679,10,50000
87680,10,5000
87681,10,30000
87682,10,10000
87683,10,40000
87684,10,20000
87685,10,30000
87686,10,30000
87687,10,20000
87688,10,0
87689,10,50000
87690,10,10000
87691,10,0
87692,10,30000
87693,10,0
87694,10,30000
87695,10,40000
87696,10,0
87697,10,0
87698,10,20000
87699,10,5000
87700,10,30000
87701,10,10000
87702,10,0
87703,10,50000
87704,10,0
87705,10,50000
87706,10,20000
87707,10,20000
87708,10,20000
87709,10,0
87710,10,0
87711,10,50000
87712,10,0
87713,10,0
87714,10,10000
87715,10,40000
87716,10,0
87717,10,0
87718,10,20000
87719,10,5000
87720,10,20000
87721,10,30000
87722,10,0
87723,10,40000
87724,10,20000
87725,10,0
87726,10,0
87727,10,0
87728,10,0
87729,10,50000
87730,10,5000
87731,10,30000
87732,10,0
87733,10,20000
87734,10,5000
87735,10,20000
87736,10,5000
87737,10,0
87738,10,20000
87739,10,0
87740,10,5000
87741,10,40000
87742,10,30000
87743,10,50000
87744,10,5000
87745,10,0
87746,10,30000
87747,10,30000
87748,10,10000
87749,10,5000
87750,10,5000
87751,10,0
87752,10,30000
87753,10,0
87754,10,20000
87755,10,40000
87756,10,30000
87757,10,10000
87758,10,30000
87759,10,20000
87760,10,0
87761,10,40000
87762,10,0
87763,10,0
87764,10,20000
87765,10,50000
87766,10,30000
87767,10,40000
87768,10,40000
87769,10,40000
87770,10,5000
87771,10,10000
87772,10,40000
87773,10,20000
87774,10,20000
87775,10,10000
87776,10,40000
87777,10,5000
87778,10,20000
87779,10,10000
87780,10,20000
87781,10,20000
87782,10,20000
87783,10,30000
87784,10,10000
87785,10,0
87786,10,0
87787,10,5000
87788,10,20000
87789,10,0
87790,10,0
87791,10,30000
87792,10,30000
87793,10,50000
87794,10,0
87795,10,50000
87796,10,30000
87797,10,50000
87798,10,10000
87799,10,30000
87800,10,30000
87801,10,0
87802,10,20000
87803,10,30000
87804,10,0
87805,10,50000
87806,10,30000
87807,10,20000
87808,10,20000
87809,10,30000
87810,10,10000
87811,10,5000
87812,10,0
87813,10,10000
87814,10,50000
87815,10,30000
87816,10,20000
87817,10,10000
87818,10,0
87819,10,5000
87820,10,5000
87821,10,30000
87822,10,0
87823,10,0
87824,10,0
87825,10,5000
87826,10,50000
87827,10,20000
87828,10,0
87829,10,30000
87830,10,20000
87831,10,10000
87832,10,20000
87833,10,0
87834,10,0
87835,10,0
87836,10,5000
87837,10,10000
87838,10,30000
87839,10,30000
87840,10,0
87841,10,0
87842,10,40000
87843,10,0
87844,10,10000
87845,10,10000
87846,10,5000
87847,10,0
87848,10,10000
87849,10,0
87850,10,50000
87851,10,0
87852,10,30000
87853,10,30000
87854,10,40000
87855,10,0
87856,10,30000
87857,10,0
87858,10,30000
87859,10,50000
87860,10,0
87861,10,0
87862,10,20000
87863,10,20000
87864,10,30000
87865,10,0
87866,10,30000
87867,10,0
87868,10,20000
87869,10,10000
87870,10,0
87871,10,5000
87872,10,10000
87873,10,50000
87874,10,50000
87875,10,0
87876,10,0
87877,10,20000
87878,10,0
87879,10,50000
87880,10,20000
87881,10,10000
87882,10,5000
87883,10,0
87884,10,30000
87885,10,0
87886,10,20000
87887,10,20000
87888,10,30000
87889,10,20000
87890,10,10000
87891,10,20000
87892,10,20000
87893,10,10000
87894,10,10000
87895,10,5000
87896,10,40000
87897,10,40000
87898,10,40000
87899,10,5000
87900,10,0
87901,10,5000
87902,10,40000
87903,10,50000
87904,10,50000
87905,10,30000
87906,10,30000
87907,10,20000
87908,10,50000
87909,10,5000
87910,10,10000
87911,10,5000
87912,10,10000
87913,10,30000
87914,10,50000
87915,10,5000
87916,10,50000
87917,10,10000
87918,10,30000
87919,10,5000
87920,10,10000
87921,10,20000
87922,10,0
87923,10,0
87924,10,30000
87925,10,10000
87926,10,20000
87927,10,30000
87928,10,0
87929,10,0
87930,10,0
87931,10,0
87932,10,0
87933,10,30000
87934,10,50000
87935,10,50000
87936,10,5000
87937,10,0
87938,10,30000
87939,10,0
87940,10,5000
87941,10,5000
87942,10,30000
87943,10,0
87944,10,50000
87945,10,20000
87946,10,50000
87947,10,50000
87948,10,40000
87949,10,5000
87950,10,50000
87951,10,0
87952,10,20000
87953,10,40000
87954,10,30000
87955,10,0
87956,10,5000
87957,10,30000
87958,10,20000
87959,10,5000
87960,10,0
87961,10,5000
87962,10,20000
87963,10,50000
87964,10,30000
87965,10,0
87966,10,0
87967,10,40000
87968,10,0
87969,10,40000
87970,10,0
87971,10,0
87972,10,0
87973,10,20000
87974,10,0
87975,10,0
87976,10,5000
87977,10,40000
87978,10,0
87979,10,0
87980,10,40000
87981,10,20000
87982,10,5000
87983,10,40000
87984,10,20000
87985,10,30000
87986,10,10000
87987,10,10000
87988,10,50000
87989,10,40000
87990,10,5000
87991,10,10000
87992,10,30000
87993,10,0
87994,10,20000
87995,10,30000
87996,10,0
87997,10,50000
87998,10,30000
87999,10,0
88000,10,0
88001,10,20000
88002,10,30000
88003,10,50000
88004,10,50000
88005,10,10000
88006,10,20000
88007,10,50000
88008,10,10000
88009,10,20000
88010,10,30000
88011,10,50000
88012,10,0
88013,10,20000
88014,10,50000
88015,10,0
88016,10,0
88017,10,50000
88018,10,50000
88019,10,50000
88020,10,40000
88021,10,5000
88022,10,50000
88023,10,0
88024,10,20000
88025,10,50000
88026,10,10000
88027,10,40000
88028,10,30000
88029,10,0
88030,10,30000
88031,10,30000
88032,10,5000
88033,10,30000
88034,10,5000
88035,10,20000
88036,10,20000
88037,10,30000
88038,10,10000
88039,10,0
88040,10,0
88041,10,10000
88042,10,10000
88043,10,50000
88044,10,30000
88045,10,0
88046,10,20000
88047,10,0
88048,10,20000
88049,10,0
88050,10,50000
88051,10,50000
88052,10,0
88053,10,20000
88054,10,0
88055,10,20000
88056,10,0
88057,10,0
88058,10,10000
88059,10,30000
88060,10,0
88061,10,40000
88062,10,20000
88063,10,0
88064,10,5000
88065,10,0
88066,10,40000
88067,10,0
88068,10,40000
88069,10,30000
88070,10,50000
88071,10,0
88072,10,10000
88073,10,50000
88074,10,40000
88075,10,30000
88076,10,40000
88077,10,40000
88078,10,0
88079,10,0
88080,10,30000
88081,10,50000
88082,10,0
88083,10,0
88084,10,0
88085,10,20000
88086,10,0
88087,10,40000
88088,10,20000
88089,10,10000
88090,10,0
88091,10,0
88092,10,0
88093,10,20000
88094,10,5000
88095,10,40000
88096,10,20000
88097,10,0
88098,10,30000
88099,10,50000
88100,10,0
88101,10,40000
88102,10,5000
88103,10,50000
88104,10,30000
88105,10,30000
88106,10,50000
88107,10,10000
88108,10,30000
88109,10,50000
88110,10,0
88111,10,40000
88112,10,50000
88113,10,0
88114,10,5000
88115,10,10000
88116,10,0
88117,10,20000
88118,10,20000
88119,10,10000
88120,10,0
88121,10,50000
88122,10,20000
88123,10,10
88124,10,0
88125,10,0
88126,10,50000
88127,10,20000
88128,10,30000
88129,10,40000
88130,10,5000
88131,10,40000
88132,10,0
88133,10,20000
88134,10,30000
88135,10,0
88136,10,0
88137,10,5000
88138,10,10000
88139,10,30000
88140,10,30000
88141,10,20000
88142,10,5000
88143,10,0
88144,10,0
88145,10,30000
88146,10,30000
88147,10,0
88148,10,0
88149,10,0
88150,10,10000
88151,10,20000
88152,10,30000
88153,10,20000
88154,10,20000
88155,10,0
88156,10,5000
88157,10,40000
88158,10,0
88159,10,50000
88160,10,40000
88161,10,30000
88162,10,40000
88163,10,0
88164,10,0
88165,10,0
88166,10,10000
88167,10,40000
88168,10,20000
88169,10,0
88170,10,5000
88171,10,10000
88172,10,50000
88173,10,30000
88174,10,10000
88175,10,5000
88176,10,10000
88177,10,50000
88178,10,20000
88179,10,5000
88180,10,0
88181,10,20000
88182,10,0
88183,10,5000
88184,10,10000
88185,10,10000
88186,10,50000
88187,10,10000
88188,10,0
88189,10,0
88190,10,0
88191,10,5000
88192,10,0
88193,10,0
88194,10,0
88195,10,0
88196,10,20000
88197,10,5000
88198,10,10000
88199,10,0
88200,10,40000
88201,10,0
88202,10,20000
88203,10,5000
88204,10,30000
88205,10,30000
88206,10,40000
88207,10,0
88208,10,30000
88209,10,20000
88210,10,20000
88211,10,40000
88212,10,10000
88213,10,5000
88214,10,10000
88215,10,10000
88216,10,30000
88217,10,20000
88218,10,0
88219,10,50000
88220,10,50000
88221,10,10000
88222,10,0
88223,10,50000
88224,10,0
88225,10,10000
88226,10,50000
88227,10,50000
88228,10,0
88229,10,50000
88230,10,30000
88231,10,30000
88232,10,50000
88233,10,30000
88234,10,0
88235,10,20000
88236,10,0
88237,10,40000
88238,10,0
88239,10,10000
88240,10,20000
88241,10,0
88242,10,20000
88243,10,20000
88244,10,30000
88245,10,10000
88246,10,30000
88247,10,30000
88248,10,0
88249,10,30000
88250,10,50000
88251,10,10000
88252,10,5000
88253,10,0
88254,10,10000
88255,10,20000
88256,10,0
88257,10,30000
88258,10,40000
88259,10,0
88260,10,30000
88261,10,20000
88262,10,0
88263,10,0
88264,10,0
88265,10,30000
88266,10,40000
88267,10,20000
88268,10,30000
88269,10,0
88270,10,30000
88271,10,5000
88272,10,10000
88273,10,5000
88274,10,40000
88275,10,40000
88276,10,50000
88277,10,20000
88278,10,40000
88279,10,0
88280,10,10000
88281,10,0
88282,10,10000
88283,10,5000
88284,10,0
88285,10,0
88286,10,5000
88287,10,0
88288,10,30000
88289,10,0
88290,10,20000
88291,10,10000
88292,10,40000
88293,10,10000
88294,10,40000
88295,10,30000
88296,10,20000
88297,10,0
88298,10,20000
88299,10,0
88300,10,20000
88301,10,0
88302,10,40000
88303,10,50000
88304,10,50000
88305,10,40000
88306,10,50000
88307,10,20000
88308,10,30000
88309,10,10000
88310,10,50000
88311,10,50000
88312,10,40000
88313,10,50000
88314,10,20000
88315,10,30000
88316,10,50000
88317,10,0
88318,10,0
88319,10,30000
88320,10,30000
88321,10,0
88322,10,10
88323,10,20000
88324,10,0
88325,10,10000
88326,10,0
88327,10,5000
88328,10,0
88329,10,5000
88330,10,0
88331,10,0
88332,10,0
88333,10,20000
88334,10,30000
88335,10,50000
88336,10,50000
88337,10,10000
88338,10,30000
88339,10,20000
88340,10,0
88341,10,0
88342,10,0
88343,10,10000
88344,10,20000
88345,10,0
88346,10,30000
88347,10,50000
88348,10,5000
88349,10,10000
88350,10,10000
88351,10,10000
88352,10,50000
88353,10,20000
88354,10,5000
88355,10,5000
88356,10,0
88357,10,30000
88358,10,20000
88359,10,5000
88360,10,5000
88361,10,20000
88362,10,20000
88363,10,0
88364,10,40000
88365,10,20000
88366,10,40000
88367,10,40000
88368,10,40000
88369,10,0
88370,10,0
88371,10,10000
88372,10,0
88373,10,50000
88374,10,20000
88375,10,0
88376,10,30000
88377,10,20000
88378,10,0
88379,10,20000
88380,10,20000
88381,10,0
88382,10,50000
88383,10,30000
88384,10,20000
88385,10,5000
88386,10,10000
88387,10,10000
88388,10,0
88389,10,0
88390,10,5000
88391,10,0
88392,10,5000
88393,10,0
88394,10,30000
88395,10,40000
88396,10,5000
88397,10,30000
88398,10,0
88399,10,10000
88400,10,0
88401,10,0
88402,10,30000
88403,10,5000
88404,10,5000
88405,10,20000
88406,10,0
88407,10,20000
88408,10,20000
88409,10,5000
88410,10,0
88411,10,20000
88412,10,50000
88413,10,0
88414,10,5000
88415,10,10000
88416,10,20000
88417,10,40000
88418,10,0
88419,10,0
88420,10,40000
88421,10,0
88422,10,10
88423,10,20000
88424,10,5000
88425,10,0
88426,10,0
88427,10,30000
88428,10,10000
88429,10,10000
88430,10,0
88431,10,5000
88432,10,0
88433,10,0
88434,10,5000
88435,10,20000
88436,10,0
88437,10,40000
88438,10,50000
88439,10,0
88440,10,0
88441,10,40000
88442,10,0
88443,10,5000
88444,10,20000
88445,10,0
88446,10,0
88447,10,5000
88448,10,20000
88449,10,20000
88450,10,0
88451,10,10000
88452,10,0
88453,10,30000
88454,10,0
88455,10,40000
88456,10,0
88457,10,10000
88458,10,50000
88459,10,10000
88460,10,50000
88461,10,50000
88462,10,10000
88463,10,40000
88464,10,50000
88465,10,30000
88466,10,10000
88467,10,0
88468,10,30000
88469,10,30000
88470,10,50000
88471,10,0
88472,10,0
88473,10,30000
88474,10,0
88475,10,0
88476,10,10000
88477,10,20000
88478,10,40000
88479,10,0
88480,10,0
88481,10,0
88482,10,0
88483,10,0
88484,10,5000
88485,10,0
88486,10,30000
88487,10,0
88488,10,50000
88489,10,20000
88490,10,10000
88491,10,40000
88492,10,0
88493,10,50000
88494,10,0
88495,10,20000
88496,10,50000
88497,10,20000
88498,10,50000
88499,10,10000
88500,10,30000
88501,10,40000
88502,10,0
88503,10,30000
88504,10,10000
88505,10,10000
88506,10,0
88507,10,0
88508,10,30000
88509,10,30000
88510,10,40000
88511,10,50000
88512,10,20000
88513,10,50000
88514,10,0
88515,10,0
88516,10,30000
88517,10,40000
88518,10,5000
88519,10,10000
88520,10,0
88521,10,20000
88522,10,0
88523,10,10000
88524,10,50000
88525,10,0
88526,10,5000
88527,10,20000
88528,10,0
88529,10,0
88530,10,0
88531,10,10000
88532,10,10000
88533,10,0
88534,10,30000
88535,10,50000
88536,10,30000
88537,10,5000
88538,10,0
88539,10,50000
88540,10,50000
88541,10,5000
88542,10,10000
88543,10,10000
88544,10,10000
88545,10,0
88546,10,5000
88547,10,0
88548,10,5000
88549,10,0
88550,10,0
88551,10,0
88552,10,50000
88553,10,5000
88554,10,30000
88555,10,30000
88556,10,20000
88557,10,40000
88558,10,0
88559,10,10000
88560,10,40000
88561,10,5000
88562,10,5000
88563,10,10000
88564,10,0
88565,10,30000
88566,10,30000
88567,10,0
88568,10,0
88569,10,0
88570,10,20000
88571,10,20000
88572,10,0
88573,10,50000
88574,10,5000
88575,10,0
88576,10,0
88577,10,0
88578,10,50000
88579,10,20000
88580,10,10000
88581,10,0
88582,10,0
88583,10,50000
88584,10,0
88585,10,30000
88586,10,20000
88587,10,0
88588,10,20000
88589,10,50000
88590,10,40000
88591,10,30000
88592,10,10000
88593,10,20000
88594,10,30000
88595,10,40000
88596,10,20000
88597,10,40000
88598,10,40000
88599,10,50000
88600,10,0
88601,10,20000
88602,10,5000
88603,10,0
88604,10,0
88605,10,40000
88606,10,0
88607,10,0
88608,10,0
88609,10,40000
88610,10,30000
88611,10,0
88612,10,30000
88613,10,20000
88614,10,30000
88615,10,30000
88616,10,0
88617,10,50000
88618,10,5000
88619,10,0
88620,10,30000
88621,10,20000
88622,10,5000
88623,10,20000
88624,10,10000
88625,10,20000
88626,10,50000
88627,10,0
88628,10,30000
88629,10,0
88630,10,30000
88631,10,10000
88632,10,0
88633,10,20000
88634,10,20000
88635,10,20000
88636,10,20000
88637,10,30000
88638,10,50000
88639,10,40000
88640,10,10000
88641,10,50000
88642,10,40000
88643,10,5000
88644,10,0
88645,10,0
88646,10,0
88647,10,50000
88648,10,40000
88649,10,50000
88650,10,50000
88651,10,0
88652,10,0
88653,10,0
88654,10,10000
88655,10,40000
88656,10,0
88657,10,20000
88658,10,40000
88659,10,0
88660,10,5000
88661,10,20000
88662,10,30000
88663,10,10000
88664,10,40000
88665,10,20000
88666,10,50000
88667,10,40000
88668,10,0
88669,10,0
88670,10,20000
88671,10,0
88672,10,10000
88673,10,50000
88674,10,30000
88675,10,5000
88676,10,20000
88677,10,50000
88678,10,10000
88679,10,30000
88680,10,50000
88681,10,40000
88682,10,0
88683,10,0
88684,10,0
88685,10,0
88686,10,0
88687,10,50000
88688,10,10000
88689,10,20000
88690,10,40000
88691,10,10000
88692,10,30000
88693,10,0
88694,10,20000
88695,10,30000
88696,10,0
88697,10,10000
88698,10,0
88699,10,10000
88700,10,40000
88701,10,0
88702,10,0
88703,10,20000
88704,10,20000
88705,10,0
88706,10,20000
88707,10,20000
88708,10,5000
88709,10,0
88710,10,0
88711,10,30000
88712,10,50000
88713,10,40000
88714,10,0
88715,10,0
88716,10,40000
88717,10,20000
88718,10,5000
88719,10,20000
88720,10,0
88721,10,5000
88722,10,50000
88723,10,20000
88724,10,30000
88725,10,5000
88726,10,5000
88727,10,20000
88728,10,20000
88729,10,20000
88730,10,10000
88731,10,30000
88732,10,0
88733,10,40000
88734,10,0
88735,10,50000
88736,10,30000
88737,10,30000
88738,10,0
88739,10,30000
88740,10,40000
88741,10,30000
88742,10,30000
88743,10,40000
88744,10,50000
88745,10,50000
88746,10,10000
88747,10,20000
88748,10,40000
88749,10,40000
88750,10,30000
88751,10,40000
88752,10,20000
88753,10,40000
88754,10,5000
88755,10,5000
88756,10,20000
88757,10,50000
88758,10,0
88759,10,40000
88760,10,10000
88761,10,10000
88762,10,0
88763,10,20000
88764,10,0
88765,10,20000
88766,10,5000
88767,10,20000
88768,10,0
88769,10,5000
88770,10,50000
88771,10,40000
88772,10,50000
88773,10,10000
88774,10,50000
88775,10,10000
88776,10,30000
88777,10,10000
88778,10,10000
88779,10,30000
88780,10,0
88781,10,50000
88782,10,10000
88783,10,5000
88784,10,20000
88785,10,0
88786,10,30000
88787,10,20000
88788,10,0
88789,10,30000
88790,10,0
88791,10,30000
88792,10,50000
88793,10,20000
88794,10,5000
88795,10,10000
88796,10,20000
88797,10,0
88798,10,20000
88799,10,0
88800,10,0
88801,10,50000
88802,10,0
88803,10,50000
88804,10,5000
88805,10,10000
88806,10,40000
88807,10,0
88808,10,0
88809,10,30000
88810,10,40000
88811,10,30000
88812,10,0
88813,10,30000
88814,10,40000
88815,10,5000
88816,10,5000
88817,10,20000
88818,10,20000
88819,10,20000
88820,10,0
88821,10,20000
88822,10,10000
88823,10,0
88824,10,30000
88825,10,0
88826,10,20000
88827,10,10000
88828,10,50000
88829,10,30000
88830,10,20000
88831,10,50000
88832,10,5000
88833,10,10000
88834,10,30000
88835,10,10000
88836,10,0
88837,10,0
88838,10,10000
88839,10,20000
88840,10,0
88841,10,5000
88842,10,5000
88843,10,20000
88844,10,30000
88845,10,10000
88846,10,10000
88847,10,50000
88848,10,50000
88849,10,10
88850,10,20000
88851,10,0
88852,10,10000
88853,10,40000
88854,10,40000
88855,10,30000
88856,10,0
88857,10,50000
88858,10,50000
88859,10,0
88860,10,30000
88861,10,20000
88862,10,0
88863,10,10000
88864,10,5000
88865,10,30000
88866,10,0
88867,10,30000
88868,10,40000
88869,10,40000
88870,10,40000
88871,10,5000
88872,10,10000
88873,10,0
88874,10,50000
88875,10,50000
88876,10,50000
88877,10,0
88878,10,10000
88879,10,0
88880,10,5000
88881,10,0
88882,10,20000
88883,10,40000
88884,10,50000
88885,10,5000
88886,10,30000
88887,10,20000
88888,10,5000
88889,10,5000
88890,10,5000
88891,10,50000
88892,10,20000
88893,10,0
88894,10,10000
88895,10,20000
88896,10,0
88897,10,10000
88898,10,50000
88899,10,0
88900,10,0
88901,10,50000
88902,10,30000
88903,10,30000
88904,10,10000
88905,10,20000
88906,10,0
88907,10,0
88908,10,0
88909,10,30000
88910,10,0
88911,10,30000
88912,10,5000
88913,10,20000
88914,10,0
88915,10,20000
88916,10,10000
88917,10,40000
88918,10,20000
88919,10,50000
88920,10,10000
88921,10,0
88922,10,10
88923,10,0
88924,10,40000
88925,10,10000
88926,10,0
88927,10,30000
88928,10,20000
88929,10,0
88930,10,5000
88931,10,5000
88932,10,10000
88933,10,0
88934,10,30000
88935,10,50000
88936,10,10000
88937,10,0
88938,10,40000
88939,10,20000
88940,10,50000
88941,10,30000
88942,10,0
88943,10,30000
88944,10,20000
88945,10,0
88946,10,40000
88947,10,0
88948,10,5000
88949,10,0
88950,10,0
88951,10,30000
88952,10,50000
88953,10,0
88954,10,5000
88955,10,20000
88956,10,30000
88957,10,0
88958,10,50000
88959,10,0
88960,10,20000
88961,10,0
88962,10,0
88963,10,30000
88964,10,0
88965,10,50000
88966,10,20000
88967,10,50000
88968,10,20000
88969,10,5000
88970,10,40000
88971,10,0
88972,10,0
88973,10,50000
88974,10,40000
88975,10,20000
88976,10,0
88977,10,5000
88978,10,30000
88979,10,50000
88980,10,0
88981,10,30000
88982,10,50000
88983,10,10000
88984,10,0
88985,10,30000
88986,10,5000
88987,10,20000
88988,10,0
88989,10,0
88990,10,50000
88991,10,10000
88992,10,50000
88993,10,20000
88994,10,5000
88995,10,30000
88996,10,50000
88997,10,0
88998,10,30000
88999,10,0
89000,10,20000
89001,10,50000
89002,10,20000
89003,10,10000
89004,10,20000
89005,10,50000
89006,10,5000
89007,10,0
89008,10,40000
89009,10,5000
89010,10,20000
89011,10,40000
89012,10,10000
89013,10,50000
89014,10,40000
89015,10,50000
89016,10,40000
89017,10,0
89018,10,20000
89019,10,5000
89020,10,5000
89021,10,0
89022,10,0
89023,10,40000
89024,10,0
89025,10,20000
89026,10,40000
89027,10,0
89028,10,20000
89029,10,10000
89030,10,0
89031,10,0
89032,10,40000
89033,10,40000
89034,10,10000
89035,10,40000
89036,10,50000
89037,10,10000
89038,10,30000
89039,10,20000
89040,10,50000
89041,10,10000
89042,10,20000
89043,10,50000
89044,10,10000
89045,10,10000
89046,10,30000
89047,10,0
89048,10,10000
89049,10,30000
89050,10,20000
89051,10,10000
89052,10,30000
89053,10,0
89054,10,0
89055,10,0
89056,10,0
89057,10,40000
89058,10,0
89059,10,40000
89060,10,40000
89061,10,20000
89062,10,0
89063,10,40000
89064,10,5000
89065,10,30000
89066,10,0
89067,10,0
89068,10,10000
89069,10,30000
89070,10,0
89071,10,20000
89072,10,0
89073,10,20000
89074,10,0
89075,10,50000
89076,10,30000
89077,10,20000
89078,10,20000
89079,10,0
89080,10,20000
89081,10,0
89082,10,30000
89083,10,0
89084,10,20000
89085,10,0
89086,10,20000
89087,10,50000
89088,10,30000
89089,10,50000
89090,10,0
89091,10,0
89092,10,10000
89093,10,20000
89094,10,40000
89095,10,0
89096,10,0
89097,10,0
89098,10,50000
89099,10,0
89100,10,0
89101,10,20000
89102,10,40000
89103,10,10000
89104,10,50000
89105,10,0
89106,10,50000
89107,10,0
89108,10,50000
89109,10,5000
89110,10,20000
89111,10,10000
89112,10,0
89113,10,0
89114,10,20000
89115,10,0
89116,10,40000
89117,10,20000
89118,10,0
89119,10,10000
89120,10,0
89121,10,0
89122,10,20000
89123,10,5000
89124,10,50000
89125,10,20000
89126,10,10000
89127,10,40000
89128,10,0
89129,10,10000
89130,10,5000
89131,10,30000
89132,10,5000
89133,10,10000
89134,10,50000
89135,10,5000
89136,10,40000
89137,10,0
89138,10,10000
89139,10,0
89140,10,0
89141,10,0
89142,10,40000
89143,10,50000
89144,10,20000
89145,10,40000
89146,10,10000
89147,10,0
89148,10,10000
89149,10,30000
89150,10,40000
89151,10,0
89152,10,50000
89153,10,50000
89154,10,0
89155,10,0
89156,10,0
89157,10,0
89158,10,30000
89159,10,0
89160,10,40000
89161,10,40000
89162,10,40000
89163,10,20000
89164,10,20000
89165,10,40000
89166,10,50000
89167,10,40000
89168,10,50000
89169,10,5000
89170,10,0
89171,10,40000
89172,10,30000
89173,10,30000
89174,10,50000
89175,10,0
89176,10,50000
89177,10,5000
89178,10,0
89179,10,0
89180,10,0
89181,10,50000
89182,10,0
89183,10,0
89184,10,10000
89185,10,5000
89186,10,10000
89187,10,0
89188,10,50000
89189,10,0
89190,10,20000
89191,10,30000
89192,10,10000
89193,10,0
89194,10,50000
89195,10,40000
89196,10,40000
89197,10,0
89198,10,0
89199,10,10000
89200,10,0
89201,10,0
89202,10,0
89203,10,0
89204,10,20000
89205,10,10000
89206,10,5000
89207,10,40000
89208,10,10000
89209,10,30000
89210,10,30000
89211,10,10000
89212,10,0
89213,10,5000
89214,10,20000
89215,10,10000
89216,10,20000
89217,10,0
89218,10,0
89219,10,0
89220,10,50000
89221,10,0
89222,10,5000
89223,10,10000
89224,10,0
89225,10,20000
89226,10,10000
89227,10,10000
89228,10,40000
89229,10,10000
89230,10,5000
89231,10,40000
89232,10,0
89233,10,5000
89234,10,30000
89235,10,20000
89236,10,10000
89237,10,0
89238,10,20000
89239,10,0
89240,10,20000
89241,10,0
89242,10,40000
89243,10,20000
89244,10,50000
89245,10,0
89246,10,0
89247,10,5000
89248,10,10000
89249,10,10000
89250,10,10000
89251,10,30000
89252,10,50000
89253,10,20000
89254,10,40000
89255,10,0
89256,10,0
89257,10,0
89258,10,0
89259,10,40000
89260,10,20000
89261,10,20000
89262,10,5000
89263,10,0
89264,10,10000
89265,10,50000
89266,10,40000
89267,10,0
89268,10,5000
89269,10,0
89270,10,0
89271,10,40000
89272,10,40000
89273,10,0
89274,10,40000
89275,10,50000
89276,10,5000
89277,10,5000
89278,10,0
89279,10,5000
89280,10,30000
89281,10,50000
89282,10,5000
89283,10,10000
89284,10,0
89285,10,40000
89286,10,0
89287,10,20000
89288,10,0
89289,10,10000
89290,10,40000
89291,10,20000
89292,10,20000
89293,10,10000
89294,10,30000
89295,10,0
89296,10,20000
89297,10,50000
89298,10,0
89299,10,40000
89300,10,50000
89301,10,50000
89302,10,0
89303,10,0
89304,10,0
89305,10,0
89306,10,30000
89307,10,10000
89308,10,0
89309,10,10000
89310,10,0
89311,10,5000
89312,10,50000
89313,10,10000
89314,10,10000
89315,10,0
89316,10,50000
89317,10,50000
89318,10,0
89319,10,0
89320,10,30000
89321,10,0
89322,10,40000
89323,10,30000
89324,10,50000
89325,10,10000
89326,10,0
89327,10,0
89328,10,30000
89329,10,20000
89330,10,50000
89331,10,20000
89332,10,50000
89333,10,0
89334,10,10000
89335,10,30000
89336,10,40000
89337,10,0
89338,10,0
89339,10,40000
89340,10,5000
89341,10,50000
89342,10,0
89343,10,20000
89344,10,50000
89345,10,0
89346,10,30000
89347,10,0
89348,10,30000
89349,10,40000
89350,10,0
89351,10,10000
89352,10,50000
89353,10,10000
89354,10,0
89355,10,50000
89356,10,40000
89357,10,20000
89358,10,30000
89359,10,5000
89360,10,50000
89361,10,30000
89362,10,20000
89363,10,50000
89364,10,0
89365,10,50000
89366,10,30000
89367,10,0
89368,10,20000
89369,10,0
89370,10,0
89371,10,0
89372,10,30000
89373,10,30000
89374,10,40000
89375,10,50000
89376,10,50000
89377,10,30000
89378,10,30000
89379,10,0
89380,10,30000
89381,10,10000
89382,10,0
89383,10,30000
89384,10,40000
89385,10,10000
89386,10,0
89387,10,50000
89388,10,0
89389,10,50000
89390,10,30000
89391,10,30000
89392,10,40000
89393,10,40000
89394,10,30000
89395,10,10000
89396,10,40000
89397,10,0
89398,10,20000
89399,10,40000
89400,10,0
89401,10,20000
89402,10,40000
89403,10,40000
89404,10,40000
89405,10,20000
89406,10,50000
89407,10,40000
89408,10,0
89409,10,20000
89410,10,50000
89411,10,0
89412,10,30000
89413,10,5000
89414,10,40000
89415,10,5000
89416,10,30000
89417,10,20000
89418,10,40000
89419,10,50000
89420,10,0
89421,10,5000
89422,10,20000
89423,10,20000
89424,10,30000
89425,10,30000
89426,10,30000
89427,10,0
89428,10,30000
89429,10,5000
89430,10,0
89431,10,10000
89432,10,0
89433,10,30000
89434,10,5000
89435,10,30000
89436,10,30000
89437,10,0
89438,10,30000
89439,10,20000
89440,10,20000
89441,10,20000
89442,10,0
89443,10,20000
89444,10,50000
89445,10,5000
89446,10,5000
89447,10,30000
89448,10,40000
89449,10,50000
89450,10,30000
89451,10,0
89452,10,10000
89453,10,30000
89454,10,5000
89455,10,30000
89456,10,20000
89457,10,10000
89458,10,50000
89459,10,5000
89460,10,0
89461,10,30000
89462,10,0
89463,10,0
89464,10,5000
89465,10,0
89466,10,30000
89467,10,40000
89468,10,5000
89469,10,50000
89470,10,10000
89471,10,0
89472,10,20000
89473,10,5000
89474,10,20000
89475,10,20000
89476,10,0
89477,10,0
89478,10,20000
89479,10,30000
89480,10,50000
89481,10,5000
89482,10,10000
89483,10,30000
89484,10,30000
89485,10,30000
89486,10,0
89487,10,50000
89488,10,50000
89489,10,40000
89490,10,30000
89491,10,20000
89492,10,5000
89493,10,30000
89494,10,10000
89495,10,20000
89496,10,5000
89497,10,10000
89498,10,50000
89499,10,0
89500,10,30000
89501,10,0
89502,10,50000
89503,10,5000
89504,10,0
89505,10,10000
89506,10,0
89507,10,0
89508,10,20000
89509,10,0
89510,10,20000
89511,10,0
89512,10,50000
89513,10,30000
89514,10,20000
89515,10,40000
89516,10,5000
89517,10,5000
89518,10,10000
89519,10,5000
89520,10,40000
89521,10,0
89522,10,40000
89523,10,30000
89524,10,5000
89525,10,5000
89526,10,30000
89527,10,30000
89528,10,0
89529,10,20000
89530,10,30000
89531,10,30000
89532,10,40000
89533,10,20000
89534,10,50000
89535,10,40000
89536,10,30000
89537,10,30000
89538,10,50000
89539,10,30000
89540,10,10000
89541,10,0
89542,10,5000
89543,10,30000
89544,10,40000
89545,10,40000
89546,10,0
89547,10,10000
89548,10,30000
89549,10,10000
89550,10,5000
89551,10,20000
89552,10,50000
89553,10,5000
89554,10,10000
89555,10,5000
89556,10,0
89557,10,0
89558,10,5000
89559,10,10000
89560,10,30000
89561,10,30000
89562,10,30000
89563,10,30000
89564,10,10000
89565,10,0
89566,10,5000
89567,10,0
89568,10,40000
89569,10,20000
89570,10,30000
89571,10,50000
89572,10,0
89573,10,50000
89574,10,20000
89575,10,30000
89576,10,0
89577,10,10000
89578,10,30000
89579,10,50000
89580,10,0
89581,10,50000
89582,10,40000
89583,10,0
89584,10,10000
89585,10,20000
89586,10,30000
89587,10,40000
89588,10,50000
89589,10,20000
89590,10,30000
89591,10,20000
89592,10,20000
89593,10,50000
89594,10,50000
89595,10,10000
89596,10,50000
89597,10,40000
89598,10,50000
89599,10,5000
89600,10,50000
89601,10,0
89602,10,0
89603,10,0
89604,10,30000
89605,10,0
89606,10,40000
89607,10,20000
89608,10,50000
89609,10,30000
89610,10,30000
89611,10,10000
89612,10,5000
89613,10,30000
89614,10,0
89615,10,30000
89616,10,10000
89617,10,10000
89618,10,50000
89619,10,30000
89620,10,0
89621,10,30000
89622,10,20000
89623,10,0
89624,10,5000
89625,10,0
89626,10,50000
89627,10,40000
89628,10,10000
89629,10,50000
89630,10,30000
89631,10,50000
89632,10,0
89633,10,50000
89634,10,10
89635,10,10000
89636,10,30000
89637,10,10000
89638,10,0
89639,10,20000
89640,10,50000
89641,10,5000
89642,10,0
89643,10,10000
89644,10,20000
89645,10,10000
89646,10,5000
89647,10,20000
89648,10,50000
89649,10,50000
89650,10,0
89651,10,30000
89652,10,0
89653,10,50000
89654,10,10000
89655,10,10000
89656,10,40000
89657,10,40000
89658,10,10000
89659,10,20000
89660,10,30000
89661,10,20000
89662,10,20000
89663,10,10000
89664,10,30000
89665,10,50000
89666,10,30000
89667,10,5000
89668,10,10000
89669,10,30000
89670,10,30000
89671,10,40000
89672,10,10000
89673,10,0
89674,10,40000
89675,10,10000
89676,10,0
89677,10,10000
89678,10,30000
89679,10,10000
89680,10,0
89681,10,30000
89682,10,10000
89683,10,20000
89684,10,0
89685,10,50000
89686,10,5000
89687,10,5000
89688,10,10000
89689,10,50000
89690,10,0
89691,10,30000
89692,10,30000
89693,10,40000
89694,10,30000
89695,10,50000
89696,10,50000
89697,10,10
89698,10,50000
89699,10,10000
89700,10,20000
89701,10,0
89702,10,30000
89703,10,30000
89704,10,50000
89705,10,5000
89706,10,10000
89707,10,5000
89708,10,20000
89709,10,40000
89710,10,10000
89711,10,0
89712,10,5000
89713,10,0
89714,10,0
89715,10,30000
89716,10,40000
89717,10,0
89718,10,30000
89719,10,10000
89720,10,0
89721,10,10000
89722,10,20000
89723,10,0
89724,10,0
89725,10,0
89726,10,20000
89727,10,10000
89728,10,10000
89729,10,40000
89730,10,0
89731,10,10000
89732,10,30000
89733,10,5000
89734,10,0
89735,10,10000
89736,10,30000
89737,10,50000
89738,10,0
89739,10,10000
89740,10,0
89741,10,0
89742,10,5000
89743,10,10000
89744,10,30000
89745,10,50000
89746,10,20000
89747,10,5000
89748,10,30000
89749,10,40000
89750,10,5000
89751,10,50000
89752,10,50000
89753,10,0
89754,10,10000
89755,10,20000
89756,10,5000
89757,10,20000
89758,10,0
89759,10,40000
89760,10,20000
89761,10,50000
89762,10,10000
89763,10,0
89764,10,0
89765,10,10000
89766,10,20000
89767,10,0
89768,10,50000
89769,10,0
89770,10,40000
89771,10,50000
89772,10,20000
89773,10,5000
89774,10,20000
89775,10,20000
89776,10,0
89777,10,30000
89778,10,0
89779,10,10000
89780,10,40000
89781,10,5000
89782,10,20000
89783,10,40000
89784,10,0
89785,10,5000
89786,10,40000
89787,10,20000
89788,10,20000
89789,10,50000
89790,10,0
89791,10,30000
89792,10,0
89793,10,10000
89794,10,0
89795,10,50000
89796,10,40000
89797,10,30000
89798,10,10000
89799,10,5000
89800,10,0
89801,10,40000
89802,10,10000
89803,10,20000
89804,10,30000
89805,10,30000
89806,10,20000
89807,10,20000
89808,10,20000
89809,10,30000
89810,10,40000
89811,10,50000
89812,10,50000
89813,10,30000
89814,10,5000
89815,10,0
89816,10,50000
89817,10,30000
89818,10,0
89819,10,0
89820,10,50000
89821,10,0
89822,10,0
89823,10,30000
89824,10,20000
89825,10,0
89826,10,50000
89827,10,20000
89828,10,40000
89829,10,5000
89830,10,40000
89831,10,0
89832,10,0
89833,10,0
89834,10,20000
89835,10,20000
89836,10,50000
89837,10,30000
89838,10,50000
89839,10,0
89840,10,0
89841,10,5000
89842,10,5000
89843,10,40000
89844,10,0
89845,10,50000
89846,10,0
89847,10,20000
89848,10,20000
89849,10,30000
89850,10,0
89851,10,0
89852,10,10000
89853,10,30000
89854,10,30000
89855,10,40000
89856,10,0
89857,10,30000
89858,10,5000
89859,10,50000
89860,10,50000
89861,10,0
89862,10,0
89863,10,0
89864,10,30000
89865,10,40000
89866,10,30000
89867,10,10000
89868,10,50000
89869,10,20000
89870,10,50000
89871,10,50000
89872,10,30000
89873,10,0
89874,10,10000
89875,10,10000
89876,10,40000
89877,10,30000
89878,10,0
89879,10,5000
89880,10,40000
89881,10,30000
89882,10,30000
89883,10,0
89884,10,0
89885,10,5000
89886,10,5000
89887,10,5000
89888,10,20000
89889,10,30000
89890,10,10000
89891,10,50000
89892,10,0
89893,10,0
89894,10,0
89895,10,30000
89896,10,30000
89897,10,40000
89898,10,0
89899,10,40000
89900,10,0
89901,10,50000
89902,10,0
89903,10,40000
89904,10,5000
89905,10,0
89906,10,20000
89907,10,0
89908,10,0
89909,10,0
89910,10,0
89911,10,5000
89912,10,40000
89913,10,0
89914,10,20000
89915,10,0
89916,10,10000
89917,10,30000
89918,10,0
89919,10,0
89920,10,30000
89921,10,30000
89922,10,5000
89923,10,40000
89924,10,50000
89925,10,5000
89926,10,0
89927,10,10000
89928,10,20000
89929,10,10000
89930,10,20000
89931,10,20000
89932,10,0
89933,10,10000
89934,10,10000
89935,10,30000
89936,10,0
89937,10,10000
89938,10,0
89939,10,20000
89940,10,30000
89941,10,40000
89942,10,10000
89943,10,40000
89944,10,10000
89945,10,40000
89946,10,30000
89947,10,20000
89948,10,10000
89949,10,0
89950,10,20000
89951,10,50000
89952,10,50000
89953,10,10000
89954,10,0
89955,10,0
89956,10,30000
89957,10,0
89958,10,0
89959,10,10000
89960,10,20000
89961,10,20000
89962,10,30000
89963,10,5000
89964,10,20000
89965,10,40000
89966,10,30000
89967,10,20000
89968,10,20000
89969,10,30000
89970,10,5000
89971,10,0
89972,10,10000
89973,10,40000
89974,10,0
89975,10,20000
89976,10,5000
89977,10,40000
89978,10,40000
89979,10,0
89980,10,0
89981,10,0
89982,10,20000
89983,10,0
89984,10,0
89985,10,0
89986,10,0
89987,10,0
89988,10,20000
89989,10,20000
89990,10,30000
89991,10,20000
89992,10,0
89993,10,30000
89994,10,10000
89995,10,40000
89996,10,40000
89997,10,0
89998,10,40000
89999,10,20000
90000,10,50000
90001,10,0
90002,10,40000
90003,10,0
90004,10,0
90005,10,50000
90006,10,10000
90007,10,30000
90008,10,40000
90009,10,5000
90010,10,30000
90011,10,50000
90012,10,5000
90013,10,0
90014,10,30000
90015,10,10000
90016,10,20000
90017,10,0
90018,10,5000
90019,10,0
90020,10,40000
90021,10,5000
90022,10,5000
90023,10,30000
90024,10,0
90025,10,0
90026,10,0
90027,10,20000
90028,10,30000
90029,10,20000
90030,10,40000
90031,10,10000
90032,10,20000
90033,10,5000
90034,10,0
90035,10,20000
90036,10,50000
90037,10,0
90038,10,30000
90039,10,0
90040,10,50000
90041,10,30000
90042,10,0
90043,10,30000
90044,10,20000
90045,10,10000
90046,10,20000
90047,10,40000
90048,10,0
90049,10,0
90050,10,20000
90051,10,10000
90052,10,40000
90053,10,0
90054,10,5000
90055,10,20000
90056,10,0
90057,10,5000
90058,10,20000
90059,10,5000
90060,10,5000
90061,10,40000
90062,10,10000
90063,10,20000
90064,10,0
90065,10,0
90066,10,5000
90067,10,30000
90068,10,50000
90069,10,50000
90070,10,50000
90071,10,10000
90072,10,5000
90073,10,5000
90074,10,30000
90075,10,5000
90076,10,20000
90077,10,10000
90078,10,5000
90079,10,50000
90080,10,0
90081,10,0
90082,10,30000
90083,10,0
90084,10,30000
90085,10,0
90086,10,0
90087,10,10000
90088,10,30000
90089,10,20000
90090,10,0
90091,10,5000
90092,10,5000
90093,10,30000
90094,10,0
90095,10,5000
90096,10,0
90097,10,0
90098,10,10000
90099,10,20000
90100,10,50000
90101,10,50000
90102,10,5000
90103,10,0
90104,10,50000
90105,10,50000
90106,10,0
90107,10,30000
90108,10,40000
90109,10,20000
90110,10,20000
90111,10,20000
90112,10,40000
90113,10,5000
90114,10,10000
90115,10,10000
90116,10,30000
90117,10,50000
90118,10,20000
90119,10,10000
90120,10,5000
90121,10,0
90122,10,30000
90123,10,50000
90124,10,20000
90125,10,20000
90126,10,40000
90127,10,20000
90128,10,0
90129,10,50000
90130,10,5000
90131,10,0
90132,10,0
90133,10,0
90134,10,30000
90135,10,0
90136,10,0
90137,10,0
90138,10,20000
90139,10,5000
90140,10,50000
90141,10,40000
90142,10,5000
90143,10,5000
90144,10,50000
90145,10,50000
90146,10,0
90147,10,0
90148,10,30000
90149,10,20000
90150,10,20000
90151,10,40000
90152,10,5000
90153,10,10000
90154,10,0
90155,10,0
90156,10,20000
90157,10,0
90158,10,0
90159,10,30000
90160,10,20000
90161,10,0
90162,10,40000
90163,10,5000
90164,10,5000
90165,10,50000
90166,10,30000
90167,10,10000
90168,10,0
90169,10,5000
90170,10,5000
90171,10,5000
90172,10,5000
90173,10,20000
90174,10,0
90175,10,20000
90176,10,50000
90177,10,5000
90178,10,0
90179,10,40000
90180,10,0
90181,10,5000
90182,10,10000
90183,10,20000
90184,10,0
90185,10,0
90186,10,30000
90187,10,50000
90188,10,50000
90189,10,5000
90190,10,10000
90191,10,10000
90192,10,50000
90193,10,30000
90194,10,0
90195,10,0
90196,10,10000
90197,10,0
90198,10,20000
90199,10,5000
90200,10,10
90201,10,30000
90202,10,0
90203,10,50000
90204,10,20000
90205,10,10000
90206,10,20000
90207,10,20000
90208,10,10000
90209,10,0
90210,10,50000
90211,10,40000
90212,10,0
90213,10,50000
90214,10,0
90215,10,20000
90216,10,5000
90217,10,20000
90218,10,30000
90219,10,0
90220,10,0
90221,10,30000
90222,10,30000
90223,10,50000
90224,10,50000
90225,10,40000
90226,10,30000
90227,10,0
90228,10,0
90229,10,0
90230,10,20000
90231,10,5000
90232,10,0
90233,10,10000
90234,10,50000
90235,10,0
90236,10,0
90237,10,5000
90238,10,10000
90239,10,10000
90240,10,40000
90241,10,30000
90242,10,30000
90243,10,30000
90244,10,50000
90245,10,0
90246,10,5000
90247,10,10000
90248,10,50000
90249,10,0
90250,10,10000
90251,10,40000
90252,10,10000
90253,10,0
90254,10,10000
90255,10,0
90256,10,0
90257,10,0
90258,10,20000
90259,10,40000
90260,10,0
90261,10,0
90262,10,10000
90263,10,10
90264,10,50000
90265,10,0
90266,10,30000
90267,10,50000
90268,10,10000
90269,10,10000
90270,10,50000
90271,10,0
90272,10,20000
90273,10,50000
90274,10,20000
90275,10,0
90276,10,20000
90277,10,40000
90278,10,10000
90279,10,50000
90280,10,20000
90281,10,20000
90282,10,40000
90283,10,0
90284,10,5000
90285,10,0
90286,10,0
90287,10,20000
90288,10,10000
90289,10,10000
90290,10,50000
90291,10,30000
90292,10,30000
90293,10,50000
90294,10,20000
90295,10,0
90296,10,30000
90297,10,30000
90298,10,30000
90299,10,10000
90300,10,30000
90301,10,20000
90302,10,0
90303,10,5000
90304,10,30000
90305,10,10000
90306,10,20000
90307,10,30000
90308,10,20000
90309,10,50000
90310,10,10000
90311,10,10000
90312,10,0
90313,10,40000
90314,10,0
90315,10,0
90316,10,40000
90317,10,0
90318,10,50000
90319,10,10000
90320,10,0
90321,10,10000
90322,10,0
90323,10,10000
90324,10,0
90325,10,40000
90326,10,30000
90327,10,30000
90328,10,0
90329,10,0
90330,10,50000
90331,10,0
90332,10,5000
90333,10,20000
90334,10,0
90335,10,50000
90336,10,0
90337,10,30000
90338,10,30000
90339,10,30000
90340,10,0
90341,10,30000
90342,10,30000
90343,10,40000
90344,10,50000
90345,10,10000
90346,10,20000
90347,10,0
90348,10,40000
90349,10,0
90350,10,0
90351,10,0
90352,10,5000
90353,10,50000
90354,10,10000
90355,10,0
90356,10,40000
90357,10,0
90358,10,5000
90359,10,20000
90360,10,5000
90361,10,40000
90362,10,10000
90363,10,50000
90364,10,0
90365,10,20000
90366,10,50000
90367,10,40000
90368,10,0
90369,10,50000
90370,10,5000
90371,10,50000
90372,10,40000
90373,10,0
90374,10,40000
90375,10,5000
90376,10,10000
90377,10,40000
90378,10,0
90379,10,10000
90380,10,0
90381,10,0
90382,10,0
90383,10,30000
90384,10,40000
90385,10,0
90386,10,5000
90387,10,30000
90388,10,40000
90389,10,10000
90390,10,40000
90391,10,50000
90392,10,10
90393,10,20000
90394,10,50000
90395,10,0
90396,10,5000
90397,10,0
90398,10,0
90399,10,0
90400,10,0
90401,10,0
90402,10,20000
90403,10,0
90404,10,10000
90405,10,30000
90406,10,0
90407,10,0
90408,10,0
90409,10,30000
90410,10,20000
90411,10,10000
90412,10,40000
90413,10,20000
90414,10,30000
90415,10,0
90416,10,30000
90417,10,10000
90418,10,10000
90419,10,50000
90420,10,40000
90421,10,20000
90422,10,10000
90423,10,0
90424,10,50000
90425,10,50000
90426,10,40000
90427,10,20000
90428,10,50000
90429,10,0
90430,10,30000
90431,10,50000
90432,10,20000
90433,10,0
90434,10,40000
90435,10,5000
90436,10,40000
90437,10,40000
90438,10,10000
90439,10,5000
90440,10,0
90441,10,40000
90442,10,20000
90443,10,40000
90444,10,0
90445,10,20000
90446,10,30000
90447,10,0
90448,10,0
90449,10,10000
90450,10,0
90451,10,10000
90452,10,30000
90453,10,30000
90454,10,40000
90455,10,5000
90456,10,0
90457,10,20000
90458,10,20000
90459,10,10000
90460,10,30000
90461,10,50000
90462,10,0
90463,10,0
90464,10,0
90465,10,40000
90466,10,40000
90467,10,50000
90468,10,40000
90469,10,20000
90470,10,20000
90471,10,10000
90472,10,0
90473,10,30000
90474,10,40000
90475,10,20000
90476,10,20000
90477,10,40000
90478,10,20000
90479,10,0
90480,10,5000
90481,10,0
90482,10,0
90483,10,40000
90484,10,0
90485,10,5000
90486,10,20000
90487,10,30000
90488,10,50000
90489,10,20000
90490,10,0
90491,10,20000
90492,10,20000
90493,10,20000
90494,10,30000
90495,10,40000
90496,10,30000
90497,10,5000
90498,10,0
90499,10,0
90500,10,30000
90501,10,40000
90502,10,5000
90503,10,30000
90504,10,10000
90505,10,30000
90506,10,30000
90507,10,5000
90508,10,0
90509,10,0
90510,10,30000
90511,10,20000
90512,10,0
90513,10,30000
90514,10,20000
90515,10,0
90516,10,50000
90517,10,0
90518,10,5000
90519,10,20000
90520,10,50000
90521,10,0
90522,10,10000
90523,10,30000
90524,10,40000
90525,10,50000
90526,10,10000
90527,10,5000
90528,10,0
90529,10,5000
90530,10,50000
90531,10,50000
90532,10,30000
90533,10,0
90534,10,40000
90535,10,5000
90536,10,20000
90537,10,30000
90538,10,30000
90539,10,40000
90540,10,10000
90541,10,0
90542,10,50000
90543,10,20000
90544,10,20000
90545,10,0
90546,10,0
90547,10,20000
90548,10,30000
90549,10,20000
90550,10,10000
90551,10,20000
90552,10,30000
90553,10,50000
90554,10,50000
90555,10,10000
90556,10,50000
90557,10,0
90558,10,30000
90559,10,50000
90560,10,0
90561,10,5000
90562,10,50000
90563,10,30000
90564,10,10000
90565,10,10000
90566,10,20000
90567,10,0
90568,10,40000
90569,10,20000
90570,10,30000
90571,10,10000
90572,10,20000
90573,10,10000
90574,10,0
90575,10,0
90576,10,30000
90577,10,5000
90578,10,30000
90579,10,30000
90580,10,30000
90581,10,0
90582,10,50000
90583,10,50000
90584,10,5000
90585,10,50000
90586,10,20000
90587,10,50000
90588,10,50000
90589,10,0
90590,10,0
90591,10,5000
90592,10,20000
90593,10,20000
90594,10,50000
90595,10,30000
90596,10,0
90597,10,30000
90598,10,0
90599,10,40000
90600,10,0
90601,10,50000
90602,10,0
90603,10,0
90604,10,0
90605,10,50000
90606,10,20000
90607,10,50000
90608,10,40000
90609,10,10000
90610,10,40000
90611,10,0
90612,10,5000
90613,10,40000
90614,10,40000
90615,10,5000
90616,10,30000
90617,10,10000
90618,10,0
90619,10,40000
90620,10,40000
90621,10,5000
90622,10,0
90623,10,30000
90624,10,50000
90625,10,30000
90626,10,40000
90627,10,0
90628,10,20000
90629,10,30000
90630,10,5000
90631,10,20000
90632,10,5000
90633,10,50000
90634,10,0
90635,10,50000
90636,10,20000
90637,10,50000
90638,10,0
90639,10,20000
90640,10,5000
90641,10,0
90642,10,0
90643,10,20000
90644,10,0
90645,10,50000
90646,10,40000
90647,10,20000
90648,10,0
90649,10,50000
90650,10,30000
90651,10,0
90652,10,0
90653,10,0
90654,10,50000
90655,10,20000
90656,10,0
90657,10,20000
90658,10,0
90659,10,40000
90660,10,0
90661,10,20000
90662,10,40000
90663,10,0
90664,10,30000
90665,10,10000
90666,10,0
90667,10,5000
90668,10,20000
90669,10,0
90670,10,0
90671,10,0
90672,10,10000
90673,10,10000
90674,10,0
90675,10,30000
90676,10,20000
90677,10,10000
90678,10,0
90679,10,0
90680,10,30000
90681,10,50000
90682,10,20000
90683,10,30000
90684,10,10000
90685,10,10000
90686,10,20000
90687,10,40000
90688,10,0
90689,10,10000
90690,10,10000
90691,10,20000
90692,10,50000
90693,10,40000
90694,10,0
90695,10,40000
90696,10,30000
90697,10,40000
90698,10,5000
90699,10,0
90700,10,0
90701,10,40000
90702,10,20000
90703,10,10000
90704,10,0
90705,10,30000
90706,10,30000
90707,10,5000
90708,10,30000
90709,10,0
90710,10,20000
90711,10,0
90712,10,0
90713,10,40000
90714,10,0
90715,10,20000
90716,10,20000
90717,10,0
90718,10,30000
90719,10,20000
90720,10,30000
90721,10,10000
90722,10,0
90723,10,20000
90724,10,5000
90725,10,30000
90726,10,20000
90727,10,0
90728,10,5000
90729,10,10000
90730,10,40000
90731,10,40000
90732,10,30000
90733,10,0
90734,10,30000
90735,10,5000
90736,10,5000
90737,10,50000
90738,10,0
90739,10,0
90740,10,5000
90741,10,30000
90742,10,40000
90743,10,10000
90744,10,50000
90745,10,30000
90746,10,40000
90747,10,20000
90748,10,40000
90749,10,50000
90750,10,5000
90751,10,30000
90752,10,5000
90753,10,50000
90754,10,30000
90755,10,10000
90756,10,10000
90757,10,0
90758,10,0
90759,10,50000
90760,10,30000
90761,10,20000
90762,10,40000
90763,10,50000
90764,10,20000
90765,10,50000
90766,10,50000
90767,10,20000
90768,10,30000
90769,10,20000
90770,10,40000
90771,10,30000
90772,10,10
90773,10,0
90774,10,20000
90775,10,50000
90776,10,30000
90777,10,30000
90778,10,40000
90779,10,20000
90780,10,20000
90781,10,20000
90782,10,0
90783,10,5000
90784,10,30000
90785,10,0
90786,10,30000
90787,10,10000
90788,10,40000
90789,10,30000
90790,10,0
90791,10,0
90792,10,50000
90793,10,50000
90794,10,50000
90795,10,10000
90796,10,10000
90797,10,5000
90798,10,0
90799,10,0
90800,10,20000
90801,10,5000
90802,10,10000
90803,10,50000
90804,10,0
90805,10,0
90806,10,0
90807,10,40000
90808,10,30000
90809,10,30000
90810,10,30000
90811,10,0
90812,10,40000
90813,10,40000
90814,10,0
90815,10,0
90816,10,10000
90817,10,0
90818,10,0
90819,10,30000
90820,10,10000
90821,10,5000
90822,10,30000
90823,10,30000
90824,10,0
90825,10,10000
90826,10,30000
90827,10,30000
90828,10,0
90829,10,10000
90830,10,40000
90831,10,20000
90832,10,0
90833,10,20000
90834,10,40000
90835,10,50000
90836,10,30000
90837,10,0
90838,10,20000
90839,10,20000
90840,10,0
90841,10,30000
90842,10,0
90843,10,30000
90844,10,0
90845,10,50000
90846,10,0
90847,10,0
90848,10,0
90849,10,0
90850,10,50000
90851,10,30000
90852,10,30000
90853,10,0
90854,10,50000
90855,10,0
90856,10,0
90857,10,0
90858,10,0
90859,10,0
90860,10,5000
90861,10,20000
90862,10,50000
90863,10,40000
90864,10,20000
90865,10,30000
90866,10,40000
90867,10,30000
90868,10,50000
90869,10,10000
90870,10,50000
90871,10,10000
90872,10,40000
90873,10,20000
90874,10,50000
90875,10,30000
90876,10,5000
90877,10,20000
90878,10,0
90879,10,5000
90880,10,10000
90881,10,0
90882,10,0
90883,10,50000
90884,10,5000
90885,10,0
90886,10,40000
90887,10,30000
90888,10,20000
90889,10,50000
90890,10,20000
90891,10,10000
90892,10,30000
90893,10,0
90894,10,0
90895,10,30000
90896,10,10000
90897,10,30000
90898,10,0
90899,10,40000
90900,10,30000
90901,10,40000
90902,10,30000
90903,10,30000
90904,10,20000
90905,10,0
90906,10,30000
90907,10,50000
90908,10,40000
90909,10,30000
90910,10,5000
90911,10,40000
90912,10,50000
90913,10,40000
90914,10,30000
90915,10,20000
90916,10,0
90917,10,20000
90918,10,0
90919,10,5000
90920,10,20000
90921,10,0
90922,10,20000
90923,10,20000
90924,10,0
90925,10,50000
90926,10,30000
90927,10,0
90928,10,5000
90929,10,0
90930,10,10000
90931,10,10000
90932,10,0
90933,10,40000
90934,10,30000
90935,10,0
90936,10,5000
90937,10,20000
90938,10,20000
90939,10,40000
90940,10,20000
90941,10,0
90942,10,50000
90943,10,5000
90944,10,40000
90945,10,30000
90946,10,10000
90947,10,20000
90948,10,50000
90949,10,0
90950,10,0
90951,10,20000
90952,10,30000
90953,10,50000
90954,10,20000
90955,10,0
90956,10,0
90957,10,0
90958,10,0
90959,10,20000
90960,10,30000
90961,10,10000
90962,10,5000
90963,10,40000
90964,10,50000
90965,10,40000
90966,10,0
90967,10,40000
90968,10,30000
90969,10,5000
90970,10,50000
90971,10,40000
90972,10,0
90973,10,20000
90974,10,30000
90975,10,0
90976,10,40000
90977,10,0
90978,10,40000
90979,10,0
90980,10,50000
90981,10,0
90982,10,10000
90983,10,20000
90984,10,0
90985,10,5000
90986,10,10000
90987,10,0
90988,10,0
90989,10,30000
90990,10,50000
90991,10,50000
90992,10,5000
90993,10,10000
90994,10,30000
90995,10,0
90996,10,0
90997,10,0
90998,10,50000
90999,10,40000
91000,10,20000
91001,10,5000
91002,10,50000
91003,10,20000
91004,10,10000
91005,10,10000
91006,10,5000
91007,10,0
91008,10,5000
91009,10,50000
91010,10,40000
91011,10,20000
91012,10,10000
91013,10,5000
91014,10,20000
91015,10,10000
91016,10,0
91017,10,40000
91018,10,0
91019,10,40000
91020,10,30000
91021,10,0
91022,10,30000
91023,10,40000
91024,10,0
91025,10,0
91026,10,20000
91027,10,40000
91028,10,20000
91029,10,0
91030,10,40000
91031,10,0
91032,10,30000
91033,10,10000
91034,10,10000
91035,10,20000
91036,10,40000
91037,10,5000
91038,10,5000
91039,10,5000
91040,10,20000
91041,10,50000
91042,10,50000
91043,10,0
91044,10,40000
91045,10,0
91046,10,10000
91047,10,30000
91048,10,40000
91049,10,50000
91050,10,40000
91051,10,0
91052,10,20000
91053,10,30000
91054,10,50000
91055,10,0
91056,10,0
91057,10,50000
91058,10,10000
91059,10,20000
91060,10,50000
91061,10,0
91062,10,50000
91063,10,0
91064,10,30000
91065,10,30000
91066,10,40000
91067,10,50000
91068,10,5000
91069,10,0
91070,10,40000
91071,10,50000
91072,10,30000
91073,10,0
91074,10,5000
91075,10,40000
91076,10,0
91077,10,0
91078,10,30000
91079,10,20000
91080,10,0
91081,10,0
91082,10,50000
91083,10,0
91084,10,10
91085,10,20000
91086,10,5000
91087,10,20000
91088,10,0
91089,10,30000
91090,10,30000
91091,10,30000
91092,10,50000
91093,10,20000
91094,10,5000
91095,10,0
91096,10,10000
91097,10,0
91098,10,40000
91099,10,0
91100,10,40000
91101,10,40000
91102,10,10000
91103,10,30000
91104,10,50000
91105,10,50000
91106,10,0
91107,10,50000
91108,10,0
91109,10,5000
91110,10,40000
91111,10,0
91112,10,0
91113,10,0
91114,10,0
91115,10,5000
91116,10,0
91117,10,20000
91118,10,0
91119,10,30000
91120,10,10
91121,10,30000
91122,10,20000
91123,10,0
91124,10,40000
91125,10,20000
91126,10,30000
91127,10,20000
91128,10,20000
91129,10,5000
91130,10,20000
91131,10,20000
91132,10,5000
91133,10,0
91134,10,30000
91135,10,0
91136,10,30000
91137,10,20000
91138,10,20000
91139,10,20000
91140,10,30000
91141,10,5000
91142,10,50000
91143,10,40000
91144,10,50000
91145,10,0
91146,10,20000
91147,10,40000
91148,10,0
91149,10,40000
91150,10,50000
91151,10,40000
91152,10,30000
91153,10,20000
91154,10,10000
91155,10,0
91156,10,10000
91157,10,0
91158,10,50000
91159,10,0
91160,10,0
91161,10,0
91162,10,0
91163,10,5000
91164,10,10000
91165,10,20000
91166,10,0
91167,10,0
91168,10,5000
91169,10,40000
91170,10,0
91171,10,0
91172,10,30000
91173,10,20000
91174,10,0
91175,10,50000
91176,10,0
91177,10,0
91178,10,50000
91179,10,0
91180,10,40000
91181,10,20000
91182,10,20000
91183,10,0
91184,10,20000
91185,10,50000
91186,10,20000
91187,10,0
91188,10,20000
91189,10,30000
91190,10,30000
91191,10,30000
91192,10,20000
91193,10,20000
91194,10,50000
91195,10,20000
91196,10,0
91197,10,20000
91198,10,0
91199,10,20000
91200,10,30000
91201,10,50000
91202,10,5000
91203,10,20000
91204,10,50000
91205,10,50000
91206,10,30000
91207,10,30000
91208,10,10000
91209,10,50000
91210,10,40000
91211,10,5000
91212,10,50000
91213,10,20000
91214,10,10000
91215,10,0
91216,10,0
91217,10,30000
91218,10,0
91219,10,0
91220,10,30000
91221,10,10000
91222,10,20000
91223,10,40000
91224,10,50000
91225,10,30000
91226,10,20000
91227,10,20000
91228,10,30000
91229,10,0
91230,10,50000
91231,10,10000
91232,10,10000
91233,10,10000
91234,10,0
91235,10,0
91236,10,0
91237,10,20000
91238,10,30000
91239,10,40000
91240,10,5000
91241,10,0
91242,10,10000
91243,10,5000
91244,10,10000
91245,10,10000
91246,10,0
91247,10,0
91248,10,50000
91249,10,5000
91250,10,40000
91251,10,50000
91252,10,0
91253,10,0
91254,10,0
91255,10,30000
91256,10,5000
91257,10,0
91258,10,0
91259,10,10000
91260,10,0
91261,10,30000
91262,10,40000
91263,10,0
91264,10,40000
91265,10,0
91266,10,10000
91267,10,0
91268,10,10000
91269,10,50000
91270,10,10000
91271,10,20000
91272,10,0
91273,10,0
91274,10,10000
91275,10,0
91276,10,0
91277,10,0
91278,10,0
91279,10,30000
91280,10,5000
91281,10,10000
91282,10,20000
91283,10,10000
91284,10,50000
91285,10,40000
91286,10,0
91287,10,5000
91288,10,0
91289,10,0
91290,10,10000
91291,10,10000
91292,10,30000
91293,10,10000
91294,10,20000
91295,10,30000
91296,10,20000
91297,10,30000
91298,10,0
91299,10,5000
91300,10,50000
91301,10,0
91302,10,50000
91303,10,0
91304,10,40000
91305,10,5000
91306,10,20000
91307,10,50000
91308,10,5000
91309,10,5000
91310,10,0
91311,10,30000
91312,10,5000
91313,10,30000
91314,10,30000
91315,10,0
91316,10,10000
91317,10,0
91318,10,0
91319,10,10000
91320,10,10000
91321,10,0
91322,10,0
91323,10,50000
91324,10,50000
91325,10,0
91326,10,30000
91327,10,0
91328,10,5000
91329,10,0
91330,10,30000
91331,10,50000
91332,10,50000
91333,10,50000
91334,10,0
91335,10,0
91336,10,0
91337,10,50000
91338,10,50000
91339,10,0
91340,10,20000
91341,10,20000
91342,10,5000
91343,10,0
91344,10,40000
91345,10,0
91346,10,0
91347,10,0
91348,10,40000
91349,10,30000
91350,10,10000
91351,10,0
91352,10,5000
91353,10,50000
91354,10,0
91355,10,0
91356,10,50000
91357,10,40000
91358,10,20000
91359,10,0
91360,10,20000
91361,10,0
91362,10,5000
91363,10,0
91364,10,50000
91365,10,0
91366,10,10000
91367,10,20000
91368,10,40000
91369,10,10000
91370,10,40000
91371,10,10000
91372,10,40000
91373,10,30000
91374,10,20000
91375,10,0
91376,10,0
91377,10,50000
91378,10,0
91379,10,40000
91380,10,50000
91381,10,0
91382,10,30000
91383,10,0
91384,10,0
91385,10,5000
91386,10,0
91387,10,30000
91388,10,10000
91389,10,30000
91390,10,5000
91391,10,20000
91392,10,0
91393,10,20000
91394,10,40000
91395,10,10000
91396,10,50000
91397,10,0
91398,10,0
91399,10,30000
91400,10,0
91401,10,0
91402,10,5000
91403,10,10000
91404,10,20000
91405,10,30000
91406,10,5000
91407,10,0
91408,10,30000
91409,10,10000
91410,10,40000
91411,10,0
91412,10,0
91413,10,50000
91414,10,5000
91415,10,30000
91416,10,0
91417,10,50000
91418,10,0
91419,10,0
91420,10,20000
91421,10,0
91422,10,30000
91423,10,5000
91424,10,0
91425,10,20000
91426,10,0
91427,10,40000
91428,10,40000
91429,10,0
91430,10,40000
91431,10,5000
91432,10,5000
91433,10,0
91434,10,0
91435,10,5000
91436,10,30000
91437,10,10000
91438,10,5000
91439,10,5000
91440,10,40000
91441,10,30000
91442,10,0
91443,10,20000
91444,10,5000
91445,10,40000
91446,10,40000
91447,10,0
91448,10,20000
91449,10,20000
91450,10,30000
91451,10,30000
91452,10,0
91453,10,50000
91454,10,10000
91455,10,50000
91456,10,50000
91457,10,0
91458,10,20000
91459,10,40000
91460,10,0
91461,10,40000
91462,10,0
91463,10,30000
91464,10,0
91465,10,50000
91466,10,10000
91467,10,0
91468,10,5000
91469,10,20000
91470,10,20000
91471,10,0
91472,10,30000
91473,10,40000
91474,10,40000
91475,10,40000
91476,10,50000
91477,10,0
91478,10,30000
91479,10,20000
91480,10,0
91481,10,30000
91482,10,40000
91483,10,5000
91484,10,20000
91485,10,0
91486,10,30000
91487,10,40000
91488,10,0
91489,10,10
91490,10,0
91491,10,20000
91492,10,20000
91493,10,0
91494,10,20000
91495,10,5000
91496,10,20000
91497,10,0
91498,10,5000
91499,10,20000
91500,10,0
91501,10,0
91502,10,30000
91503,10,0
91504,10,50000
91505,10,0
91506,10,50000
91507,10,40000
91508,10,0
91509,10,50000
91510,10,0
91511,10,40000
91512,10,0
91513,10,20000
91514,10,20000
91515,10,5000
91516,10,20000
91517,10,0
91518,10,20000
91519,10,20000
91520,10,40000
91521,10,0
91522,10,30000
91523,10,20000
91524,10,10000
91525,10,20000
91526,10,40000
91527,10,0
91528,10,10000
91529,10,10000
91530,10,50000
91531,10,50000
91532,10,20000
91533,10,0
91534,10,30000
91535,10,20000
91536,10,30000
91537,10,40000
91538,10,10000
91539,10,30000
91540,10,0
91541,10,0
91542,10,30000
91543,10,20000
91544,10,40000
91545,10,0
91546,10,0
91547,10,20000
91548,10,40000
91549,10,0
91550,10,30000
91551,10,0
91552,10,40000
91553,10,10000
91554,10,20000
91555,10,30000
91556,10,30000
91557,10,30000
91558,10,50000
91559,10,5000
91560,10,0
91561,10,40000
91562,10,10000
91563,10,0
91564,10,20000
91565,10,30000
91566,10,40000
91567,10,50000
91568,10,10000
91569,10,10000
91570,10,0
91571,10,50000
91572,10,20000
91573,10,0
91574,10,0
91575,10,50000
91576,10,50000
91577,10,0
91578,10,5000
91579,10,20000
91580,10,20000
91581,10,40000
91582,10,10000
91583,10,40000
91584,10,30000
91585,10,10000
91586,10,30000
91587,10,30000
91588,10,0
91589,10,0
91590,10,40000
91591,10,0
91592,10,40000
91593,10,30000
91594,10,50000
91595,10,0
91596,10,20000
91597,10,0
91598,10,30000
91599,10,30000
91600,10,30000
91601,10,10000
91602,10,0
91603,10,30000
91604,10,50000
91605,10,0
91606,10,20000
91607,10,40000
91608,10,50000
91609,10,0
91610,10,50000
91611,10,30000
91612,10,10000
91613,10,10000
91614,10,20000
91615,10,20000
91616,10,30000
91617,10,0
91618,10,50000
91619,10,20000
91620,10,10000
91621,10,20000
91622,10,0
91623,10,30000
91624,10,40000
91625,10,30000
91626,10,30000
91627,10,0
91628,10,0
91629,10,0
91630,10,0
91631,10,30000
91632,10,0
91633,10,10000
91634,10,5000
91635,10,0
91636,10,5000
91637,10,0
91638,10,40000
91639,10,20000
91640,10,20000
91641,10,40000
91642,10,30000
91643,10,40000
91644,10,50000
91645,10,0
91646,10,50000
91647,10,0
91648,10,20000
91649,10,40000
91650,10,0
91651,10,5000
91652,10,20000
91653,10,20000
91654,10,50000
91655,10,0
91656,10,5000
91657,10,30000
91658,10,30000
91659,10,0
91660,10,30000
91661,10,40000
91662,10,50000
91663,10,0
91664,10,0
91665,10,0
91666,10,0
91667,10,5000
91668,10,40000
91669,10,0
91670,10,50000
91671,10,0
91672,10,40000
91673,10,20000
91674,10,0
91675,10,5000
91676,10,50000
91677,10,50000
91678,10,0
91679,10,20000
91680,10,20000
91681,10,0
91682,10,20000
91683,10,50000
91684,10,30000
91685,10,0
91686,10,5000
91687,10,30000
91688,10,5000
91689,10,30000
91690,10,0
91691,10,5000
91692,10,5000
91693,10,0
91694,10,0
91695,10,50000
91696,10,30000
91697,10,0
91698,10,0
91699,10,20000
91700,10,5000
91701,10,0
91702,10,30000
91703,10,40000
91704,10,50000
91705,10,20000
91706,10,10000
91707,10,0
91708,10,40000
91709,10,40000
91710,10,5000
91711,10,10000
91712,10,10000
91713,10,5000
91714,10,10000
91715,10,0
91716,10,40000
91717,10,0
91718,10,0
91719,10,30000
91720,10,5000
91721,10,50000
91722,10,0
91723,10,0
91724,10,50000
91725,10,20000
91726,10,20000
91727,10,0
91728,10,50000
91729,10,5000
91730,10,50000
91731,10,0
91732,10,20000
91733,10,30000
91734,10,0
91735,10,20000
91736,10,0
91737,10,20000
91738,10,5000
91739,10,40000
91740,10,20000
91741,10,20000
91742,10,20000
91743,10,0
91744,10,0
91745,10,0
91746,10,50000
91747,10,30000
91748,10,40000
91749,10,30000
91750,10,20000
91751,10,30000
91752,10,10000
91753,10,0
91754,10,5000
91755,10,20000
91756,10,5000
91757,10,30000
91758,10,0
91759,10,10
91760,10,0
91761,10,10000
91762,10,30000
91763,10,20000
91764,10,0
91765,10,20000
91766,10,20000
91767,10,50000
91768,10,0
91769,10,0
91770,10,20000
91771,10,20000
91772,10,30000
91773,10,50000
91774,10,0
91775,10,20000
91776,10,30000
91777,10,20000
91778,10,20000
91779,10,30000
91780,10,0
91781,10,30000
91782,10,0
91783,10,0
91784,10,30000
91785,10,50000
91786,10,20000
91787,10,50000
91788,10,5000
91789,10,50000
91790,10,40000
91791,10,20000
91792,10,50000
91793,10,10000
91794,10,20000
91795,10,0
91796,10,30000
91797,10,10000
91798,10,5000
91799,10,30000
91800,10,10000
91801,10,50000
91802,10,5000
91803,10,40000
91804,10,30000
91805,10,0
91806,10,0
91807,10,0
91808,10,0
91809,10,0
91810,10,20000
91811,10,40000
91812,10,20000
91813,10,0
91814,10,0
91815,10,0
91816,10,20000
91817,10,0
91818,10,0
91819,10,40000
91820,10,50000
91821,10,10000
91822,10,0
91823,10,30000
91824,10,30000
91825,10,40000
91826,10,0
91827,10,0
91828,10,0
91829,10,50000
91830,10,40000
91831,10,5000
91832,10,30000
91833,10,20000
91834,10,5000
91835,10,20000
91836,10,5000
91837,10,20000
91838,10,5000
91839,10,20000
91840,10,30000
91841,10,10000
91842,10,10000
91843,10,10000
91844,10,10000
91845,10,50000
91846,10,5000
91847,10,0
91848,10,20000
91849,10,0
91850,10,10000
91851,10,40000
91852,10,0
91853,10,0
91854,10,50000
91855,10,0
91856,10,50000
91857,10,0
91858,10,50000
91859,10,5000
91860,10,5000
91861,10,20000
91862,10,30000
91863,10,0
91864,10,50000
91865,10,20000
91866,10,20000
91867,10,0
91868,10,0
91869,10,0
91870,10,50000
91871,10,40000
91872,10,0
91873,10,10000
91874,10,0
91875,10,20000
91876,10,10000
91877,10,30000
91878,10,30000
91879,10,0
91880,10,30000
91881,10,5000
91882,10,10000
91883,10,40000
91884,10,30000
91885,10,0
91886,10,30000
91887,10,0
91888,10,50000
91889,10,5000
91890,10,50000
91891,10,20000
91892,10,5000
91893,10,30000
91894,10,10000
91895,10,20000
91896,10,30000
91897,10,0
91898,10,50000
91899,10,0
91900,10,20000
91901,10,20000
91902,10,20000
91903,10,40000
91904,10,50000
91905,10,40000
91906,10,0
91907,10,50000
91908,10,40000
91909,10,30000
91910,10,40000
91911,10,0
91912,10,30000
91913,10,0
91914,10,10000
91915,10,20000
91916,10,50000
91917,10,40000
91918,10,0
91919,10,30000
91920,10,0
91921,10,0
91922,10,30000
91923,10,0
91924,10,50000
91925,10,50000
91926,10,40000
91927,10,50000
91928,10,0
91929,10,20000
91930,10,20000
91931,10,30000
91932,10,0
91933,10,40000
91934,10,40000
91935,10,50000
91936,10,0
91937,10,0
91938,10,20000
91939,10,50000
91940,10,5000
91941,10,30000
91942,10,0
91943,10,50000
91944,10,5000
91945,10,40000
91946,10,50000
91947,10,20000
91948,10,0
91949,10,40000
91950,10,5000
91951,10,0
91952,10,10000
91953,10,40000
91954,10,20000
91955,10,20000
91956,10,50000
91957,10,5000
91958,10,0
91959,10,30000
91960,10,5000
91961,10,0
91962,10,20000
91963,10,30000
91964,10,10000
91965,10,50000
91966,10,5000
91967,10,30000
91968,10,10000
91969,10,40000
91970,10,5000
91971,10,50000
91972,10,50000
91973,10,0
91974,10,5000
91975,10,20000
91976,10,30000
91977,10,20000
91978,10,20000
91979,10,0
91980,10,30000
91981,10,40000
91982,10,30000
91983,10,20000
91984,10,0
91985,10,0
91986,10,20000
91987,10,40000
91988,10,30000
91989,10,10000
91990,10,30000
91991,10,30000
91992,10,0
91993,10,10000
91994,10,20000
91995,10,30000
91996,10,30000
91997,10,10000
91998,10,20000
91999,10,30000
92000,10,0
92001,10,0
92002,10,0
92003,10,0
92004,10,5000
92005,10,10000
92006,10,30000
92007,10,5000
92008,10,5000
92009,10,30000
92010,10,50000
92011,10,30000
92012,10,0
92013,10,0
92014,10,10000
92015,10,10000
92016,10,30000
92017,10,0
92018,10,50000
92019,10,20000
92020,10,0
92021,10,30000
92022,10,10000
92023,10,20000
92024,10,50000
92025,10,0
92026,10,10000
92027,10,5000
92028,10,20000
92029,10,20000
92030,10,5000
92031,10,20000
92032,10,20000
92033,10,20000
92034,10,50000
92035,10,0
92036,10,0
92037,10,50000
92038,10,0
92039,10,0
92040,10,0
92041,10,10000
92042,10,10000
92043,10,0
92044,10,5000
92045,10,50000
92046,10,30000
92047,10,50000
92048,10,0
92049,10,0
92050,10,30000
92051,10,30000
92052,10,50000
92053,10,20000
92054,10,0
92055,10,10000
92056,10,40000
92057,10,0
92058,10,10000
92059,10,40000
92060,10,50000
92061,10,50000
92062,10,40000
92063,10,30000
92064,10,30000
92065,10,40000
92066,10,50000
92067,10,50000
92068,10,0
92069,10,0
92070,10,0
92071,10,0
92072,10,10000
92073,10,30000
92074,10,50000
92075,10,50000
92076,10,0
92077,10,0
92078,10,5000
92079,10,0
92080,10,20000
92081,10,30000
92082,10,40000
92083,10,40000
92084,10,50000
92085,10,0
92086,10,10000
92087,10,0
92088,10,50000
92089,10,5000
92090,10,50000
92091,10,5000
92092,10,30000
92093,10,0
92094,10,0
92095,10,30000
92096,10,30000
92097,10,30000
92098,10,0
92099,10,10000
92100,10,20000
92101,10,40000
92102,10,0
92103,10,50000
92104,10,30000
92105,10,0
92106,10,30000
92107,10,30000
92108,10,10000
92109,10,5000
92110,10,20000
92111,10,40000
92112,10,50000
92113,10,0
92114,10,5000
92115,10,40000
92116,10,50000
92117,10,0
92118,10,20000
92119,10,40000
92120,10,10000
92121,10,20000
92122,10,50000
92123,10,10000
92124,10,10000
92125,10,0
92126,10,0
92127,10,20000
92128,10,5000
92129,10,0
92130,10,50000
92131,10,0
92132,10,50000
92133,10,20000
92134,10,10000
92135,10,5000
92136,10,0
92137,10,30000
92138,10,0
92139,10,10000
92140,10,10000
92141,10,0
92142,10,0
92143,10,10000
92144,10,50000
92145,10,20000
92146,10,0
92147,10,40000
92148,10,5000
92149,10,5000
92150,10,0
92151,10,5000
92152,10,0
92153,10,30000
92154,10,0
92155,10,10000
92156,10,0
92157,10,0
92158,10,30000
92159,10,0
92160,10,30000
92161,10,40000
92162,10,5000
92163,10,50000
92164,10,30000
92165,10,20000
92166,10,20000
92167,10,10000
92168,10,40000
92169,10,5000
92170,10,20000
92171,10,20000
92172,10,50000
92173,10,30000
92174,10,20000
92175,10,0
92176,10,10000
92177,10,20000
92178,10,50000
92179,10,20000
92180,10,40000
92181,10,5000
92182,10,30000
92183,10,50000
92184,10,50000
92185,10,40000
92186,10,10000
92187,10,10000
92188,10,0
92189,10,30000
92190,10,10000
92191,10,20000
92192,10,10000
92193,10,0
92194,10,20000
92195,10,10000
92196,10,50000
92197,10,10000
92198,10,5000
92199,10,0
92200,10,50000
92201,10,50000
92202,10,20000
92203,10,5000
92204,10,30000
92205,10,0
92206,10,30000
92207,10,30000
92208,10,5000
92209,10,40000
92210,10,30000
92211,10,10000
92212,10,10000
92213,10,10000
92214,10,0
92215,10,0
92216,10,50000
92217,10,0
92218,10,20000
92219,10,30000
92220,10,0
92221,10,0
92222,10,30000
92223,10,40000
92224,10,50000
92225,10,10000
92226,10,40000
92227,10,50000
92228,10,0
92229,10,30000
92230,10,0
92231,10,30000
92232,10,5000
92233,10,50000
92234,10,5000
92235,10,10000
92236,10,40000
92237,10,30000
92238,10,20000
92239,10,5000
92240,10,50000
92241,10,50000
92242,10,5000
92243,10,50000
92244,10,0
92245,10,0
92246,10,0
92247,10,0
92248,10,50000
92249,10,30000
92250,10,0
92251,10,5000
92252,10,20000
92253,10,5000
92254,10,50000
92255,10,30000
92256,10,20000
92257,10,40000
92258,10,5000
92259,10,50000
92260,10,40000
92261,10,20000
92262,10,0
92263,10,40000
92264,10,20000
92265,10,10000
92266,10,50000
92267,10,0
92268,10,50000
92269,10,0
92270,10,30000
92271,10,50000
92272,10,10000
92273,10,0
92274,10,40000
92275,10,50000
92276,10,50000
92277,10,10000
92278,10,50000
92279,10,50000
92280,10,10000
92281,10,20000
92282,10,40000
92283,10,10000
92284,10,0
92285,10,20000
92286,10,40000
92287,10,10000
92288,10,20000
92289,10,20000
92290,10,30000
92291,10,10000
92292,10,40000
92293,10,0
92294,10,10000
92295,10,0
92296,10,0
92297,10,20000
92298,10,50000
92299,10,50000
92300,10,20000
92301,10,10000
92302,10,5000
92303,10,0
92304,10,50000
92305,10,20000
92306,10,30000
92307,10,20000
92308,10,0
92309,10,50000
92310,10,0
92311,10,20000
92312,10,50000
92313,10,0
92314,10,0
92315,10,50000
92316,10,30000
92317,10,0
92318,10,40000
92319,10,30000
92320,10,40000
92321,10,5000
92322,10,20000
92323,10,0
92324,10,0
92325,10,50000
92326,10,0
92327,10,10000
92328,10,10000
92329,10,50000
92330,10,0
92331,10,30000
92332,10,50000
92333,10,40000
92334,10,0
92335,10,5000
92336,10,5000
92337,10,10000
92338,10,20000
92339,10,20000
92340,10,0
92341,10,50000
92342,10,20000
92343,10,10000
92344,10,40000
92345,10,20000
92346,10,0
92347,10,10000
92348,10,5000
92349,10,30000
92350,10,50000
92351,10,5000
92352,10,30000
92353,10,5000
92354,10,0
92355,10,20000
92356,10,30000
92357,10,50000
92358,10,0
92359,10,10000
92360,10,20000
92361,10,0
92362,10,20000
92363,10,20000
92364,10,0
92365,10,10000
92366,10,0
92367,10,50000
92368,10,0
92369,10,5000
92370,10,30000
92371,10,40000
92372,10,0
92373,10,0
92374,10,10000
92375,10,5000
92376,10,20000
92377,10,40000
92378,10,20000
92379,10,10000
92380,10,0
92381,10,30000
92382,10,30000
92383,10,0
92384,10,10000
92385,10,5000
92386,10,50000
92387,10,20000
92388,10,50000
92389,10,0
92390,10,40000
92391,10,10000
92392,10,40000
92393,10,10000
92394,10,0
92395,10,0
92396,10,20000
92397,10,50000
92398,10,0
92399,10,30000
92400,10,0
92401,10,30000
92402,10,5000
92403,10,10000
92404,10,30000
92405,10,30000
92406,10,20000
92407,10,40000
92408,10,30000
92409,10,10000
92410,10,0
92411,10,50000
92412,10,0
92413,10,10000
92414,10,10000
92415,10,40000
92416,10,30000
92417,10,50000
92418,10,50000
92419,10,5000
92420,10,0
92421,10,20000
92422,10,0
92423,10,0
92424,10,30000
92425,10,30000
92426,10,10000
92427,10,20000
92428,10,20000
92429,10,30000
92430,10,30000
92431,10,50000
92432,10,0
92433,10,0
92434,10,0
92435,10,0
92436,10,0
92437,10,0
92438,10,5000
92439,10,40000
92440,10,30000
92441,10,50000
92442,10,0
92443,10,30000
92444,10,0
92445,10,0
92446,10,20000
92447,10,50000
92448,10,0
92449,10,0
92450,10,30000
92451,10,10000
92452,10,0
92453,10,0
92454,10,0
92455,10,0
92456,10,40000
92457,10,10000
92458,10,10000
92459,10,0
92460,10,0
92461,10,0
92462,10,0
92463,10,5000
92464,10,0
92465,10,30000
92466,10,30000
92467,10,50000
92468,10,5000
92469,10,40000
92470,10,0
92471,10,0
92472,10,30000
92473,10,50000
92474,10,0
92475,10,0
92476,10,0
92477,10,0
92478,10,20000
92479,10,40000
92480,10,0
92481,10,20000
92482,10,0
92483,10,30000
92484,10,20000
92485,10,50000
92486,10,50000
92487,10,30000
92488,10,10000
92489,10,5000
92490,10,20000
92491,10,10000
92492,10,0
92493,10,5000
92494,10,30000
92495,10,0
92496,10,20000
92497,10,40000
92498,10,0
92499,10,0
92500,10,20000
92501,10,50000
92502,10,30000
92503,10,20000
92504,10,5000
92505,10,0
92506,10,0
92507,10,0
92508,10,50000
92509,10,0
92510,10,30000
92511,10,10000
92512,10,0
92513,10,10000
92514,10,0
92515,10,0
92516,10,20000
92517,10,50000
92518,10,5000
92519,10,30000
92520,10,40000
92521,10,0
92522,10,0
92523,10,0
92524,10,0
92525,10,20000
92526,10,0
92527,10,40000
92528,10,0
92529,10,40000
92530,10,30000
92531,10,0
92532,10,0
92533,10,0
92534,10,5000
92535,10,0
92536,10,0
92537,10,20000
92538,10,0
92539,10,30000
92540,10,0
92541,10,0
92542,10,40000
92543,10,40000
92544,10,20000
92545,10,50000
92546,10,30000
92547,10,20000
92548,10,10000
92549,10,0
92550,10,0
92551,10,20000
92552,10,30000
92553,10,30000
92554,10,0
92555,10,30000
92556,10,50000
92557,10,20000
92558,10,40000
92559,10,0
92560,10,0
92561,10,40000
92562,10,20000
92563,10,40000
92564,10,0
92565,10,50000
92566,10,5000
92567,10,0
92568,10,0
92569,10,5000
92570,10,0
92571,10,40000
92572,10,0
92573,10,30000
92574,10,0
92575,10,30000
92576,10,5000
92577,10,50000
92578,10,40000
92579,10,0
92580,10,50000
92581,10,0
92582,10,0
92583,10,10000
92584,10,0
92585,10,30000
92586,10,5000
92587,10,50000
92588,10,5000
92589,10,30000
92590,10,0
92591,10,5000
92592,10,30000
92593,10,40000
92594,10,30000
92595,10,50000
92596,10,30000
92597,10,30000
92598,10,20000
92599,10,0
92600,10,50000
92601,10,0
92602,10,50000
92603,10,0
92604,10,20000
92605,10,30000
92606,10,40000
92607,10,30000
92608,10,20000
92609,10,0
92610,10,10000
92611,10,0
92612,10,5000
92613,10,0
92614,10,30000
92615,10,0
92616,10,10000
92617,10,5000
92618,10,5000
92619,10,50000
92620,10,20000
92621,10,10000
92622,10,30000
92623,10,20000
92624,10,50000
92625,10,0
92626,10,20000
92627,10,30000
92628,10,50000
92629,10,20000
92630,10,20000
92631,10,50000
92632,10,40000
92633,10,0
92634,10,30000
92635,10,0
92636,10,5000
92637,10,40000
92638,10,40000
92639,10,30000
92640,10,0
92641,10,20000
92642,10,50000
92643,10,30000
92644,10,40000
92645,10,20000
92646,10,0
92647,10,50000
92648,10,50000
92649,10,0
92650,10,0
92651,10,30000
92652,10,0
92653,10,0
92654,10,30000
92655,10,0
92656,10,30000
92657,10,10000
92658,10,40000
92659,10,20000
92660,10,5000
92661,10,50000
92662,10,0
92663,10,50000
92664,10,10000
92665,10,30000
92666,10,20000
92667,10,30000
92668,10,10000
92669,10,0
92670,10,0
92671,10,0
92672,10,30000
92673,10,0
92674,10,40000
92675,10,20000
92676,10,40000
92677,10,30000
92678,10,30000
92679,10,0
92680,10,0
92681,10,40000
92682,10,0
92683,10,40000
92684,10,0
92685,10,30000
92686,10,30000
92687,10,5000
92688,10,30000
92689,10,0
92690,10,0
92691,10,0
92692,10,30000
92693,10,20000
92694,10,40000
92695,10,10000
92696,10,20000
92697,10,0
92698,10,30000
92699,10,50000
92700,10,0
92701,10,20000
92702,10,20000
92703,10,40000
92704,10,40000
92705,10,0
92706,10,20000
92707,10,0
92708,10,0
92709,10,50000
92710,10,10
92711,10,0
92712,10,50000
92713,10,50000
92714,10,10000
92715,10,20000
92716,10,0
92717,10,30000
92718,10,30000
92719,10,10000
92720,10,50000
92721,10,0
92722,10,20000
92723,10,10000
92724,10,20000
92725,10,20000
92726,10,0
92727,10,10000
92728,10,30000
92729,10,0
92730,10,10000
92731,10,0
92732,10,50000
92733,10,0
92734,10,40000
92735,10,50000
92736,10,20000
92737,10,40000
92738,10,30000
92739,10,20000
92740,10,40000
92741,10,10000
92742,10,30000
92743,10,5000
92744,10,20000
92745,10,5000
92746,10,40000
92747,10,30000
92748,10,50000
92749,10,20000
92750,10,30000
92751,10,0
92752,10,30000
92753,10,20000
92754,10,5000
92755,10,0
92756,10,5000
92757,10,0
92758,10,20000
92759,10,0
92760,10,0
92761,10,0
92762,10,0
92763,10,10000
92764,10,0
92765,10,0
92766,10,50000
92767,10,5000
92768,10,5000
92769,10,0
92770,10,20000
92771,10,50000
92772,10,0
92773,10,30000
92774,10,5000
92775,10,5000
92776,10,0
92777,10,20000
92778,10,50000
92779,10,40000
92780,10,50000
92781,10,0
92782,10,20000
92783,10,20000
92784,10,50000
92785,10,0
92786,10,20000
92787,10,30000
92788,10,0
92789,10,10000
92790,10,0
92791,10,0
92792,10,50000
92793,10,5000
92794,10,40000
92795,10,0
92796,10,0
92797,10,10000
92798,10,20000
92799,10,0
92800,10,10000
92801,10,0
92802,10,0
92803,10,40000
92804,10,0
92805,10,10
92806,10,20000
92807,10,40000
92808,10,50000
92809,10,5000
92810,10,0
92811,10,10000
92812,10,30000
92813,10,50000
92814,10,20000
92815,10,20000
92816,10,50000
92817,10,5000
92818,10,5000
92819,10,0
92820,10,0
92821,10,40000
92822,10,20000
92823,10,50000
92824,10,0
92825,10,40000
92826,10,40000
92827,10,0
92828,10,40000
92829,10,5000
92830,10,30000
92831,10,10000
92832,10,40000
92833,10,20000
92834,10,5000
92835,10,0
92836,10,0
92837,10,0
92838,10,30000
92839,10,20000
92840,10,40000
92841,10,0
92842,10,20000
92843,10,0
92844,10,0
92845,10,5000
92846,10,50000
92847,10,20000
92848,10,30000
92849,10,30000
92850,10,40000
92851,10,40000
92852,10,10000
92853,10,40000
92854,10,40000
92855,10,10000
92856,10,0
92857,10,40000
92858,10,40000
92859,10,0
92860,10,30000
92861,10,0
92862,10,0
92863,10,30000
92864,10,50000
92865,10,20000
92866,10,0
92867,10,20000
92868,10,20000
92869,10,10000
92870,10,20000
92871,10,10000
92872,10,30000
92873,10,10000
92874,10,10000
92875,10,30000
92876,10,50000
92877,10,0
92878,10,20000
92879,10,5000
92880,10,40000
92881,10,40000
92882,10,0
92883,10,0
92884,10,5000
92885,10,0
92886,10,40000
92887,10,50000
92888,10,0
92889,10,30000
92890,10,0
92891,10,0
92892,10,50000
92893,10,0
92894,10,20000
92895,10,20000
92896,10,0
92897,10,40000
92898,10,0
92899,10,20000
92900,10,10000
92901,10,0
92902,10,10000
92903,10,50000
92904,10,50000
92905,10,50000
92906,10,0
92907,10,0
92908,10,0
92909,10,5000
92910,10,20000
92911,10,20000
92912,10,0
92913,10,20000
92914,10,0
92915,10,0
92916,10,50000
92917,10,5000
92918,10,50000
92919,10,40000
92920,10,50000
92921,10,30000
92922,10,0
92923,10,40000
92924,10,0
92925,10,30000
92926,10,30000
92927,10,5000
92928,10,30000
92929,10,5000
92930,10,0
92931,10,10000
92932,10,0
92933,10,50000
92934,10,10000
92935,10,30000
92936,10,50000
92937,10,0
92938,10,20000
92939,10,20000
92940,10,30000
92941,10,20000
92942,10,0
92943,10,5000
92944,10,5000
92945,10,40000
92946,10,20000
92947,10,0
92948,10,20000
92949,10,10000
92950,10,5000
92951,10,50000
92952,10,10000
92953,10,20000
92954,10,20000
92955,10,10000
92956,10,0
92957,10,10000
92958,10,20000
92959,10,0
92960,10,5000
92961,10,0
92962,10,20000
92963,10,40000
92964,10,10000
92965,10,0
92966,10,20000
92967,10,10000
92968,10,50000
92969,10,50000
92970,10,40000
92971,10,50000
92972,10,0
92973,10,0
92974,10,30000
92975,10,5000
92976,10,0
92977,10,0
92978,10,30000
92979,10,5000
92980,10,50000
92981,10,30000
92982,10,20000
92983,10,50000
92984,10,10000
92985,10,50000
92986,10,30000
92987,10,50000
92988,10,10000
92989,10,5000
92990,10,20000
92991,10,20000
92992,10,5000
92993,10,30000
92994,10,0
92995,10,40000
92996,10,20000
92997,10,30000
92998,10,0
92999,10,0
93000,10,0
93001,10,50000
93002,10,50000
93003,10,10000
93004,10,0
93005,10,20000
93006,10,0
93007,10,40000
93008,10,20000
93009,10,5000
93010,10,5000
93011,10,10000
93012,10,30000
93013,10,40000
93014,10,30000
93015,10,30000
93016,10,50000
93017,10,20000
93018,10,20000
93019,10,10000
93020,10,0
93021,10,0
93022,10,30000
93023,10,0
93024,10,40000
93025,10,0
93026,10,0
93027,10,50000
93028,10,10000
93029,10,30000
93030,10,0
93031,10,0
93032,10,30000
93033,10,50000
93034,10,20000
93035,10,20000
93036,10,5000
93037,10,20000
93038,10,40000
93039,10,10000
93040,10,0
93041,10,0
93042,10,0
93043,10,40000
93044,10,0
93045,10,0
93046,10,0
93047,10,20000
93048,10,20000
93049,10,20000
93050,10,40000
93051,10,0
93052,10,30000
93053,10,0
93054,10,20000
93055,10,50000
93056,10,0
93057,10,0
93058,10,5000
93059,10,0
93060,10,20000
93061,10,0
93062,10,30000
93063,10,30000
93064,10,50000
93065,10,30000
93066,10,50000
93067,10,0
93068,10,0
93069,10,0
93070,10,0
93071,10,30000
93072,10,20000
93073,10,5000
93074,10,40000
93075,10,5000
93076,10,20000
93077,10,50000
93078,10,0
93079,10,5000
93080,10,0
93081,10,5000
93082,10,5000
93083,10,10000
93084,10,50000
93085,10,40000
93086,10,10000
93087,10,30000
93088,10,50000
93089,10,30000
93090,10,50000
93091,10,30000
93092,10,40000
93093,10,20000
93094,10,0
93095,10,50000
93096,10,0
93097,10,10000
93098,10,50000
93099,10,30000
93100,10,0
93101,10,5000
93102,10,0
93103,10,5000
93104,10,50000
93105,10,10000
93106,10,20000
93107,10,20000
93108,10,5000
93109,10,50000
93110,10,5000
93111,10,30000
93112,10,20000
93113,10,20000
93114,10,5000
93115,10,50000
93116,10,30000
93117,10,30000
93118,10,10000
93119,10,30000
93120,10,20000
93121,10,30000
93122,10,40000
93123,10,30000
93124,10,0
93125,10,20000
93126,10,10000
93127,10,30000
93128,10,0
93129,10,0
93130,10,5000
93131,10,10000
93132,10,30000
93133,10,30000
93134,10,5000
93135,10,20000
93136,10,0
93137,10,10000
93138,10,5000
93139,10,0
93140,10,40000
93141,10,0
93142,10,5000
93143,10,20000
93144,10,20000
93145,10,30000
93146,10,30000
93147,10,30000
93148,10,20000
93149,10,0
93150,10,50000
93151,10,0
93152,10,0
93153,10,0
93154,10,0
93155,10,40000
93156,10,30000
93157,10,40000
93158,10,40000
93159,10,20000
93160,10,50000
93161,10,20000
93162,10,0
93163,10,10000
93164,10,30000
93165,10,0
93166,10,20000
93167,10,10000
93168,10,40000
93169,10,30000
93170,10,20000
93171,10,20000
93172,10,5000
93173,10,0
93174,10,30000
93175,10,30000
93176,10,20000
93177,10,20000
93178,10,20000
93179,10,40000
93180,10,30000
93181,10,0
93182,10,30000
93183,10,0
93184,10,0
93185,10,5000
93186,10,0
93187,10,40000
93188,10,10000
93189,10,50000
93190,10,40000
93191,10,20000
93192,10,0
93193,10,0
93194,10,40000
93195,10,20000
93196,10,20000
93197,10,0
93198,10,0
93199,10,30000
93200,10,0
93201,10,40000
93202,10,10000
93203,10,5000
93204,10,20000
93205,10,20000
93206,10,40000
93207,10,30000
93208,10,30000
93209,10,0
93210,10,50000
93211,10,50000
93212,10,30000
93213,10,0
93214,10,0
93215,10,30000
93216,10,5000
93217,10,40000
93218,10,30000
93219,10,5000
93220,10,50000
93221,10,5000
93222,10,50000
93223,10,5000
93224,10,10000
93225,10,30000
93226,10,30000
93227,10,5000
93228,10,30000
93229,10,10000
93230,10,30000
93231,10,30000
93232,10,30000
93233,10,10000
93234,10,5000
93235,10,0
93236,10,0
93237,10,0
93238,10,50000
93239,10,40000
93240,10,40000
93241,10,20000
93242,10,5000
93243,10,30000
93244,10,30000
93245,10,20000
93246,10,20000
93247,10,30000
93248,10,40000
93249,10,0
93250,10,0
93251,10,30000
93252,10,50000
93253,10,20000
93254,10,0
93255,10,30000
93256,10,0
93257,10,5000
93258,10,0
93259,10,30000
93260,10,20000
93261,10,0
93262,10,40000
93263,10,0
93264,10,0
93265,10,5000
93266,10,0
93267,10,0
93268,10,0
93269,10,0
93270,10,5000
93271,10,30000
93272,10,30000
93273,10,0
93274,10,50000
93275,10,0
93276,10,0
93277,10,10000
93278,10,0
93279,10,0
93280,10,50000
93281,10,50000
93282,10,30000
93283,10,30000
93284,10,0
93285,10,30000
93286,10,40000
93287,10,0
93288,10,5000
93289,10,20000
93290,10,30000
93291,10,5000
93292,10,5000
93293,10,10000
93294,10,50000
93295,10,30000
93296,10,0
93297,10,40000
93298,10,30000
93299,10,0
93300,10,5000
93301,10,10000
93302,10,10000
93303,10,10000
93304,10,40000
93305,10,0
93306,10,10000
93307,10,0
93308,10,0
93309,10,0
93310,10,30000
93311,10,0
93312,10,0
93313,10,30000
93314,10,20000
93315,10,0
93316,10,50000
93317,10,20000
93318,10,30000
93319,10,5000
93320,10,0
93321,10,20000
93322,10,50000
93323,10,40000
93324,10,5000
93325,10,20000
93326,10,0
93327,10,0
93328,10,50000
93329,10,50000
93330,10,10000
93331,10,10000
93332,10,5000
93333,10,20000
93334,10,50000
93335,10,5000
93336,10,0
93337,10,20000
93338,10,20000
93339,10,30000
93340,10,30000
93341,10,40000
93342,10,0
93343,10,40000
93344,10,0
93345,10,5000
93346,10,30000
93347,10,20000
93348,10,0
93349,10,0
93350,10,40000
93351,10,50000
93352,10,30000
93353,10,0
93354,10,0
93355,10,50000
93356,10,0
93357,10,40000
93358,10,0
93359,10,20000
93360,10,30000
93361,10,20000
93362,10,40000
93363,10,5000
93364,10,5000
93365,10,0
93366,10,0
93367,10,40000
93368,10,10000
93369,10,40000
93370,10,10000
93371,10,0
93372,10,50000
93373,10,40000
93374,10,50000
93375,10,30000
93376,10,10000
93377,10,30000
93378,10,20000
93379,10,30000
93380,10,0
93381,10,0
93382,10,0
93383,10,30000
93384,10,50000
93385,10,30000
93386,10,30000
93387,10,40000
93388,10,5000
93389,10,5000
93390,10,50000
93391,10,30000
93392,10,20000
93393,10,30000
93394,10,10000
93395,10,0
93396,10,50000
93397,10,40000
93398,10,5000
93399,10,20000
93400,10,0
93401,10,20000
93402,10,5000
93403,10,50000
93404,10,0
93405,10,20000
93406,10,30000
93407,10,10000
93408,10,0
93409,10,10000
93410,10,30000
93411,10,0
93412,10,0
93413,10,0
93414,10,0
93415,10,0
93416,10,20000
93417,10,30000
93418,10,0
93419,10,50000
93420,10,20000
93421,10,20000
93422,10,0
93423,10,0
93424,10,0
93425,10,20000
93426,10,0
93427,10,10000
93428,10,30000
93429,10,40000
93430,10,50000
93431,10,30000
93432,10,0
93433,10,40000
93434,10,40000
93435,10,50000
93436,10,0
93437,10,30000
93438,10,10000
93439,10,20000
93440,10,20000
93441,10,20000
93442,10,50000
93443,10,5000
93444,10,10000
93445,10,10000
93446,10,0
93447,10,20000
93448,10,30000
93449,10,10000
93450,10,10000
93451,10,50000
93452,10,5000
93453,10,0
93454,10,30000
93455,10,50000
93456,10,0
93457,10,0
93458,10,0
93459,10,20000
93460,10,20000
93461,10,40000
93462,10,10000
93463,10,50000
93464,10,10000
93465,10,10
93466,10,10000
93467,10,40000
93468,10,0
93469,10,0
93470,10,0
93471,10,0
93472,10,0
93473,10,20000
93474,10,0
93475,10,50000
93476,10,50000
93477,10,20000
93478,10,0
93479,10,0
93480,10,30000
93481,10,0
93482,10,0
93483,10,30000
93484,10,0
93485,10,0
93486,10,50000
93487,10,0
93488,10,10000
93489,10,20000
93490,10,0
93491,10,40000
93492,10,10000
93493,10,10000
93494,10,5000
93495,10,30000
93496,10,20000
93497,10,5000
93498,10,10000
93499,10,30000
93500,10,20000
93501,10,0
93502,10,0
93503,10,10000
93504,10,10000
93505,10,40000
93506,10,20000
93507,10,50000
93508,10,5000
93509,10,10000
93510,10,30000
93511,10,30000
93512,10,20000
93513,10,10000
93514,10,10000
93515,10,30000
93516,10,30000
93517,10,10000
93518,10,10000
93519,10,30000
93520,10,30000
93521,10,50000
93522,10,0
93523,10,0
93524,10,0
93525,10,20000
93526,10,0
93527,10,30000
93528,10,20000
93529,10,40000
93530,10,10000
93531,10,50000
93532,10,10000
93533,10,30000
93534,10,0
93535,10,50000
93536,10,50000
93537,10,0
93538,10,30000
93539,10,5000
93540,10,10000
93541,10,0
93542,10,20000
93543,10,40000
93544,10,40000
93545,10,30000
93546,10,10000
93547,10,0
93548,10,0
93549,10,30000
93550,10,10000
93551,10,20000
93552,10,0
93553,10,5000
93554,10,30000
93555,10,10000
93556,10,0
93557,10,20000
93558,10,0
93559,10,10000
93560,10,40000
93561,10,20000
93562,10,5000
93563,10,30000
93564,10,20000
93565,10,5000
93566,10,30000
93567,10,50000
93568,10,30000
93569,10,30000
93570,10,0
93571,10,20000
93572,10,20000
93573,10,20000
93574,10,0
93575,10,40000
93576,10,0
93577,10,40000
93578,10,50000
93579,10,0
93580,10,10000
93581,10,30000
93582,10,50000
93583,10,20000
93584,10,30000
93585,10,5000
93586,10,50000
93587,10,40000
93588,10,20000
93589,10,0
93590,10,30000
93591,10,0
93592,10,30000
93593,10,5000
93594,10,5000
93595,10,30000
93596,10,0
93597,10,30000
93598,10,40000
93599,10,40000
93600,10,5000
93601,10,50000
93602,10,0
93603,10,5000
93604,10,5000
93605,10,0
93606,10,5000
93607,10,10000
93608,10,20000
93609,10,10000
93610,10,10000
93611,10,20000
93612,10,20000
93613,10,5000
93614,10,50000
93615,10,0
93616,10,50000
93617,10,50000
93618,10,30000
93619,10,0
93620,10,0
93621,10,10000
93622,10,30000
93623,10,20000
93624,10,0
93625,10,40000
93626,10,30000
93627,10,0
93628,10,20000
93629,10,30000
93630,10,40000
93631,10,30000
93632,10,50000
93633,10,50000
93634,10,0
93635,10,10
93636,10,5000
93637,10,50000
93638,10,0
93639,10,20000
93640,10,0
93641,10,10000
93642,10,0
93643,10,20000
93644,10,30000
93645,10,10000
93646,10,30000
93647,10,10000
93648,10,40000
93649,10,0
93650,10,10000
93651,10,30000
93652,10,30000
93653,10,10000
93654,10,40000
93655,10,50000
93656,10,5000
93657,10,20000
93658,10,10000
93659,10,0
93660,10,0
93661,10,30000
93662,10,20000
93663,10,40000
93664,10,50000
93665,10,40000
93666,10,50000
93667,10,0
93668,10,40000
93669,10,10000
93670,10,50000
93671,10,40000
93672,10,0
93673,10,0
93674,10,0
93675,10,30000
93676,10,30000
93677,10,20000
93678,10,0
93679,10,10000
93680,10,50000
93681,10,0
93682,10,0
93683,10,10000
93684,10,30000
93685,10,30000
93686,10,20000
93687,10,30000
93688,10,20000
93689,10,50000
93690,10,20000
93691,10,0
93692,10,5000
93693,10,10000
93694,10,0
93695,10,5000
93696,10,10
93697,10,30000
93698,10,20000
93699,10,20000
93700,10,30000
93701,10,0
93702,10,0
93703,10,50000
93704,10,20000
93705,10,50000
93706,10,30000
93707,10,5000
93708,10,10000
93709,10,0
93710,10,40000
93711,10,50000
93712,10,50000
93713,10,0
93714,10,5000
93715,10,0
93716,10,10000
93717,10,30000
93718,10,10000
93719,10,20000
93720,10,5000
93721,10,5000
93722,10,10000
93723,10,30000
93724,10,50000
93725,10,0
93726,10,10000
93727,10,50000
93728,10,20000
93729,10,30000
93730,10,40000
93731,10,0
93732,10,0
93733,10,50000
93734,10,0
93735,10,0
93736,10,40000
93737,10,30000
93738,10,20000
93739,10,0
93740,10,0
93741,10,40000
93742,10,20000
93743,10,50000
93744,10,30000
93745,10,0
93746,10,40000
93747,10,0
93748,10,50000
93749,10,0
93750,10,30000
93751,10,20000
93752,10,30000
93753,10,0
93754,10,0
93755,10,5000
93756,10,5000
93757,10,20000
93758,10,0
93759,10,0
93760,10,0
93761,10,0
93762,10,10000
93763,10,50000
93764,10,20000
93765,10,50000
93766,10,50000
93767,10,5000
93768,10,5000
93769,10,20000
93770,10,0
93771,10,0
93772,10,0
93773,10,0
93774,10,40000
93775,10,0
93776,10,50000
93777,10,30000
93778,10,40000
93779,10,30000
93780,10,20000
93781,10,5000
93782,10,5000
93783,10,10000
93784,10,0
93785,10,40000
93786,10,0
93787,10,0
93788,10,20000
93789,10,30000
93790,10,30000
93791,10,30000
93792,10,0
93793,10,0
93794,10,0
93795,10,5000
93796,10,20000
93797,10,40000
93798,10,5000
93799,10,50000
93800,10,20000
93801,10,10000
93802,10,20000
93803,10,50000
93804,10,30000
93805,10,50000
93806,10,20000
93807,10,0
93808,10,0
93809,10,50000
93810,10,20000
93811,10,20000
93812,10,0
93813,10,5000
93814,10,10000
93815,10,0
93816,10,0
93817,10,40000
93818,10,20000
93819,10,0
93820,10,30000
93821,10,0
93822,10,10000
93823,10,30000
93824,10,40000
93825,10,10000
93826,10,30000
93827,10,50000
93828,10,30000
93829,10,30000
93830,10,40000
93831,10,0
93832,10,0
93833,10,30000
93834,10,40000
93835,10,20000
93836,10,20000
93837,10,30000
93838,10,0
93839,10,10000
93840,10,5000
93841,10,0
93842,10,0
93843,10,0
93844,10,30000
93845,10,5000
93846,10,30000
93847,10,20000
93848,10,50000
93849,10,20000
93850,10,5000
93851,10,30000
93852,10,30000
93853,10,50000
93854,10,50000
93855,10,10000
93856,10,20000
93857,10,40000
93858,10,0
93859,10,50000
93860,10,5000
93861,10,20000
93862,10,30000
93863,10,20000
93864,10,40000
93865,10,0
93866,10,50000
93867,10,5000
93868,10,0
93869,10,40000
93870,10,30000
93871,10,20000
93872,10,10000
93873,10,20000
93874,10,40000
93875,10,40000
93876,10,0
93877,10,0
93878,10,30000
93879,10,30000
93880,10,40000
93881,10,50000
93882,10,0
93883,10,10000
93884,10,40000
93885,10,40000
93886,10,50000
93887,10,20000
93888,10,0
93889,10,50000
93890,10,30000
93891,10,40000
93892,10,40000
93893,10,30000
93894,10,0
93895,10,20000
93896,10,50000
93897,10,5000
93898,10,0
93899,10,0
93900,10,50000
93901,10,30000
93902,10,50000
93903,10,30000
93904,10,0
93905,10,0
93906,10,30000
93907,10,10000
93908,10,0
93909,10,50000
93910,10,0
93911,10,40000
93912,10,50000
93913,10,30000
93914,10,5000
93915,10,40000
93916,10,30000
93917,10,20000
93918,10,20000
93919,10,20000
93920,10,5000
93921,10,20000
93922,10,5000
93923,10,30000
93924,10,30000
93925,10,50000
93926,10,0
93927,10,30000
93928,10,40000
93929,10,30000
93930,10,50000
93931,10,10000
93932,10,30000
93933,10,10000
93934,10,30000
93935,10,0
93936,10,0
93937,10,40000
93938,10,5000
93939,10,20000
93940,10,10000
93941,10,30000
93942,10,20000
93943,10,30000
93944,10,30000
93945,10,0
93946,10,30000
93947,10,0
93948,10,10000
93949,10,0
93950,10,10000
93951,10,5000
93952,10,20000
93953,10,5000
93954,10,0
93955,10,0
93956,10,30000
93957,10,5000
93958,10,0
93959,10,0
93960,10,5000
93961,10,20000
93962,10,30000
93963,10,10000
93964,10,5000
93965,10,10000
93966,10,40000
93967,10,0
93968,10,20000
93969,10,5000
93970,10,40000
93971,10,5000
93972,10,20000
93973,10,50000
93974,10,10000
93975,10,30000
93976,10,5000
93977,10,40000
93978,10,10000
93979,10,0
93980,10,0
93981,10,40000
93982,10,40000
93983,10,50000
93984,10,5000
93985,10,10000
93986,10,5000
93987,10,5000
93988,10,0
93989,10,30000
93990,10,30000
93991,10,50000
93992,10,30000
93993,10,20000
93994,10,10000
93995,10,20000
93996,10,50000
93997,10,40000
93998,10,5000
93999,10,5000
94000,10,30000
94001,10,5000
94002,10,30000
94003,10,50000
94004,10,30000
94005,10,40000
94006,10,40000
94007,10,40000
94008,10,20000
94009,10,10000
94010,10,30000
94011,10,30000
94012,10,10000
94013,10,50000
94014,10,0
94015,10,30000
94016,10,0
94017,10,30000
94018,10,50000
94019,10,10000
94020,10,20000
94021,10,20000
94022,10,0
94023,10,10000
94024,10,30000
94025,10,10000
94026,10,0
94027,10,30000
94028,10,20000
94029,10,10000
94030,10,20000
94031,10,20000
94032,10,0
94033,10,30000
94034,10,20000
94035,10,20000
94036,10,40000
94037,10,5000
94038,10,10000
94039,10,20000
94040,10,0
94041,10,20000
94042,10,40000
94043,10,5000
94044,10,10000
94045,10,0
94046,10,0
94047,10,0
94048,10,5000
94049,10,30000
94050,10,0
94051,10,0
94052,10,50000
94053,10,20000
94054,10,40000
94055,10,5000
94056,10,10000
94057,10,0
94058,10,0
94059,10,5000
94060,10,50000
94061,10,20000
94062,10,40000
94063,10,30000
94064,10,0
94065,10,50000
94066,10,5000
94067,10,20000
94068,10,10000
94069,10,0
94070,10,50000
94071,10,20000
94072,10,40000
94073,10,5000
94074,10,0
94075,10,10000
94076,10,0
94077,10,0
94078,10,20000
94079,10,0
94080,10,30000
94081,10,20000
94082,10,10000
94083,10,5000
94084,10,5000
94085,10,40000
94086,10,20000
94087,10,30000
94088,10,0
94089,10,20000
94090,10,50000
94091,10,20000
94092,10,30000
94093,10,5000
94094,10,50000
94095,10,20000
94096,10,30000
94097,10,5000
94098,10,10000
94099,10,0
94100,10,5000
94101,10,40000
94102,10,40000
94103,10,30000
94104,10,0
94105,10,0
94106,10,0
94107,10,20000
94108,10,0
94109,10,5000
94110,10,0
94111,10,10000
94112,10,5000
94113,10,30000
94114,10,0
94115,10,50000
94116,10,20000
94117,10,0
94118,10,0
94119,10,30000
94120,10,20000
94121,10,0
94122,10,40000
94123,10,0
94124,10,30000
94125,10,0
94126,10,40000
94127,10,50000
94128,10,0
94129,10,0
94130,10,30000
94131,10,20000
94132,10,40000
94133,10,20000
94134,10,0
94135,10,30000
94136,10,30000
94137,10,50000
94138,10,20000
94139,10,30000
94140,10,30000
94141,10,10
94142,10,50000
94143,10,30000
94144,10,20000
94145,10,0
94146,10,30000
94147,10,20000
94148,10,10000
94149,10,0
94150,10,0
94151,10,10000
94152,10,0
94153,10,40000
94154,10,20000
94155,10,20000
94156,10,20000
94157,10,0
94158,10,50000
94159,10,0
94160,10,50000
94161,10,10000
94162,10,50000
94163,10,20000
94164,10,0
94165,10,20000
94166,10,20000
94167,10,20000
94168,10,0
94169,10,20000
94170,10,5000
94171,10,40000
94172,10,0
94173,10,0
94174,10,5000
94175,10,50000
94176,10,10000
94177,10,30000
94178,10,50000
94179,10,0
94180,10,0
94181,10,40000
94182,10,10
94183,10,0
94184,10,0
94185,10,20000
94186,10,20000
94187,10,10000
94188,10,30000
94189,10,50000
94190,10,20000
94191,10,50000
94192,10,10000
94193,10,0
94194,10,0
94195,10,5000
94196,10,0
94197,10,20000
94198,10,20000
94199,10,30000
94200,10,30000
94201,10,20000
94202,10,10000
94203,10,40000
94204,10,0
94205,10,0
94206,10,5000
94207,10,20000
94208,10,20000
94209,10,50000
94210,10,30000
94211,10,40000
94212,10,10000
94213,10,30000
94214,10,20000
94215,10,5000
94216,10,50000
94217,10,0
94218,10,50000
94219,10,40000
94220,10,50000
94221,10,30000
94222,10,10000
94223,10,40000
94224,10,30000
94225,10,0
94226,10,0
94227,10,40000
94228,10,20000
94229,10,30000
94230,10,0
94231,10,50000
94232,10,40000
94233,10,30000
94234,10,20000
94235,10,20000
94236,10,50000
94237,10,0
94238,10,50000
94239,10,20000
94240,10,30000
94241,10,0
94242,10,0
94243,10,30000
94244,10,20000
94245,10,10000
94246,10,0
94247,10,5000
94248,10,30000
94249,10,0
94250,10,20000
94251,10,40000
94252,10,5000
94253,10,0
94254,10,30000
94255,10,0
94256,10,50000
94257,10,30000
94258,10,10000
94259,10,5000
94260,10,5000
94261,10,50000
94262,10,0
94263,10,10000
94264,10,5000
94265,10,10000
94266,10,10000
94267,10,10000
94268,10,20000
94269,10,0
94270,10,20000
94271,10,20000
94272,10,20000
94273,10,0
94274,10,30000
94275,10,0
94276,10,0
94277,10,0
94278,10,0
94279,10,5000
94280,10,0
94281,10,5000
94282,10,30000
94283,10,0
94284,10,10000
94285,10,30000
94286,10,0
94287,10,10000
94288,10,0
94289,10,0
94290,10,0
94291,10,5000
94292,10,50000
94293,10,0
94294,10,5000
94295,10,0
94296,10,30000
94297,10,30000
94298,10,0
94299,10,0
94300,10,0
94301,10,40000
94302,10,40000
94303,10,50000
94304,10,40000
94305,10,0
94306,10,50000
94307,10,30000
94308,10,30000
94309,10,30000
94310,10,10000
94311,10,50000
94312,10,50000
94313,10,20000
94314,10,30000
94315,10,0
94316,10,0
94317,10,40000
94318,10,30000
94319,10,0
94320,10,0
94321,10,0
94322,10,0
94323,10,50000
94324,10,0
94325,10,5000
94326,10,50000
94327,10,10000
94328,10,50000
94329,10,10000
94330,10,20000
94331,10,20000
94332,10,40000
94333,10,40000
94334,10,40000
94335,10,0
94336,10,5000
94337,10,30000
94338,10,20000
94339,10,10000
94340,10,0
94341,10,0
94342,10,0
94343,10,0
94344,10,20000
94345,10,30000
94346,10,20000
94347,10,0
94348,10,40000
94349,10,0
94350,10,5000
94351,10,20000
94352,10,0
94353,10,30000
94354,10,5000
94355,10,50000
94356,10,0
94357,10,50000
94358,10,30000
94359,10,0
94360,10,20000
94361,10,10000
94362,10,10000
94363,10,20000
94364,10,50000
94365,10,0
94366,10,0
94367,10,10000
94368,10,20000
94369,10,0
94370,10,40000
94371,10,0
94372,10,40000
94373,10,20000
94374,10,5000
94375,10,0
94376,10,40000
94377,10,10000
94378,10,0
94379,10,30000
94380,10,30000
94381,10,5000
94382,10,20000
94383,10,0
94384,10,30000
94385,10,30000
94386,10,5000
94387,10,0
94388,10,0
94389,10,0
94390,10,50000
94391,10,5000
94392,10,20000
94393,10,0
94394,10,5000
94395,10,20000
94396,10,20000
94397,10,0
94398,10,20000
94399,10,30000
94400,10,20000
94401,10,20000
94402,10,20000
94403,10,20000
94404,10,0
94405,10,0
94406,10,0
94407,10,5000
94408,10,0
94409,10,10000
94410,10,30000
94411,10,50000
94412,10,50000
94413,10,0
94414,10,40000
94415,10,20000
94416,10,10000
94417,10,0
94418,10,30000
94419,10,0
94420,10,0
94421,10,0
94422,10,5000
94423,10,10000
94424,10,50000
94425,10,5000
94426,10,5000
94427,10,5000
94428,10,20000
94429,10,10000
94430,10,0
94431,10,30000
94432,10,30000
94433,10,20000
94434,10,20000
94435,10,0
94436,10,5000
94437,10,5000
94438,10,5000
94439,10,30000
94440,10,0
94441,10,0
94442,10,50000
94443,10,5000
94444,10,0
94445,10,5000
94446,10,30000
94447,10,20000
94448,10,20000
94449,10,20000
94450,10,30000
94451,10,5000
94452,10,50000
94453,10,30000
94454,10,0
94455,10,40000
94456,10,40000
94457,10,20000
94458,10,0
94459,10,40000
94460,10,30000
94461,10,40000
94462,10,0
94463,10,20000
94464,10,20000
94465,10,50000
94466,10,20000
94467,10,30000
94468,10,5000
94469,10,40000
94470,10,0
94471,10,0
94472,10,5000
94473,10,0
94474,10,30000
94475,10,0
94476,10,10000
94477,10,50000
94478,10,40000
94479,10,0
94480,10,10000
94481,10,20000
94482,10,0
94483,10,20000
94484,10,40000
94485,10,5000
94486,10,5000
94487,10,50000
94488,10,30000
94489,10,20000
94490,10,20000
94491,10,0
94492,10,0
94493,10,0
94494,10,10000
94495,10,0
94496,10,10000
94497,10,20000
94498,10,0
94499,10,0
94500,10,30000
94501,10,5000
94502,10,50000
94503,10,50000
94504,10,30000
94505,10,50000
94506,10,10000
94507,10,40000
94508,10,5000
94509,10,50000
94510,10,0
94511,10,10000
94512,10,30000
94513,10,10000
94514,10,0
94515,10,30000
94516,10,20000
94517,10,30000
94518,10,30000
94519,10,0
94520,10,50000
94521,10,0
94522,10,50000
94523,10,20000
94524,10,5000
94525,10,10000
94526,10,20000
94527,10,30000
94528,10,20000
94529,10,50000
94530,10,0
94531,10,5000
94532,10,20000
94533,10,20000
94534,10,10000
94535,10,0
94536,10,20000
94537,10,20000
94538,10,40000
94539,10,50000
94540,10,5000
94541,10,10000
94542,10,5000
94543,10,20000
94544,10,40000
94545,10,0
94546,10,10000
94547,10,0
94548,10,30000
94549,10,20000
94550,10,50000
94551,10,50000
94552,10,20000
94553,10,0
94554,10,0
94555,10,40000
94556,10,0
94557,10,30000
94558,10,10000
94559,10,5000
94560,10,20000
94561,10,20000
94562,10,5000
94563,10,0
94564,10,5000
94565,10,30000
94566,10,0
94567,10,40000
94568,10,50000
94569,10,0
94570,10,0
94571,10,50000
94572,10,50000
94573,10,30000
94574,10,20000
94575,10,40000
94576,10,20000
94577,10,5000
94578,10,20000
94579,10,10000
94580,10,50000
94581,10,0
94582,10,30000
94583,10,30000
94584,10,20000
94585,10,20000
94586,10,20000
94587,10,30000
94588,10,0
94589,10,20000
94590,10,20000
94591,10,5000
94592,10,0
94593,10,0
94594,10,5000
94595,10,0
94596,10,0
94597,10,20000
94598,10,50000
94599,10,40000
94600,10,10000
94601,10,40000
94602,10,0
94603,10,0
94604,10,20000
94605,10,0
94606,10,10000
94607,10,20000
94608,10,0
94609,10,10000
94610,10,20000
94611,10,50000
94612,10,50000
94613,10,5000
94614,10,50000
94615,10,20000
94616,10,40000
94617,10,30000
94618,10,5000
94619,10,20000
94620,10,0
94621,10,20000
94622,10,10000
94623,10,0
94624,10,10000
94625,10,20000
94626,10,30000
94627,10,0
94628,10,0
94629,10,50000
94630,10,40000
94631,10,0
94632,10,0
94633,10,10
94634,10,0
94635,10,0
94636,10,10000
94637,10,10000
94638,10,10000
94639,10,30000
94640,10,5000
94641,10,20000
94642,10,30000
94643,10,30000
94644,10,50000
94645,10,5000
94646,10,10000
94647,10,5000
94648,10,50000
94649,10,10000
94650,10,20000
94651,10,40000
94652,10,0
94653,10,10000
94654,10,0
94655,10,0
94656,10,5000
94657,10,10000
94658,10,0
94659,10,5000
94660,10,50000
94661,10,20000
94662,10,5000
94663,10,40000
94664,10,20000
94665,10,10000
94666,10,40000
94667,10,0
94668,10,40000
94669,10,0
94670,10,5000
94671,10,10000
94672,10,30000
94673,10,20000
94674,10,0
94675,10,20000
94676,10,30000
94677,10,10000
94678,10,10000
94679,10,10000
94680,10,5000
94681,10,10000
94682,10,0
94683,10,10000
94684,10,0
94685,10,30000
94686,10,30000
94687,10,10000
94688,10,20000
94689,10,30000
94690,10,20000
94691,10,10000
94692,10,40000
94693,10,0
94694,10,30000
94695,10,5000
94696,10,0
94697,10,10000
94698,10,40000
94699,10,0
94700,10,20000
94701,10,20000
94702,10,50000
94703,10,20000
94704,10,20000
94705,10,0
94706,10,5000
94707,10,0
94708,10,40000
94709,10,0
94710,10,20000
94711,10,30000
94712,10,5000
94713,10,0
94714,10,50000
94715,10,0
94716,10,5000
94717,10,5000
94718,10,30000
94719,10,50000
94720,10,20000
94721,10,30000
94722,10,0
94723,10,30000
94724,10,50000
94725,10,20000
94726,10,50000
94727,10,20000
94728,10,0
94729,10,5000
94730,10,30000
94731,10,30000
94732,10,20000
94733,10,30000
94734,10,5000
94735,10,10000
94736,10,50000
94737,10,20000
94738,10,5000
94739,10,30000
94740,10,30000
94741,10,0
94742,10,10
94743,10,0
94744,10,30000
94745,10,20000
94746,10,50000
94747,10,5000
94748,10,0
94749,10,40000
94750,10,30000
94751,10,20000
94752,10,0
94753,10,30000
94754,10,20000
94755,10,40000
94756,10,30000
94757,10,20000
94758,10,20000
94759,10,0
94760,10,10000
94761,10,20000
94762,10,40000
94763,10,20000
94764,10,10000
94765,10,5000
94766,10,20000
94767,10,0
94768,10,0
94769,10,30000
94770,10,0
94771,10,20000
94772,10,20000
94773,10,30000
94774,10,30000
94775,10,30000
94776,10,5000
94777,10,10000
94778,10,0
94779,10,0
94780,10,50000
94781,10,20000
94782,10,0
94783,10,40000
94784,10,0
94785,10,30000
94786,10,0
94787,10,40000
94788,10,0
94789,10,40000
94790,10,0
94791,10,50000
94792,10,20000
94793,10,0
94794,10,10000
94795,10,20000
94796,10,5000
94797,10,30000
94798,10,50000
94799,10,0
94800,10,20000
94801,10,5000
94802,10,0
94803,10,40000
94804,10,0
94805,10,10000
94806,10,40000
94807,10,20000
94808,10,10000
94809,10,30000
94810,10,10000
94811,10,40000
94812,10,20000
94813,10,0
94814,10,0
94815,10,0
94816,10,10000
94817,10,5000
94818,10,0
94819,10,0
94820,10,50000
94821,10,5000
94822,10,0
94823,10,50000
94824,10,20000
94825,10,0
94826,10,0
94827,10,30000
94828,10,0
94829,10,0
94830,10,0
94831,10,0
94832,10,0
94833,10,0
94834,10,0
94835,10,30000
94836,10,0
94837,10,30000
94838,10,0
94839,10,5000
94840,10,0
94841,10,40000
94842,10,20000
94843,10,5000
94844,10,30000
94845,10,10000
94846,10,50000
94847,10,50000
94848,10,5000
94849,10,40000
94850,10,10000
94851,10,50000
94852,10,50000
94853,10,0
94854,10,30000
94855,10,40000
94856,10,40000
94857,10,0
94858,10,0
94859,10,30000
94860,10,0
94861,10,40000
94862,10,40000
94863,10,50000
94864,10,0
94865,10,20000
94866,10,30000
94867,10,0
94868,10,40000
94869,10,20000
94870,10,10000
94871,10,20000
94872,10,20000
94873,10,5000
94874,10,40000
94875,10,40000
94876,10,20000
94877,10,40000
94878,10,30000
94879,10,50000
94880,10,0
94881,10,0
94882,10,5000
94883,10,10000
94884,10,0
94885,10,0
94886,10,20000
94887,10,0
94888,10,30000
94889,10,0
94890,10,40000
94891,10,0
94892,10,5000
94893,10,10000
94894,10,0
94895,10,30000
94896,10,0
94897,10,50000
94898,10,0
94899,10,0
94900,10,10000
94901,10,5000
94902,10,40000
94903,10,50000
94904,10,20000
94905,10,50000
94906,10,40000
94907,10,40000
94908,10,30000
94909,10,30000
94910,10,5000
94911,10,20000
94912,10,0
94913,10,0
94914,10,10000
94915,10,40000
94916,10,50000
94917,10,40000
94918,10,5000
94919,10,0
94920,10,0
94921,10,20000
94922,10,30000
94923,10,40000
94924,10,50000
94925,10,0
94926,10,50000
94927,10,5000
94928,10,10000
94929,10,5000
94930,10,50000
94931,10,30000
94932,10,10000
94933,10,30000
94934,10,10000
94935,10,30000
94936,10,20000
94937,10,0
94938,10,40000
94939,10,0
94940,10,5000
94941,10,30000
94942,10,0
94943,10,0
94944,10,30000
94945,10,20000
94946,10,20000
94947,10,10000
94948,10,0
94949,10,50000
94950,10,30000
94951,10,0
94952,10,0
94953,10,10000
94954,10,30000
94955,10,0
94956,10,20000
94957,10,10000
94958,10,0
94959,10,10000
94960,10,20000
94961,10,10000
94962,10,0
94963,10,40000
94964,10,20000
94965,10,50000
94966,10,10000
94967,10,5000
94968,10,20000
94969,10,0
94970,10,0
94971,10,10000
94972,10,20000
94973,10,0
94974,10,50000
94975,10,50000
94976,10,20000
94977,10,40000
94978,10,30000
94979,10,10000
94980,10,30000
94981,10,0
94982,10,5000
94983,10,0
94984,10,0
94985,10,40000
94986,10,30000
94987,10,0
94988,10,0
94989,10,0
94990,10,0
94991,10,50000
94992,10,0
94993,10,40000
94994,10,10000
94995,10,0
94996,10,50000
94997,10,0
94998,10,40000
94999,10,40000
95000,10,0
95001,10,0
95002,10,5000
95003,10,0
95004,10,50000
95005,10,0
95006,10,5000
95007,10,50000
95008,10,50000
95009,10,0
95010,10,20000
95011,10,0
95012,10,0
95013,10,40000
95014,10,30000
95015,10,30000
95016,10,30000
95017,10,0
95018,10,5000
95019,10,40000
95020,10,0
95021,10,0
95022,10,20000
95023,10,0
95024,10,5000
95025,10,30000
95026,10,0
95027,10,0
95028,10,0
95029,10,40000
95030,10,50000
95031,10,20000
95032,10,10000
95033,10,0
95034,10,30000
95035,10,10000
95036,10,30000
95037,10,0
95038,10,30000
95039,10,40000
95040,10,50000
95041,10,40000
95042,10,40000
95043,10,20000
95044,10,5000
95045,10,40000
95046,10,10000
95047,10,5000
95048,10,30000
95049,10,40000
95050,10,30000
95051,10,0
95052,10,30000
95053,10,50000
95054,10,30000
95055,10,20000
95056,10,0
95057,10,0
95058,10,50000
95059,10,20000
95060,10,30000
95061,10,50000
95062,10,0
95063,10,5000
95064,10,0
95065,10,30000
95066,10,0
95067,10,40000
95068,10,5000
95069,10,10000
95070,10,20000
95071,10,20000
95072,10,0
95073,10,5000
95074,10,20000
95075,10,0
95076,10,0
95077,10,10000
95078,10,0
95079,10,40000
95080,10,40000
95081,10,30000
95082,10,0
95083,10,0
95084,10,5000
95085,10,40000
95086,10,30000
95087,10,0
95088,10,40000
95089,10,30000
95090,10,0
95091,10,20000
95092,10,30000
95093,10,50000
95094,10,20000
95095,10,30000
95096,10,0
95097,10,0
95098,10,10000
95099,10,20000
95100,10,10000
95101,10,0
95102,10,10000
95103,10,20000
95104,10,10
95105,10,50000
95106,10,40000
95107,10,50000
95108,10,30000
95109,10,50000
95110,10,0
95111,10,10000
95112,10,20000
95113,10,5000
95114,10,10000
95115,10,0
95116,10,0
95117,10,10000
95118,10,50000
95119,10,0
95120,10,0
95121,10,30000
95122,10,50000
95123,10,10000
95124,10,20000
95125,10,0
95126,10,50000
95127,10,50000
95128,10,10000
95129,10,0
95130,10,5000
95131,10,10000
95132,10,0
95133,10,50000
95134,10,30000
95135,10,20000
95136,10,20000
95137,10,50000
95138,10,0
95139,10,40000
95140,10,5000
95141,10,30000
95142,10,30000
95143,10,30000
95144,10,40000
95145,10,0
95146,10,0
95147,10,40000
95148,10,5000
95149,10,0
95150,10,50000
95151,10,50000
95152,10,50000
95153,10,20000
95154,10,40000
95155,10,0
95156,10,5000
95157,10,0
95158,10,0
95159,10,10000
95160,10,50000
95161,10,30000
95162,10,0
95163,10,5000
95164,10,40000
95165,10,40000
95166,10,5000
95167,10,0
95168,10,0
95169,10,50000
95170,10,20000
95171,10,40000
95172,10,0
95173,10,10000
95174,10,30000
95175,10,50000
95176,10,0
95177,10,5000
95178,10,20000
95179,10,40000
95180,10,10000
95181,10,30000
95182,10,20000
95183,10,10000
95184,10,20000
95185,10,20000
95186,10,10000
95187,10,30000
95188,10,0
95189,10,40000
95190,10,5000
95191,10,5000
95192,10,50000
95193,10,50000
95194,10,50000
95195,10,0
95196,10,0
95197,10,5000
95198,10,50000
95199,10,50000
95200,10,0
95201,10,50000
95202,10,40000
95203,10,20000
95204,10,0
95205,10,0
95206,10,5000
95207,10,0
95208,10,20000
95209,10,30000
95210,10,0
95211,10,50000
95212,10,50000
95213,10,0
95214,10,20000
95215,10,20000
95216,10,10000
95217,10,20000
95218,10,0
95219,10,0
95220,10,0
95221,10,0
95222,10,5000
95223,10,20000
95224,10,20000
95225,10,0
95226,10,30000
95227,10,40000
95228,10,10000
95229,10,30000
95230,10,50000
95231,10,5000
95232,10,20000
95233,10,50000
95234,10,30000
95235,10,50000
95236,10,20000
95237,10,20000
95238,10,20000
95239,10,0
95240,10,30000
95241,10,30000
95242,10,0
95243,10,30000
95244,10,50000
95245,10,40000
95246,10,40000
95247,10,30000
95248,10,30000
95249,10,40000
95250,10,5000
95251,10,10000
95252,10,40000
95253,10,0
95254,10,30000
95255,10,10000
95256,10,40000
95257,10,40000
95258,10,0
95259,10,0
95260,10,0
95261,10,30000
95262,10,10000
95263,10,50000
95264,10,30000
95265,10,40000
95266,10,40000
95267,10,10000
95268,10,5000
95269,10,5000
95270,10,40000
95271,10,40000
95272,10,30000
95273,10,40000
95274,10,20000
95275,10,40000
95276,10,5000
95277,10,40000
95278,10,50000
95279,10,20000
95280,10,5000
95281,10,5000
95282,10,10000
95283,10,30000
95284,10,5000
95285,10,40000
95286,10,10000
95287,10,0
95288,10,50000
95289,10,20000
95290,10,5000
95291,10,40000
95292,10,50000
95293,10,0
95294,10,20000
95295,10,0
95296,10,30000
95297,10,10000
95298,10,10000
95299,10,20000
95300,10,50000
95301,10,50000
95302,10,50000
95303,10,30000
95304,10,30000
95305,10,40000
95306,10,20000
95307,10,10000
95308,10,20000
95309,10,0
95310,10,30000
95311,10,40000
95312,10,20000
95313,10,10000
95314,10,50000
95315,10,30000
95316,10,0
95317,10,40000
95318,10,20000
95319,10,20000
95320,10,30000
95321,10,10000
95322,10,30000
95323,10,20000
95324,10,30000
95325,10,5000
95326,10,20000
95327,10,40000
95328,10,5000
95329,10,30000
95330,10,0
95331,10,0
95332,10,30000
95333,10,30000
95334,10,30000
95335,10,0
95336,10,30000
95337,10,30000
95338,10,40000
95339,10,5000
95340,10,50000
95341,10,0
95342,10,30000
95343,10,20000
95344,10,0
95345,10,40000
95346,10,0
95347,10,20000
95348,10,30000
95349,10,40000
95350,10,40000
95351,10,10
95352,10,10
95353,10,20000
95354,10,30000
95355,10,0
95356,10,20000
95357,10,0
95358,10,30000
95359,10,10000
95360,10,50000
95361,10,40000
95362,10,50000
95363,10,20000
95364,10,50000
95365,10,40000
95366,10,40000
95367,10,20000
95368,10,40000
95369,10,30000
95370,10,0
95371,10,0
95372,10,0
95373,10,10000
95374,10,0
95375,10,30000
95376,10,0
95377,10,30000
95378,10,0
95379,10,0
95380,10,20000
95381,10,50000
95382,10,40000
95383,10,0
95384,10,40000
95385,10,40000
95386,10,30000
95387,10,40000
95388,10,0
95389,10,40000
95390,10,0
95391,10,40000
95392,10,0
95393,10,10000
95394,10,5000
95395,10,10000
95396,10,30000
95397,10,0
95398,10,0
95399,10,30000
95400,10,30000
95401,10,10000
95402,10,50000
95403,10,40000
95404,10,40000
95405,10,0
95406,10,5000
95407,10,5000
95408,10,20000
95409,10,50000
95410,10,50000
95411,10,0
95412,10,20000
95413,10,5000
95414,10,20000
95415,10,50000
95416,10,50000
95417,10,10000
95418,10,30000
95419,10,20000
95420,10,0
95421,10,20000
95422,10,30000
95423,10,20000
95424,10,0
95425,10,40000
95426,10,30000
95427,10,40000
95428,10,20000
95429,10,30000
95430,10,40000
95431,10,20000
95432,10,0
95433,10,0
95434,10,10000
95435,10,50000
95436,10,10000
95437,10,50000
95438,10,10000
95439,10,0
95440,10,20000
95441,10,5000
95442,10,5000
95443,10,20000
95444,10,30000
95445,10,0
95446,10,5000
95447,10,40000
95448,10,0
95449,10,0
95450,10,20000
95451,10,50000
95452,10,30000
95453,10,50000
95454,10,5000
95455,10,40000
95456,10,10000
95457,10,0
95458,10,50000
95459,10,0
95460,10,20000
95461,10,30000
95462,10,0
95463,10,30000
95464,10,30000
95465,10,20000
95466,10,30000
95467,10,30000
95468,10,20000
95469,10,30000
95470,10,30000
95471,10,20000
95472,10,30000
95473,10,20000
95474,10,30000
95475,10,50000
95476,10,20000
95477,10,30000
95478,10,50000
95479,10,40000
95480,10,40000
95481,10,20000
95482,10,40000
95483,10,20000
95484,10,0
95485,10,0
95486,10,20000
95487,10,20000
95488,10,0
95489,10,0
95490,10,50000
95491,10,30000
95492,10,5000
95493,10,20000
95494,10,30000
95495,10,30000
95496,10,50000
95497,10,50000
95498,10,10000
95499,10,20000
95500,10,0
95501,10,0
95502,10,50000
95503,10,5000
95504,10,5000
95505,10,50000
95506,10,0
95507,10,0
95508,10,50000
95509,10,0
95510,10,0
95511,10,40000
95512,10,20000
95513,10,20000
95514,10,0
95515,10,20000
95516,10,5000
95517,10,30000
95518,10,40000
95519,10,10000
95520,10,5000
95521,10,20000
95522,10,50000
95523,10,20000
95524,10,30000
95525,10,30000
95526,10,0
95527,10,20000
95528,10,5000
95529,10,5000
95530,10,0
95531,10,30000
95532,10,20000
95533,10,30000
95534,10,50000
95535,10,30000
95536,10,20000
95537,10,0
95538,10,10000
95539,10,50000
95540,10,30000
95541,10,20000
95542,10,30000
95543,10,30000
95544,10,50000
95545,10,20000
95546,10,10000
95547,10,0
95548,10,40000
95549,10,5000
95550,10,20000
95551,10,20000
95552,10,5000
95553,10,5000
95554,10,20000
95555,10,30000
95556,10,5000
95557,10,40000
95558,10,40000
95559,10,0
95560,10,20000
95561,10,0
95562,10,0
95563,10,5000
95564,10,10000
95565,10,30000
95566,10,50000
95567,10,20000
95568,10,0
95569,10,30000
95570,10,50000
95571,10,40000
95572,10,0
95573,10,5000
95574,10,50000
95575,10,5000
95576,10,30000
95577,10,0
95578,10,20000
95579,10,50000
95580,10,0
95581,10,50000
95582,10,50000
95583,10,10000
95584,10,0
95585,10,40000
95586,10,0
95587,10,0
95588,10,0
95589,10,40000
95590,10,50000
95591,10,50000
95592,10,0
95593,10,30000
95594,10,50000
95595,10,40000
95596,10,5000
95597,10,0
95598,10,20000
95599,10,20000
95600,10,30000
95601,10,40000
95602,10,40000
95603,10,50000
95604,10,30000
95605,10,0
95606,10,40000
95607,10,50000
95608,10,20000
95609,10,10000
95610,10,0
95611,10,0
95612,10,30000
95613,10,5000
95614,10,40000
95615,10,20000
95616,10,20000
95617,10,20000
95618,10,0
95619,10,0
95620,10,50000
95621,10,0
95622,10,0
95623,10,40000
95624,10,20000
95625,10,30000
95626,10,20000
95627,10,0
95628,10,0
95629,10,50000
95630,10,0
95631,10,20000
95632,10,10000
95633,10,20000
95634,10,20000
95635,10,40000
95636,10,50000
95637,10,5000
95638,10,40000
95639,10,0
95640,10,5000
95641,10,20000
95642,10,20000
95643,10,10000
95644,10,50000
95645,10,0
95646,10,5000
95647,10,20000
95648,10,0
95649,10,0
95650,10,40000
95651,10,0
95652,10,20000
95653,10,10000
95654,10,5000
95655,10,30000
95656,10,0
95657,10,0
95658,10,10000
95659,10,40000
95660,10,30000
95661,10,0
95662,10,0
95663,10,5000
95664,10,10000
95665,10,5000
95666,10,20000
95667,10,30000
95668,10,10000
95669,10,20000
95670,10,50000
95671,10,0
95672,10,0
95673,10,40000
95674,10,30000
95675,10,10000
95676,10,0
95677,10,0
95678,10,5000
95679,10,50000
95680,10,20000
95681,10,0
95682,10,40000
95683,10,20000
95684,10,40000
95685,10,30000
95686,10,0
95687,10,5000
95688,10,5000
95689,10,30000
95690,10,0
95691,10,30000
95692,10,0
95693,10,0
95694,10,30000
95695,10,5000
95696,10,10000
95697,10,5000
95698,10,0
95699,10,0
95700,10,40000
95701,10,30000
95702,10,5000
95703,10,30000
95704,10,50000
95705,10,30000
95706,10,0
95707,10,10000
95708,10,5000
95709,10,50000
95710,10,5000
95711,10,0
95712,10,50000
95713,10,30000
95714,10,0
95715,10,5000
95716,10,50000
95717,10,0
95718,10,50000
95719,10,50000
95720,10,50000
95721,10,20000
95722,10,0
95723,10,30000
95724,10,20000
95725,10,5000
95726,10,5000
95727,10,30000
95728,10,50000
95729,10,20000
95730,10,20000
95731,10,40000
95732,10,20000
95733,10,5000
95734,10,0
95735,10,30000
95736,10,10000
95737,10,30000
95738,10,0
95739,10,50000
95740,10,0
95741,10,20000
95742,10,20000
95743,10,5000
95744,10,30000
95745,10,30000
95746,10,50000
95747,10,0
95748,10,50000
95749,10,20000
95750,10,20000
95751,10,5000
95752,10,0
95753,10,20000
95754,10,20000
95755,10,5000
95756,10,0
95757,10,20000
95758,10,30000
95759,10,30000
95760,10,40000
95761,10,5000
95762,10,50000
95763,10,40000
95764,10,0
95765,10,20000
95766,10,0
95767,10,0
95768,10,50000
95769,10,0
95770,10,0
95771,10,0
95772,10,20000
95773,10,0
95774,10,20000
95775,10,5000
95776,10,10000
95777,10,30000
95778,10,40000
95779,10,5000
95780,10,30000
95781,10,20000
95782,10,50000
95783,10,0
95784,10,40000
95785,10,50000
95786,10,0
95787,10,0
95788,10,40000
95789,10,30000
95790,10,10000
95791,10,0
95792,10,20000
95793,10,50000
95794,10,40000
95795,10,0
95796,10,30000
95797,10,5000
95798,10,0
95799,10,5000
95800,10,10000
95801,10,30000
95802,10,5000
95803,10,40000
95804,10,50000
95805,10,40000
95806,10,30000
95807,10,10000
95808,10,20000
95809,10,0
95810,10,40000
95811,10,5000
95812,10,5000
95813,10,10000
95814,10,5000
95815,10,0
95816,10,30000
95817,10,0
95818,10,30000
95819,10,30000
95820,10,0
95821,10,40000
95822,10,30000
95823,10,0
95824,10,20000
95825,10,0
95826,10,50000
95827,10,0
95828,10,50000
95829,10,20000
95830,10,5000
95831,10,0
95832,10,5000
95833,10,20000
95834,10,0
95835,10,10000
95836,10,20000
95837,10,40000
95838,10,30000
95839,10,0
95840,10,50000
95841,10,50000
95842,10,20000
95843,10,0
95844,10,0
95845,10,0
95846,10,30000
95847,10,5000
95848,10,10000
95849,10,20000
95850,10,20000
95851,10,30000
95852,10,5000
95853,10,10000
95854,10,20000
95855,10,0
95856,10,30000
95857,10,10000
95858,10,0
95859,10,20000
95860,10,40000
95861,10,30000
95862,10,0
95863,10,20000
95864,10,0
95865,10,5000
95866,10,50000
95867,10,20000
95868,10,40000
95869,10,0
95870,10,0
95871,10,0
95872,10,20000
95873,10,40000
95874,10,0
95875,10,10000
95876,10,50000
95877,10,40000
95878,10,30000
95879,10,5000
95880,10,20000
95881,10,50000
95882,10,50000
95883,10,50000
95884,10,5000
95885,10,5000
95886,10,5000
95887,10,0
95888,10,50000
95889,10,0
95890,10,40000
95891,10,0
95892,10,20000
95893,10,0
95894,10,10000
95895,10,20000
95896,10,20000
95897,10,30000
95898,10,0
95899,10,50000
95900,10,50000
95901,10,30000
95902,10,30000
95903,10,0
95904,10,20000
95905,10,0
95906,10,5000
95907,10,0
95908,10,10000
95909,10,50000
95910,10,0
95911,10,10000
95912,10,10000
95913,10,5000
95914,10,50000
95915,10,0
95916,10,30000
95917,10,10000
95918,10,30000
95919,10,20000
95920,10,5000
95921,10,30000
95922,10,50000
95923,10,0
95924,10,20000
95925,10,50000
95926,10,20000
95927,10,20000
95928,10,0
95929,10,30000
95930,10,20000
95931,10,10000
95932,10,0
95933,10,20000
95934,10,40000
95935,10,30000
95936,10,0
95937,10,50000
95938,10,0
95939,10,30000
95940,10,30000
95941,10,5000
95942,10,50000
95943,10,0
95944,10,20000
95945,10,50000
95946,10,20000
95947,10,10000
95948,10,20000
95949,10,0
95950,10,20000
95951,10,20000
95952,10,40000
95953,10,50000
95954,10,0
95955,10,30000
95956,10,30000
95957,10,5000
95958,10,5000
95959,10,50000
95960,10,0
95961,10,20000
95962,10,20000
95963,10,30000
95964,10,50000
95965,10,50000
95966,10,10000
95967,10,40000
95968,10,20000
95969,10,40000
95970,10,30000
95971,10,0
95972,10,0
95973,10,50000
95974,10,30000
95975,10,30000
95976,10,10000
95977,10,0
95978,10,10000
95979,10,30000
95980,10,20000
95981,10,40000
95982,10,50000
95983,10,40000
95984,10,40000
95985,10,10
95986,10,30000
95987,10,20000
95988,10,0
95989,10,0
95990,10,5000
95991,10,30000
95992,10,5000
95993,10,30000
95994,10,0
95995,10,5000
95996,10,10000
95997,10,30000
95998,10,20000
95999,10,30000
96000,10,20000
96001,10,50000
96002,10,30000
96003,10,30000
96004,10,40000
96005,10,50000
96006,10,30000
96007,10,40000
96008,10,0
96009,10,20000
96010,10,30000
96011,10,0
96012,10,30000
96013,10,20000
96014,10,0
96015,10,20000
96016,10,0
96017,10,0
96018,10,20000
96019,10,0
96020,10,30000
96021,10,10000
96022,10,0
96023,10,50000
96024,10,30000
96025,10,50000
96026,10,30000
96027,10,0
96028,10,30000
96029,10,0
96030,10,0
96031,10,50000
96032,10,5000
96033,10,5000
96034,10,5000
96035,10,50000
96036,10,10000
96037,10,5000
96038,10,0
96039,10,10000
96040,10,50000
96041,10,0
96042,10,0
96043,10,50000
96044,10,40000
96045,10,30000
96046,10,10000
96047,10,50000
96048,10,0
96049,10,30000
96050,10,5000
96051,10,0
96052,10,50000
96053,10,0
96054,10,0
96055,10,10000
96056,10,40000
96057,10,0
96058,10,30000
96059,10,20000
96060,10,20000
96061,10,0
96062,10,20000
96063,10,0
96064,10,0
96065,10,50000
96066,10,40000
96067,10,40000
96068,10,30000
96069,10,10000
96070,10,0
96071,10,10000
96072,10,30000
96073,10,50000
96074,10,0
96075,10,0
96076,10,40000
96077,10,50000
96078,10,0
96079,10,0
96080,10,20000
96081,10,30000
96082,10,50000
96083,10,0
96084,10,10000
96085,10,20000
96086,10,50000
96087,10,20000
96088,10,30000
96089,10,20000
96090,10,50000
96091,10,0
96092,10,0
96093,10,5000
96094,10,0
96095,10,40000
96096,10,30000
96097,10,20000
96098,10,5000
96099,10,50000
96100,10,20000
96101,10,30000
96102,10,0
96103,10,50000
96104,10,5000
96105,10,0
96106,10,0
96107,10,20000
96108,10,0
96109,10,50000
96110,10,5000
96111,10,0
96112,10,20000
96113,10,20000
96114,10,50000
96115,10,0
96116,10,10000
96117,10,20000
96118,10,50000
96119,10,30000
96120,10,30000
96121,10,10000
96122,10,0
96123,10,0
96124,10,50000
96125,10,0
96126,10,0
96127,10,30000
96128,10,40000
96129,10,50000
96130,10,5000
96131,10,0
96132,10,50000
96133,10,50000
96134,10,30000
96135,10,5000
96136,10,0
96137,10,0
96138,10,30000
96139,10,0
96140,10,30000
96141,10,0
96142,10,30000
96143,10,20000
96144,10,10000
96145,10,10000
96146,10,50000
96147,10,10000
96148,10,0
96149,10,50000
96150,10,10000
96151,10,5000
96152,10,10000
96153,10,20000
96154,10,50000
96155,10,20000
96156,10,50000
96157,10,50000
96158,10,10000
96159,10,40000
96160,10,20000
96161,10,40000
96162,10,0
96163,10,5000
96164,10,0
96165,10,30000
96166,10,50000
96167,10,0
96168,10,5000
96169,10,0
96170,10,50000
96171,10,0
96172,10,30000
96173,10,0
96174,10,5000
96175,10,10000
96176,10,5000
96177,10,0
96178,10,50000
96179,10,50000
96180,10,0
96181,10,20000
96182,10,30000
96183,10,20000
96184,10,0
96185,10,5000
96186,10,0
96187,10,20000
96188,10,30000
96189,10,10000
96190,10,30000
96191,10,40000
96192,10,40000
96193,10,20000
96194,10,30000
96195,10,30000
96196,10,30000
96197,10,30000
96198,10,40000
96199,10,50000
96200,10,30000
96201,10,0
96202,10,10000
96203,10,50000
96204,10,30000
96205,10,20000
96206,10,40000
96207,10,20000
96208,10,20000
96209,10,40000
96210,10,50000
96211,10,30000
96212,10,20000
96213,10,50000
96214,10,10000
96215,10,0
96216,10,20000
96217,10,50000
96218,10,0
96219,10,0
96220,10,20000
96221,10,5000
96222,10,40000
96223,10,30000
96224,10,5000
96225,10,50000
96226,10,40000
96227,10,20000
96228,10,0
96229,10,50000
96230,10,20000
96231,10,20000
96232,10,50000
96233,10,50000
96234,10,5000
96235,10,40000
96236,10,20000
96237,10,30000
96238,10,10
96239,10,20000
96240,10,5000
96241,10,0
96242,10,10000
96243,10,10000
96244,10,40000
96245,10,10000
96246,10,30000
96247,10,0
96248,10,30000
96249,10,30000
96250,10,0
96251,10,0
96252,10,0
96253,10,10000
96254,10,0
96255,10,20000
96256,10,30000
96257,10,50000
96258,10,20000
96259,10,10000
96260,10,5000
96261,10,20000
96262,10,20000
96263,10,20000
96264,10,30000
96265,10,0
96266,10,0
96267,10,50000
96268,10,0
96269,10,50000
96270,10,20000
96271,10,0
96272,10,30000
96273,10,20000
96274,10,40000
96275,10,30000
96276,10,50000
96277,10,50000
96278,10,20000
96279,10,0
96280,10,0
96281,10,30000
96282,10,20000
96283,10,0
96284,10,5000
96285,10,30000
96286,10,0
96287,10,50000
96288,10,0
96289,10,20000
96290,10,5000
96291,10,5000
96292,10,0
96293,10,10000
96294,10,40000
96295,10,30000
96296,10,40000
96297,10,0
96298,10,50000
96299,10,10000
96300,10,50000
96301,10,0
96302,10,0
96303,10,40000
96304,10,10000
96305,10,5000
96306,10,20000
96307,10,30000
96308,10,50000
96309,10,0
96310,10,5000
96311,10,0
96312,10,20000
96313,10,0
96314,10,0
96315,10,40000
96316,10,0
96317,10,50000
96318,10,20000
96319,10,30000
96320,10,5000
96321,10,10000
96322,10,20000
96323,10,40000
96324,10,20000
96325,10,30000
96326,10,20000
96327,10,30000
96328,10,0
96329,10,30000
96330,10,30000
96331,10,10000
96332,10,0
96333,10,40000
96334,10,0
96335,10,30000
96336,10,0
96337,10,0
96338,10,0
96339,10,30000
96340,10,10000
96341,10,20000
96342,10,0
96343,10,10000
96344,10,0
96345,10,20000
96346,10,20000
96347,10,40000
96348,10,50000
96349,10,0
96350,10,10
96351,10,50000
96352,10,0
96353,10,20000
96354,10,30000
96355,10,0
96356,10,40000
96357,10,10000
96358,10,10000
96359,10,0
96360,10,40000
96361,10,0
96362,10,30000
96363,10,10000
96364,10,40000
96365,10,0
96366,10,30000
96367,10,30000
96368,10,5000
96369,10,50000
96370,10,50000
96371,10,30000
96372,10,0
96373,10,20000
96374,10,0
96375,10,50000
96376,10,0
96377,10,40000
96378,10,40000
96379,10,10000
96380,10,20000
96381,10,50000
96382,10,0
96383,10,20000
96384,10,10000
96385,10,20000
96386,10,0
96387,10,30000
96388,10,0
96389,10,0
96390,10,0
96391,10,5000
96392,10,40000
96393,10,30000
96394,10,30000
96395,10,0
96396,10,30000
96397,10,40000
96398,10,30000
96399,10,0
96400,10,0
96401,10,20000
96402,10,40000
96403,10,40000
96404,10,10000
96405,10,30000
96406,10,40000
96407,10,40000
96408,10,10000
96409,10,0
96410,10,50000
96411,10,30000
96412,10,30000
96413,10,30000
96414,10,20000
96415,10,40000
96416,10,5000
96417,10,40000
96418,10,0
96419,10,10000
96420,10,50000
96421,10,0
96422,10,0
96423,10,10000
96424,10,10000
96425,10,10000
96426,10,20000
96427,10,20000
96428,10,0
96429,10,5000
96430,10,40000
96431,10,0
96432,10,40000
96433,10,0
96434,10,20000
96435,10,40000
96436,10,50000
96437,10,20000
96438,10,0
96439,10,40000
96440,10,0
96441,10,10000
96442,10,50000
96443,10,0
96444,10,30000
96445,10,20000
96446,10,5000
96447,10,50000
96448,10,5000
96449,10,10000
96450,10,50000
96451,10,50000
96452,10,50000
96453,10,30000
96454,10,40000
96455,10,10000
96456,10,20000
96457,10,5000
96458,10,50000
96459,10,50000
96460,10,20000
96461,10,20000
96462,10,0
96463,10,0
96464,10,20000
96465,10,0
96466,10,0
96467,10,5000
96468,10,0
96469,10,50000
96470,10,0
96471,10,40000
96472,10,50000
96473,10,5000
96474,10,0
96475,10,20000
96476,10,40000
96477,10,30000
96478,10,10000
96479,10,5000
96480,10,30000
96481,10,20000
96482,10,30000
96483,10,20000
96484,10,0
96485,10,40000
96486,10,5000
96487,10,20000
96488,10,0
96489,10,50000
96490,10,30000
96491,10,30000
96492,10,50000
96493,10,30000
96494,10,30000
96495,10,50000
96496,10,50000
96497,10,50000
96498,10,0
96499,10,10000
96500,10,30000
96501,10,30000
96502,10,20000
96503,10,30000
96504,10,0
96505,10,10000
96506,10,20000
96507,10,0
96508,10,50000
96509,10,5000
96510,10,40000
96511,10,30000
96512,10,0
96513,10,50000
96514,10,30000
96515,10,5000
96516,10,0
96517,10,0
96518,10,40000
96519,10,0
96520,10,40000
96521,10,5000
96522,10,50000
96523,10,50000
96524,10,30000
96525,10,10000
96526,10,0
96527,10,20000
96528,10,30000
96529,10,10000
96530,10,50000
96531,10,20000
96532,10,0
96533,10,0
96534,10,0
96535,10,0
96536,10,0
96537,10,0
96538,10,50000
96539,10,10000
96540,10,0
96541,10,30000
96542,10,30000
96543,10,50000
96544,10,40000
96545,10,5000
96546,10,0
96547,10,50000
96548,10,20000
96549,10,10000
96550,10,50000
96551,10,30000
96552,10,0
96553,10,30000
96554,10,0
96555,10,50000
96556,10,30000
96557,10,50000
96558,10,40000
96559,10,20000
96560,10,20000
96561,10,20000
96562,10,0
96563,10,50000
96564,10,30000
96565,10,0
96566,10,50000
96567,10,50000
96568,10,5000
96569,10,20000
96570,10,30000
96571,10,20000
96572,10,40000
96573,10,5000
96574,10,5000
96575,10,50000
96576,10,40000
96577,10,30000
96578,10,0
96579,10,30000
96580,10,0
96581,10,30000
96582,10,0
96583,10,30000
96584,10,10000
96585,10,40000
96586,10,0
96587,10,50000
96588,10,30000
96589,10,5000
96590,10,10000
96591,10,30000
96592,10,20000
96593,10,40000
96594,10,0
96595,10,5000
96596,10,5000
96597,10,30000
96598,10,20000
96599,10,50000
96600,10,5000
96601,10,0
96602,10,0
96603,10,0
96604,10,30000
96605,10,10000
96606,10,5000
96607,10,30000
96608,10,10000
96609,10,0
96610,10,0
96611,10,5000
96612,10,50000
96613,10,5000
96614,10,10000
96615,10,0
96616,10,30000
96617,10,40000
96618,10,30000
96619,10,5000
96620,10,20000
96621,10,0
96622,10,0
96623,10,20000
96624,10,20000
96625,10,40000
96626,10,50000
96627,10,0
96628,10,30000
96629,10,5000
96630,10,0
96631,10,0
96632,10,20000
96633,10,50000
96634,10,30000
96635,10,30000
96636,10,30000
96637,10,0
96638,10,20000
96639,10,30000
96640,10,0
96641,10,5000
96642,10,20000
96643,10,50000
96644,10,0
96645,10,20000
96646,10,30000
96647,10,10000
96648,10,0
96649,10,20000
96650,10,0
96651,10,20000
96652,10,0
96653,10,0
96654,10,5000
96655,10,0
96656,10,50000
96657,10,20000
96658,10,30000
96659,10,30000
96660,10,0
96661,10,0
96662,10,0
96663,10,40000
96664,10,0
96665,10,10000
96666,10,0
96667,10,20000
96668,10,0
96669,10,0
96670,10,20000
96671,10,0
96672,10,0
96673,10,50000
96674,10,0
96675,10,30000
96676,10,0
96677,10,30000
96678,10,20000
96679,10,5000
96680,10,30000
96681,10,5000
96682,10,5000
96683,10,0
96684,10,30000
96685,10,20000
96686,10,5000
96687,10,20000
96688,10,30000
96689,10,30000
96690,10,0
96691,10,0
96692,10,30000
96693,10,0
96694,10,10000
96695,10,5000
96696,10,20000
96697,10,40000
96698,10,0
96699,10,5000
96700,10,5000
96701,10,20000
96702,10,0
96703,10,5000
96704,10,0
96705,10,40000
96706,10,20000
96707,10,0
96708,10,40000
96709,10,10000
96710,10,0
96711,10,50000
96712,10,30000
96713,10,20000
96714,10,50000
96715,10,5000
96716,10,30000
96717,10,0
96718,10,5000
96719,10,40000
96720,10,40000
96721,10,0
96722,10,5000
96723,10,10000
96724,10,0
96725,10,40000
96726,10,50000
96727,10,40000
96728,10,50000
96729,10,40000
96730,10,30000
96731,10,40000
96732,10,5000
96733,10,30000
96734,10,30000
96735,10,50000
96736,10,50000
96737,10,40000
96738,10,10000
96739,10,20000
96740,10,30000
96741,10,20000
96742,10,30000
96743,10,20000
96744,10,40000
96745,10,20000
96746,10,0
96747,10,5000
96748,10,20000
96749,10,0
96750,10,40000
96751,10,20000
96752,10,50000
96753,10,20000
96754,10,30000
96755,10,40000
96756,10,20000
96757,10,0
96758,10,0
96759,10,30000
96760,10,50000
96761,10,10000
96762,10,10000
96763,10,10000
96764,10,30000
96765,10,0
96766,10,40000
96767,10,0
96768,10,20000
96769,10,5000
96770,10,0
96771,10,0
96772,10,50000
96773,10,20000
96774,10,0
96775,10,20000
96776,10,20000
96777,10,0
96778,10,20000
96779,10,40000
96780,10,30000
96781,10,0
96782,10,0
96783,10,20000
96784,10,0
96785,10,40000
96786,10,20000
96787,10,50000
96788,10,50000
96789,10,30000
96790,10,0
96791,10,30000
96792,10,50000
96793,10,0
96794,10,5000
96795,10,50000
96796,10,0
96797,10,40000
96798,10,0
96799,10,40000
96800,10,50000
96801,10,30000
96802,10,40000
96803,10,0
96804,10,0
96805,10,20000
96806,10,50000
96807,10,30000
96808,10,30000
96809,10,50000
96810,10,30000
96811,10,5000
96812,10,30000
96813,10,0
96814,10,20000
96815,10,0
96816,10,0
96817,10,0
96818,10,5000
96819,10,0
96820,10,40000
96821,10,20000
96822,10,40000
96823,10,50000
96824,10,50000
96825,10,20000
96826,10,10000
96827,10,5000
96828,10,5000
96829,10,0
96830,10,40000
96831,10,20000
96832,10,0
96833,10,40000
96834,10,5000
96835,10,30000
96836,10,20000
96837,10,0
96838,10,50000
96839,10,0
96840,10,0
96841,10,40000
96842,10,10000
96843,10,40000
96844,10,40000
96845,10,30000
96846,10,50000
96847,10,20000
96848,10,50000
96849,10,40000
96850,10,50000
96851,10,0
96852,10,50000
96853,10,10000
96854,10,50000
96855,10,5000
96856,10,40000
96857,10,30000
96858,10,5000
96859,10,5000
96860,10,20000
96861,10,50000
96862,10,0
96863,10,5000
96864,10,0
96865,10,30000
96866,10,40000
96867,10,0
96868,10,5000
96869,10,0
96870,10,40000
96871,10,0
96872,10,0
96873,10,20000
96874,10,10000
96875,10,0
96876,10,20000
96877,10,30000
96878,10,30000
96879,10,20000
96880,10,50000
96881,10,0
96882,10,0
96883,10,50000
96884,10,0
96885,10,30000
96886,10,50000
96887,10,0
96888,10,40000
96889,10,0
96890,10,50000
96891,10,50000
96892,10,5000
96893,10,10000
96894,10,10000
96895,10,0
96896,10,20000
96897,10,40000
96898,10,0
96899,10,50000
96900,10,5000
96901,10,20000
96902,10,0
96903,10,10000
96904,10,40000
96905,10,20000
96906,10,20000
96907,10,40000
96908,10,0
96909,10,20000
96910,10,30000
96911,10,10000
96912,10,20000
96913,10,20000
96914,10,5000
96915,10,10000
96916,10,10000
96917,10,10000
96918,10,0
96919,10,5000
96920,10,30000
96921,10,0
96922,10,0
96923,10,40000
96924,10,50000
96925,10,20000
96926,10,30000
96927,10,0
96928,10,30000
96929,10,10000
96930,10,10000
96931,10,20000
96932,10,40000
96933,10,5000
96934,10,50000
96935,10,30000
96936,10,0
96937,10,50000
96938,10,10000
96939,10,30000
96940,10,0
96941,10,0
96942,10,5000
96943,10,40000
96944,10,30000
96945,10,30000
96946,10,50000
96947,10,30000
96948,10,10000
96949,10,40000
96950,10,20000
96951,10,40000
96952,10,20000
96953,10,10000
96954,10,40000
96955,10,5000
96956,10,50000
96957,10,20000
96958,10,30000
96959,10,0
96960,10,0
96961,10,0
96962,10,40000
96963,10,50000
96964,10,50000
96965,10,30000
96966,10,40000
96967,10,20000
96968,10,50000
96969,10,0
96970,10,50000
96971,10,50000
96972,10,5000
96973,10,0
96974,10,5000
96975,10,20000
96976,10,0
96977,10,50000
96978,10,30000
96979,10,5000
96980,10,50000
96981,10,20000
96982,10,5000
96983,10,30000
96984,10,30000
96985,10,10000
96986,10,30000
96987,10,30000
96988,10,5000
96989,10,5000
96990,10,20000
96991,10,40000
96992,10,0
96993,10,50000
96994,10,40000
96995,10,0
96996,10,20000
96997,10,30000
96998,10,40000
96999,10,0
97000,10,40000
97001,10,0
97002,10,50000
97003,10,10000
97004,10,0
97005,10,0
97006,10,20000
97007,10,30000
97008,10,0
97009,10,50000
97010,10,20000
97011,10,20000
97012,10,10000
97013,10,50000
97014,10,5000
97015,10,0
97016,10,50000
97017,10,0
97018,10,10000
97019,10,20000
97020,10,30000
97021,10,30000
97022,10,0
97023,10,0
97024,10,0
97025,10,0
97026,10,20000
97027,10,10000
97028,10,20000
97029,10,0
97030,10,5000
97031,10,10000
97032,10,0
97033,10,0
97034,10,0
97035,10,50000
97036,10,0
97037,10,20000
97038,10,20000
97039,10,20000
97040,10,0
97041,10,0
97042,10,40000
97043,10,50000
97044,10,50000
97045,10,0
97046,10,0
97047,10,50000
97048,10,20000
97049,10,10000
97050,10,20000
97051,10,0
97052,10,50000
97053,10,40000
97054,10,10000
97055,10,50000
97056,10,10000
97057,10,0
97058,10,20000
97059,10,0
97060,10,20000
97061,10,0
97062,10,5000
97063,10,0
97064,10,0
97065,10,0
97066,10,0
97067,10,40000
97068,10,50000
97069,10,40000
97070,10,0
97071,10,20000
97072,10,5000
97073,10,30000
97074,10,30000
97075,10,0
97076,10,20000
97077,10,0
97078,10,5000
97079,10,10000
97080,10,5000
97081,10,30000
97082,10,50000
97083,10,0
97084,10,0
97085,10,30000
97086,10,20000
97087,10,0
97088,10,30000
97089,10,30000
97090,10,30000
97091,10,30000
97092,10,0
97093,10,30000
97094,10,0
97095,10,50000
97096,10,5000
97097,10,50000
97098,10,40000
97099,10,0
97100,10,30000
97101,10,20000
97102,10,20000
97103,10,30000
97104,10,20000
97105,10,20000
97106,10,40000
97107,10,0
97108,10,40000
97109,10,0
97110,10,5000
97111,10,5000
97112,10,30000
97113,10,5000
97114,10,5000
97115,10,0
97116,10,40000
97117,10,20000
97118,10,40000
97119,10,5000
97120,10,30000
97121,10,5000
97122,10,5000
97123,10,10000
97124,10,30000
97125,10,20000
97126,10,10000
97127,10,5000
97128,10,10000
97129,10,50000
97130,10,20000
97131,10,20000
97132,10,0
97133,10,0
97134,10,0
97135,10,30000
97136,10,40000
97137,10,30000
97138,10,20000
97139,10,20000
97140,10,0
97141,10,0
97142,10,40000
97143,10,20000
97144,10,30000
97145,10,0
97146,10,20000
97147,10,40000
97148,10,5000
97149,10,20000
97150,10,0
97151,10,0
97152,10,5000
97153,10,30000
97154,10,20000
97155,10,20000
97156,10,10000
97157,10,20000
97158,10,10000
97159,10,0
97160,10,50000
97161,10,0
97162,10,40000
97163,10,10000
97164,10,10000
97165,10,50000
97166,10,0
97167,10,50000
97168,10,0
97169,10,0
97170,10,10000
97171,10,10000
97172,10,0
97173,10,30000
97174,10,50000
97175,10,0
97176,10,10
97177,10,20000
97178,10,30000
97179,10,40000
97180,10,40000
97181,10,20000
97182,10,50000
97183,10,40000
97184,10,5000
97185,10,5000
97186,10,0
97187,10,50000
97188,10,30000
97189,10,30000
97190,10,20000
97191,10,50000
97192,10,0
97193,10,50000
97194,10,0
97195,10,50000
97196,10,0
97197,10,0
97198,10,50000
97199,10,10000
97200,10,40000
97201,10,5000
97202,10,40000
97203,10,0
97204,10,5000
97205,10,30000
97206,10,30000
97207,10,0
97208,10,40000
97209,10,20000
97210,10,5000
97211,10,0
97212,10,20000
97213,10,10000
97214,10,20000
97215,10,30000
97216,10,0
97217,10,10000
97218,10,30000
97219,10,20000
97220,10,0
97221,10,5000
97222,10,10000
97223,10,30000
97224,10,40000
97225,10,40000
97226,10,0
97227,10,50000
97228,10,0
97229,10,0
97230,10,30000
97231,10,0
97232,10,50000
97233,10,0
97234,10,30000
97235,10,5000
97236,10,0
97237,10,0
97238,10,40000
97239,10,0
97240,10,5000
97241,10,50000
97242,10,10000
97243,10,5000
97244,10,20000
97245,10,20000
97246,10,30000
97247,10,30000
97248,10,10
97249,10,0
97250,10,10000
97251,10,10000
97252,10,0
97253,10,40000
97254,10,30000
97255,10,0
97256,10,0
97257,10,40000
97258,10,20000
97259,10,30000
97260,10,50000
97261,10,30000
97262,10,50000
97263,10,30000
97264,10,30000
97265,10,20000
97266,10,50000
97267,10,0
97268,10,50000
97269,10,30000
97270,10,0
97271,10,0
97272,10,20000
97273,10,5000
97274,10,10000
97275,10,0
97276,10,40000
97277,10,0
97278,10,30000
97279,10,5000
97280,10,50000
97281,10,30000
97282,10,40000
97283,10,20000
97284,10,0
97285,10,0
97286,10,20000
97287,10,50000
97288,10,30000
97289,10,0
97290,10,0
97291,10,5000
97292,10,30000
97293,10,5000
97294,10,5000
97295,10,0
97296,10,30000
97297,10,5000
97298,10,0
97299,10,30000
97300,10,50000
97301,10,0
97302,10,0
97303,10,20000
97304,10,40000
97305,10,50000
97306,10,20000
97307,10,50000
97308,10,20000
97309,10,0
97310,10,5000
97311,10,0
97312,10,0
97313,10,50000
97314,10,50000
97315,10,10000
97316,10,20000
97317,10,30000
97318,10,30000
97319,10,10000
97320,10,0
97321,10,50000
97322,10,50000
97323,10,30000
97324,10,50000
97325,10,50000
97326,10,10000
97327,10,0
97328,10,50000
97329,10,0
97330,10,40000
97331,10,50000
97332,10,30000
97333,10,0
97334,10,0
97335,10,30000
97336,10,5000
97337,10,20000
97338,10,30000
97339,10,30000
97340,10,50000
97341,10,50000
97342,10,0
97343,10,0
97344,10,20000
97345,10,30000
97346,10,30000
97347,10,20000
97348,10,20000
97349,10,0
97350,10,20000
97351,10,50000
97352,10,20000
97353,10,50000
97354,10,20000
97355,10,40000
97356,10,0
97357,10,20000
97358,10,40000
97359,10,0
97360,10,20000
97361,10,20000
97362,10,30000
97363,10,0
97364,10,40000
97365,10,30000
97366,10,20000
97367,10,10000
97368,10,40000
97369,10,20000
97370,10,0
97371,10,20000
97372,10,40000
97373,10,10000
97374,10,0
97375,10,10000
97376,10,20000
97377,10,30000
97378,10,5000
97379,10,30000
97380,10,10000
97381,10,5000
97382,10,50000
97383,10,5000
97384,10,10000
97385,10,50000
97386,10,0
97387,10,40000
97388,10,0
97389,10,40000
97390,10,40000
97391,10,5000
97392,10,20000
97393,10,20000
97394,10,10000
97395,10,0
97396,10,10000
97397,10,0
97398,10,30000
97399,10,20000
97400,10,50000
97401,10,5000
97402,10,0
97403,10,40000
97404,10,20000
97405,10,20000
97406,10,40000
97407,10,0
97408,10,40000
97409,10,20000
97410,10,10000
97411,10,30000
97412,10,10000
97413,10,5000
97414,10,10000
97415,10,0
97416,10,0
97417,10,0
97418,10,50000
97419,10,20000
97420,10,20000
97421,10,10000
97422,10,0
97423,10,0
97424,10,0
97425,10,10000
97426,10,30000
97427,10,50000
97428,10,40000
97429,10,10000
97430,10,50000
97431,10,0
97432,10,40000
97433,10,10000
97434,10,10000
97435,10,30000
97436,10,40000
97437,10,0
97438,10,20000
97439,10,30000
97440,10,30000
97441,10,10000
97442,10,0
97443,10,20000
97444,10,20000
97445,10,0
97446,10,0
97447,10,40000
97448,10,30000
97449,10,20000
97450,10,5000
97451,10,0
97452,10,10000
97453,10,5000
97454,10,10000
97455,10,20000
97456,10,50000
97457,10,40000
97458,10,30000
97459,10,40000
97460,10,50000
97461,10,10000
97462,10,0
97463,10,30000
97464,10,5000
97465,10,20000
97466,10,0
97467,10,50000
97468,10,20000
97469,10,0
97470,10,30000
97471,10,0
97472,10,30000
97473,10,5000
97474,10,0
97475,10,30000
97476,10,0
97477,10,0
97478,10,0
97479,10,40000
97480,10,10000
97481,10,0
97482,10,20000
97483,10,0
97484,10,10000
97485,10,5000
97486,10,5000
97487,10,0
97488,10,50000
97489,10,20000
97490,10,30000
97491,10,10000
97492,10,20000
97493,10,50000
97494,10,40000
97495,10,5000
97496,10,0
97497,10,20000
97498,10,0
97499,10,0
97500,10,20000
97501,10,20000
97502,10,30000
97503,10,10000
97504,10,0
97505,10,5000
97506,10,0
97507,10,0
97508,10,40000
97509,10,30000
97510,10,0
97511,10,30000
97512,10,0
97513,10,30000
97514,10,20000
97515,10,5000
97516,10,40000
97517,10,40000
97518,10,5000
97519,10,10000
97520,10,40000
97521,10,20000
97522,10,0
97523,10,0
97524,10,10000
97525,10,30000
97526,10,20000
97527,10,50000
97528,10,50000
97529,10,10000
97530,10,40000
97531,10,30000
97532,10,0
97533,10,0
97534,10,20000
97535,10,0
97536,10,20000
97537,10,40000
97538,10,5000
97539,10,30000
97540,10,40000
97541,10,30000
97542,10,0
97543,10,0
97544,10,50000
97545,10,10
97546,10,30000
97547,10,40000
97548,10,0
97549,10,30000
97550,10,50000
97551,10,20000
97552,10,10000
97553,10,50000
97554,10,40000
97555,10,50000
97556,10,0
97557,10,20000
97558,10,0
97559,10,5000
97560,10,40000
97561,10,5000
97562,10,30000
97563,10,30000
97564,10,30000
97565,10,10000
97566,10,20000
97567,10,5000
97568,10,50000
97569,10,5000
97570,10,20000
97571,10,0
97572,10,5000
97573,10,0
97574,10,50000
97575,10,0
97576,10,10000
97577,10,10000
97578,10,0
97579,10,20000
97580,10,5000
97581,10,20000
97582,10,20000
97583,10,30000
97584,10,10000
97585,10,0
97586,10,20000
97587,10,10000
97588,10,0
97589,10,0
97590,10,10000
97591,10,20000
97592,10,50000
97593,10,50000
97594,10,5000
97595,10,40000
97596,10,10000
97597,10,40000
97598,10,20000
97599,10,0
97600,10,0
97601,10,40000
97602,10,30000
97603,10,10000
97604,10,40000
97605,10,0
97606,10,20000
97607,10,40000
97608,10,0
97609,10,0
97610,10,30000
97611,10,40000
97612,10,0
97613,10,30000
97614,10,5000
97615,10,30000
97616,10,5000
97617,10,50000
97618,10,10000
97619,10,30000
97620,10,30000
97621,10,30000
97622,10,30000
97623,10,30000
97624,10,20000
97625,10,0
97626,10,20000
97627,10,20000
97628,10,30000
97629,10,40000
97630,10,10
97631,10,0
97632,10,0
97633,10,50000
97634,10,0
97635,10,5000
97636,10,50000
97637,10,30000
97638,10,5000
97639,10,10000
97640,10,10000
97641,10,50000
97642,10,0
97643,10,0
97644,10,0
97645,10,20000
97646,10,0
97647,10,30000
97648,10,10000
97649,10,0
97650,10,40000
97651,10,0
97652,10,0
97653,10,0
97654,10,50000
97655,10,30000
97656,10,50000
97657,10,0
97658,10,30000
97659,10,0
97660,10,10000
97661,10,0
97662,10,0
97663,10,30000
97664,10,30000
97665,10,30000
97666,10,0
97667,10,50000
97668,10,0
97669,10,30000
97670,10,0
97671,10,50000
97672,10,0
97673,10,5000
97674,10,20000
97675,10,0
97676,10,30000
97677,10,0
97678,10,0
97679,10,10000
97680,10,0
97681,10,30000
97682,10,0
97683,10,30000
97684,10,20000
97685,10,30000
97686,10,30000
97687,10,30000
97688,10,40000
97689,10,30000
97690,10,0
97691,10,40000
97692,10,40000
97693,10,50000
97694,10,10000
97695,10,10000
97696,10,0
97697,10,0
97698,10,50000
97699,10,0
97700,10,40000
97701,10,20000
97702,10,40000
97703,10,0
97704,10,40000
97705,10,50000
97706,10,5000
97707,10,5000
97708,10,50000
97709,10,40000
97710,10,40000
97711,10,0
97712,10,0
97713,10,40000
97714,10,10000
97715,10,20000
97716,10,40000
97717,10,20000
97718,10,40000
97719,10,5000
97720,10,5000
97721,10,40000
97722,10,10000
97723,10,10000
97724,10,5000
97725,10,30000
97726,10,20000
97727,10,40000
97728,10,0
97729,10,20000
97730,10,30000
97731,10,10000
97732,10,20000
97733,10,20000
97734,10,10000
97735,10,10000
97736,10,20000
97737,10,30000
97738,10,5000
97739,10,30000
97740,10,20000
97741,10,20000
97742,10,10000
97743,10,0
97744,10,5000
97745,10,10000
97746,10,20000
97747,10,0
97748,10,5000
97749,10,5000
97750,10,0
97751,10,50000
97752,10,0
97753,10,40000
97754,10,30000
97755,10,30000
97756,10,20000
97757,10,20000
97758,10,30000
97759,10,30000
97760,10,30000
97761,10,20000
97762,10,10000
97763,10,30000
97764,10,20000
97765,10,0
97766,10,50000
97767,10,5000
97768,10,0
97769,10,0
97770,10,50000
97771,10,0
97772,10,40000
97773,10,0
97774,10,30000
97775,10,0
97776,10,0
97777,10,50000
97778,10,30000
97779,10,30000
97780,10,30000
97781,10,20000
97782,10,20000
97783,10,50000
97784,10,30000
97785,10,0
97786,10,30000
97787,10,20000
97788,10,5000
97789,10,0
97790,10,5000
97791,10,50000
97792,10,50000
97793,10,0
97794,10,10000
97795,10,20000
97796,10,20000
97797,10,0
97798,10,0
97799,10,0
97800,10,0
97801,10,50000
97802,10,40000
97803,10,10000
97804,10,30000
97805,10,10000
97806,10,50000
97807,10,0
97808,10,10000
97809,10,0
97810,10,20000
97811,10,10000
97812,10,10000
97813,10,20000
97814,10,40000
97815,10,20000
97816,10,0
97817,10,5000
97818,10,20000
97819,10,5000
97820,10,10000
97821,10,40000
97822,10,30000
97823,10,40000
97824,10,20000
97825,10,40000
97826,10,5000
97827,10,0
97828,10,30000
97829,10,30000
97830,10,50000
97831,10,20000
97832,10,0
97833,10,5000
97834,10,0
97835,10,0
97836,10,20000
97837,10,0
97838,10,30000
97839,10,30000
97840,10,10
97841,10,50000
97842,10,50000
97843,10,0
97844,10,0
97845,10,5000
97846,10,5000
97847,10,20000
97848,10,5000
97849,10,30000
97850,10,30000
97851,10,10000
97852,10,30000
97853,10,0
97854,10,10
97855,10,0
97856,10,0
97857,10,30000
97858,10,10000
97859,10,50000
97860,10,0
97861,10,20000
97862,10,0
97863,10,0
97864,10,40000
97865,10,0
97866,10,30000
97867,10,30000
97868,10,30000
97869,10,0
97870,10,5000
97871,10,30000
97872,10,10000
97873,10,5000
97874,10,10000
97875,10,30000
97876,10,0
97877,10,40000
97878,10,30000
97879,10,5000
97880,10,30000
97881,10,30000
97882,10,5000
97883,10,5000
97884,10,30000
97885,10,0
97886,10,0
97887,10,10000
97888,10,40000
97889,10,20000
97890,10,40000
97891,10,0
97892,10,20000
97893,10,0
97894,10,20000
97895,10,0
97896,10,30000
97897,10,30000
97898,10,20000
97899,10,50000
97900,10,20000
97901,10,5000
97902,10,5000
97903,10,40000
97904,10,40000
97905,10,0
97906,10,0
97907,10,0
97908,10,5000
97909,10,20000
97910,10,5000
97911,10,30000
97912,10,20000
97913,10,0
97914,10,5000
97915,10,20000
97916,10,0
97917,10,0
97918,10,0
97919,10,20000
97920,10,20000
97921,10,0
97922,10,50000
97923,10,20000
97924,10,50000
97925,10,10000
97926,10,10000
97927,10,40000
97928,10,5000
97929,10,10000
97930,10,5000
97931,10,0
97932,10,50000
97933,10,10000
97934,10,0
97935,10,0
97936,10,50000
97937,10,40000
97938,10,5000
97939,10,20000
97940,10,50000
97941,10,10000
97942,10,50000
97943,10,10000
97944,10,50000
97945,10,5000
97946,10,20000
97947,10,0
97948,10,0
97949,10,0
97950,10,30000
97951,10,10000
97952,10,20000
97953,10,5000
97954,10,50000
97955,10,40000
97956,10,50000
97957,10,0
97958,10,0
97959,10,5000
97960,10,0
97961,10,0
97962,10,20000
97963,10,50000
97964,10,30000
97965,10,30000
97966,10,5000
97967,10,50000
97968,10,5000
97969,10,20000
97970,10,30000
97971,10,5000
97972,10,0
97973,10,10000
97974,10,0
97975,10,0
97976,10,0
97977,10,20000
97978,10,40000
97979,10,50000
97980,10,5000
97981,10,10000
97982,10,0
97983,10,30000
97984,10,40000
97985,10,20000
97986,10,10000
97987,10,30000
97988,10,0
97989,10,0
97990,10,0
97991,10,50000
97992,10,0
97993,10,0
97994,10,20000
97995,10,10000
97996,10,5000
97997,10,20000
97998,10,30000
97999,10,30000
98000,10,0
98001,10,40000
98002,10,20000
98003,10,20000
98004,10,10000
98005,10,30000
98006,10,50000
98007,10,30000
98008,10,5000
98009,10,10000
98010,10,0
98011,10,5000
98012,10,0
98013,10,30000
98014,10,40000
98015,10,20000
98016,10,5000
98017,10,40000
98018,10,10000
98019,10,30000
98020,10,50000
98021,10,50000
98022,10,0
98023,10,20000
98024,10,20000
98025,10,40000
98026,10,0
98027,10,30000
98028,10,40000
98029,10,30000
98030,10,0
98031,10,5000
98032,10,0
98033,10,30000
98034,10,0
98035,10,0
98036,10,50000
98037,10,40000
98038,10,5000
98039,10,50000
98040,10,0
98041,10,20000
98042,10,30000
98043,10,0
98044,10,30000
98045,10,0
98046,10,10000
98047,10,5000
98048,10,0
98049,10,5000
98050,10,20000
98051,10,10000
98052,10,0
98053,10,0
98054,10,0
98055,10,20000
98056,10,50000
98057,10,20000
98058,10,50000
98059,10,20000
98060,10,40000
98061,10,40000
98062,10,10
98063,10,0
98064,10,0
98065,10,30000
98066,10,0
98067,10,5000
98068,10,30000
98069,10,50000
98070,10,10000
98071,10,0
98072,10,0
98073,10,0
98074,10,5000
98075,10,40000
98076,10,30000
98077,10,40000
98078,10,40000
98079,10,50000
98080,10,10000
98081,10,40000
98082,10,5000
98083,10,0
98084,10,30000
98085,10,50000
98086,10,0
98087,10,5000
98088,10,50000
98089,10,0
98090,10,0
98091,10,0
98092,10,20000
98093,10,40000
98094,10,0
98095,10,20000
98096,10,10000
98097,10,0
98098,10,30000
98099,10,10000
98100,10,0
98101,10,10000
98102,10,0
98103,10,30000
98104,10,10000
98105,10,0
98106,10,10000
98107,10,0
98108,10,20000
98109,10,20000
98110,10,5000
98111,10,50000
98112,10,0
98113,10,50000
98114,10,10000
98115,10,30000
98116,10,30000
98117,10,0
98118,10,30000
98119,10,50000
98120,10,50000
98121,10,0
98122,10,10000
98123,10,0
98124,10,20000
98125,10,0
98126,10,40000
98127,10,30000
98128,10,30000
98129,10,50000
98130,10,20000
98131,10,20000
98132,10,30000
98133,10,40000
98134,10,20000
98135,10,50000
98136,10,50000
98137,10,50000
98138,10,0
98139,10,0
98140,10,0
98141,10,50000
98142,10,0
98143,10,0
98144,10,50000
98145,10,0
98146,10,0
98147,10,10000
98148,10,30000
98149,10,20000
98150,10,50000
98151,10,30000
98152,10,30000
98153,10,40000
98154,10,20000
98155,10,0
98156,10,30000
98157,10,0
98158,10,0
98159,10,0
98160,10,0
98161,10,20000
98162,10,50000
98163,10,50000
98164,10,0
98165,10,0
98166,10,20000
98167,10,20000
98168,10,40000
98169,10,30000
98170,10,40000
98171,10,0
98172,10,10000
98173,10,10000
98174,10,5000
98175,10,20000
98176,10,0
98177,10,0
98178,10,10000
98179,10,0
98180,10,30000
98181,10,30000
98182,10,50000
98183,10,40000
98184,10,20000
98185,10,0
98186,10,30000
98187,10,50000
98188,10,30000
98189,10,0
98190,10,0
98191,10,0
98192,10,50000
98193,10,20000
98194,10,20000
98195,10,50000
98196,10,0
98197,10,50000
98198,10,40000
98199,10,10000
98200,10,50000
98201,10,10000
98202,10,30000
98203,10,30000
98204,10,40000
98205,10,5000
98206,10,30000
98207,10,0
98208,10,30000
98209,10,5000
98210,10,50000
98211,10,50000
98212,10,40000
98213,10,10000
98214,10,0
98215,10,20000
98216,10,50000
98217,10,0
98218,10,10000
98219,10,20000
98220,10,0
98221,10,30000
98222,10,30000
98223,10,0
98224,10,0
98225,10,0
98226,10,30000
98227,10,20000
98228,10,0
98229,10,5000
98230,10,0
98231,10,20000
98232,10,10000
98233,10,50000
98234,10,10000
98235,10,30000
98236,10,30000
98237,10,20000
98238,10,30000
98239,10,30000
98240,10,30000
98241,10,0
98242,10,20000
98243,10,40000
98244,10,5000
98245,10,10000
98246,10,20000
98247,10,0
98248,10,50000
98249,10,20000
98250,10,0
98251,10,0
98252,10,5000
98253,10,10000
98254,10,30000
98255,10,0
98256,10,0
98257,10,30000
98258,10,5000
98259,10,20000
98260,10,0
98261,10,0
98262,10,0
98263,10,0
98264,10,50000
98265,10,5000
98266,10,30000
98267,10,0
98268,10,40000
98269,10,30000
98270,10,20000
98271,10,30000
98272,10,50000
98273,10,50000
98274,10,0
98275,10,40000
98276,10,30000
98277,10,10000
98278,10,20000
98279,10,10000
98280,10,20000
98281,10,10000
98282,10,40000
98283,10,20000
98284,10,50000
98285,10,50000
98286,10,0
98287,10,5000
98288,10,40000
98289,10,0
98290,10,40000
98291,10,0
98292,10,5000
98293,10,10000
98294,10,30000
98295,10,5000
98296,10,40000
98297,10,0
98298,10,0
98299,10,0
98300,10,0
98301,10,10000
98302,10,0
98303,10,40000
98304,10,50000
98305,10,40000
98306,10,0
98307,10,40000
98308,10,50000
98309,10,0
98310,10,10000
98311,10,30000
98312,10,10000
98313,10,50000
98314,10,30000
98315,10,10000
98316,10,10000
98317,10,10000
98318,10,10000
98319,10,20000
98320,10,0
98321,10,20000
98322,10,20000
98323,10,30000
98324,10,10000
98325,10,0
98326,10,40000
98327,10,10000
98328,10,40000
98329,10,0
98330,10,30000
98331,10,40000
98332,10,10
98333,10,10000
98334,10,0
98335,10,0
98336,10,0
98337,10,40000
98338,10,50000
98339,10,40000
98340,10,10000
98341,10,30000
98342,10,20000
98343,10,0
98344,10,0
98345,10,50000
98346,10,5000
98347,10,40000
98348,10,20000
98349,10,40000
98350,10,0
98351,10,40000
98352,10,0
98353,10,0
98354,10,30000
98355,10,0
98356,10,0
98357,10,20000
98358,10,5000
98359,10,5000
98360,10,0
98361,10,0
98362,10,0
98363,10,10000
98364,10,40000
98365,10,0
98366,10,0
98367,10,40000
98368,10,10000
98369,10,30000
98370,10,40000
98371,10,5000
98372,10,30000
98373,10,50000
98374,10,50000
98375,10,30000
98376,10,10000
98377,10,0
98378,10,5000
98379,10,0
98380,10,40000
98381,10,50000
98382,10,0
98383,10,30000
98384,10,5000
98385,10,50000
98386,10,20000
98387,10,30000
98388,10,30000
98389,10,30000
98390,10,40000
98391,10,0
98392,10,30000
98393,10,0
98394,10,50000
98395,10,40000
98396,10,50000
98397,10,50000
98398,10,20000
98399,10,30000
98400,10,5000
98401,10,10000
98402,10,0
98403,10,50000
98404,10,0
98405,10,0
98406,10,20000
98407,10,0
98408,10,10000
98409,10,40000
98410,10,40000
98411,10,20000
98412,10,30000
98413,10,40000
98414,10,20000
98415,10,40000
98416,10,0
98417,10,10000
98418,10,50000
98419,10,10000
98420,10,5000
98421,10,5000
98422,10,0
98423,10,20000
98424,10,30000
98425,10,10000
98426,10,0
98427,10,40000
98428,10,10000
98429,10,50000
98430,10,10000
98431,10,0
98432,10,50000
98433,10,20000
98434,10,0
98435,10,40000
98436,10,50000
98437,10,10000
98438,10,0
98439,10,50000
98440,10,0
98441,10,40000
98442,10,50000
98443,10,40000
98444,10,20000
98445,10,30000
98446,10,5000
98447,10,50000
98448,10,0
98449,10,50000
98450,10,30000
98451,10,0
98452,10,50000
98453,10,50000
98454,10,0
98455,10,0
98456,10,30000
98457,10,0
98458,10,50000
98459,10,40000
98460,10,20000
98461,10,0
98462,10,30000
98463,10,0
98464,10,0
98465,10,50000
98466,10,10000
98467,10,30000
98468,10,20000
98469,10,40000
98470,10,20000
98471,10,30000
98472,10,10000
98473,10,5000
98474,10,20000
98475,10,10000
98476,10,20000
98477,10,0
98478,10,50000
98479,10,20000
98480,10,0
98481,10,20000
98482,10,0
98483,10,20000
98484,10,40000
98485,10,0
98486,10,0
98487,10,10000
98488,10,0
98489,10,20000
98490,10,30000
98491,10,20000
98492,10,50000
98493,10,5000
98494,10,40000
98495,10,20000
98496,10,10000
98497,10,20000
98498,10,30000
98499,10,50000
98500,10,0
98501,10,50000
98502,10,50000
98503,10,5000
98504,10,5000
98505,10,20000
98506,10,5000
98507,10,10000
98508,10,40000
98509,10,5000
98510,10,30000
98511,10,5000
98512,10,0
98513,10,10000
98514,10,10000
98515,10,5000
98516,10,40000
98517,10,40000
98518,10,0
98519,10,30000
98520,10,30000
98521,10,0
98522,10,5000
98523,10,40000
98524,10,10000
98525,10,0
98526,10,10000
98527,10,0
98528,10,20000
98529,10,10000
98530,10,50000
98531,10,20000
98532,10,50000
98533,10,30000
98534,10,20000
98535,10,0
98536,10,30000
98537,10,0
98538,10,40000
98539,10,0
98540,10,0
98541,10,0
98542,10,0
98543,10,0
98544,10,40000
98545,10,5000
98546,10,50000
98547,10,30000
98548,10,40000
98549,10,10000
98550,10,0
98551,10,0
98552,10,5000
98553,10,30000
98554,10,0
98555,10,30000
98556,10,5000
98557,10,50000
98558,10,5000
98559,10,20000
98560,10,0
98561,10,50000
98562,10,50000
98563,10,40000
98564,10,5000
98565,10,20000
98566,10,10000
98567,10,10000
98568,10,5000
98569,10,50000
98570,10,20000
98571,10,5000
98572,10,20000
98573,10,30000
98574,10,20000
98575,10,5000
98576,10,30000
98577,10,0
98578,10,50000
98579,10,20000
98580,10,5000
98581,10,5000
98582,10,30000
98583,10,10000
98584,10,5000
98585,10,30000
98586,10,0
98587,10,50000
98588,10,0
98589,10,20000
98590,10,5000
98591,10,0
98592,10,0
98593,10,30000
98594,10,5000
98595,10,30000
98596,10,0
98597,10,30000
98598,10,0
98599,10,40000
98600,10,5000
98601,10,40000
98602,10,30000
98603,10,0
98604,10,50000
98605,10,0
98606,10,30000
98607,10,50000
98608,10,40000
98609,10,50000
98610,10,20000
98611,10,0
98612,10,50000
98613,10,20000
98614,10,50000
98615,10,5000
98616,10,30000
98617,10,0
98618,10,5000
98619,10,30000
98620,10,50000
98621,10,0
98622,10,30000
98623,10,50000
98624,10,0
98625,10,0
98626,10,40000
98627,10,5000
98628,10,30000
98629,10,0
98630,10,0
98631,10,0
98632,10,40000
98633,10,30000
98634,10,50000
98635,10,0
98636,10,0
98637,10,20000
98638,10,10000
98639,10,0
98640,10,10000
98641,10,10000
98642,10,30000
98643,10,0
98644,10,20000
98645,10,0
98646,10,40000
98647,10,50000
98648,10,40000
98649,10,0
98650,10,40000
98651,10,20000
98652,10,50000
98653,10,0
98654,10,10000
98655,10,0
98656,10,50000
98657,10,40000
98658,10,30000
98659,10,40000
98660,10,5000
98661,10,50000
98662,10,20000
98663,10,20000
98664,10,50000
98665,10,0
98666,10,0
98667,10,0
98668,10,0
98669,10,20000
98670,10,0
98671,10,40000
98672,10,50000
98673,10,30000
98674,10,30000
98675,10,40000
98676,10,40000
98677,10,5000
98678,10,0
98679,10,40000
98680,10,0
98681,10,0
98682,10,40000
98683,10,30000
98684,10,0
98685,10,0
98686,10,10000
98687,10,10000
98688,10,20000
98689,10,20000
98690,10,50000
98691,10,20000
98692,10,10000
98693,10,50000
98694,10,0
98695,10,0
98696,10,30000
98697,10,0
98698,10,40000
98699,10,40000
98700,10,0
98701,10,50000
98702,10,10000
98703,10,5000
98704,10,0
98705,10,40000
98706,10,50000
98707,10,5000
98708,10,5000
98709,10,10000
98710,10,50000
98711,10,0
98712,10,0
98713,10,30000
98714,10,5000
98715,10,0
98716,10,0
98717,10,40000
98718,10,10000
98719,10,5000
98720,10,10000
98721,10,0
98722,10,0
98723,10,20000
98724,10,5000
98725,10,50000
98726,10,10000
98727,10,50000
98728,10,30000
98729,10,0
98730,10,30000
98731,10,0
98732,10,40000
98733,10,30000
98734,10,10000
98735,10,0
98736,10,0
98737,10,30000
98738,10,30000
98739,10,0
98740,10,30000
98741,10,20000
98742,10,50000
98743,10,30000
98744,10,5000
98745,10,30000
98746,10,0
98747,10,20000
98748,10,5000
98749,10,10000
98750,10,40000
98751,10,40000
98752,10,50000
98753,10,40000
98754,10,0
98755,10,30000
98756,10,30000
98757,10,5000
98758,10,30000
98759,10,30000
98760,10,5000
98761,10,50000
98762,10,20000
98763,10,0
98764,10,20000
98765,10,0
98766,10,0
98767,10,30000
98768,10,0
98769,10,40000
98770,10,30000
98771,10,10000
98772,10,20000
98773,10,50000
98774,10,40000
98775,10,20000
98776,10,30000
98777,10,10000
98778,10,5000
98779,10,5000
98780,10,50000
98781,10,20000
98782,10,20000
98783,10,30000
98784,10,10000
98785,10,5000
98786,10,40000
98787,10,40000
98788,10,40000
98789,10,5000
98790,10,10000
98791,10,20000
98792,10,10000
98793,10,30000
98794,10,40000
98795,10,20000
98796,10,0
98797,10,40000
98798,10,10000
98799,10,30000
98800,10,0
98801,10,20000
98802,10,10
98803,10,50000
98804,10,50000
98805,10,0
98806,10,40000
98807,10,50000
98808,10,10000
98809,10,0
98810,10,50000
98811,10,30000
98812,10,30000
98813,10,40000
98814,10,10000
98815,10,20000
98816,10,20000
98817,10,20000
98818,10,5000
98819,10,50000
98820,10,50000
98821,10,30000
98822,10,20000
98823,10,10000
98824,10,20000
98825,10,20000
98826,10,0
98827,10,40000
98828,10,50000
98829,10,0
98830,10,0
98831,10,20000
98832,10,0
98833,10,0
98834,10,40000
98835,10,10000
98836,10,5000
98837,10,20000
98838,10,20000
98839,10,0
98840,10,30000
98841,10,30000
98842,10,10000
98843,10,10000
98844,10,40000
98845,10,0
98846,10,50000
98847,10,0
98848,10,0
98849,10,5000
98850,10,40000
98851,10,30000
98852,10,20000
98853,10,50000
98854,10,50000
98855,10,20000
98856,10,20000
98857,10,0
98858,10,30000
98859,10,0
98860,10,0
98861,10,20000
98862,10,0
98863,10,10000
98864,10,50000
98865,10,0
98866,10,30000
98867,10,10000
98868,10,50000
98869,10,40000
98870,10,10000
98871,10,20000
98872,10,0
98873,10,20000
98874,10,0
98875,10,0
98876,10,0
98877,10,10000
98878,10,30000
98879,10,50000
98880,10,0
98881,10,5000
98882,10,0
98883,10,10000
98884,10,30000
98885,10,20000
98886,10,5000
98887,10,10000
98888,10,10000
98889,10,5000
98890,10,50000
98891,10,30000
98892,10,30000
98893,10,0
98894,10,50000
98895,10,30000
98896,10,20000
98897,10,5000
98898,10,0
98899,10,50000
98900,10,5000
98901,10,20000
98902,10,5000
98903,10,5000
98904,10,0
98905,10,10000
98906,10,10000
98907,10,30000
98908,10,5000
98909,10,5000
98910,10,30000
98911,10,30000
98912,10,50000
98913,10,30000
98914,10,0
98915,10,50000
98916,10,10000
98917,10,5000
98918,10,40000
98919,10,50000
98920,10,0
98921,10,20000
98922,10,40000
98923,10,0
98924,10,0
98925,10,0
98926,10,20000
98927,10,30000
98928,10,0
98929,10,0
98930,10,40000
98931,10,5000
98932,10,30000
98933,10,0
98934,10,20000
98935,10,20000
98936,10,20000
98937,10,0
98938,10,30000
98939,10,0
98940,10,20000
98941,10,50000
98942,10,5000
98943,10,10000
98944,10,0
98945,10,20000
98946,10,5000
98947,10,50000
98948,10,0
98949,10,10000
98950,10,40000
98951,10,0
98952,10,40000
98953,10,40000
98954,10,0
98955,10,50000
98956,10,10000
98957,10,0
98958,10,50000
98959,10,20000
98960,10,30000
98961,10,0
98962,10,20000
98963,10,0
98964,10,10000
98965,10,10000
98966,10,50000
98967,10,5000
98968,10,20000
98969,10,10000
98970,10,0
98971,10,0
98972,10,10000
98973,10,5000
98974,10,5000
98975,10,10000
98976,10,40000
98977,10,30000
98978,10,0
98979,10,0
98980,10,0
98981,10,20000
98982,10,5000
98983,10,40000
98984,10,0
98985,10,0
98986,10,0
98987,10,0
98988,10,40000
98989,10,0
98990,10,0
98991,10,0
98992,10,20000
98993,10,10000
98994,10,30000
98995,10,20000
98996,10,40000
98997,10,0
98998,10,50000
98999,10,0
99000,10,0
99001,10,5000
99002,10,0
99003,10,20000
99004,10,0
99005,10,40000
99006,10,5000
99007,10,40000
99008,10,30000
99009,10,0
99010,10,5000
99011,10,50000
99012,10,5000
99013,10,0
99014,10,20000
99015,10,10000
99016,10,20000
99017,10,40000
99018,10,40000
99019,10,20000
99020,10,10000
99021,10,30000
99022,10,0
99023,10,30000
99024,10,50000
99025,10,0
99026,10,40000
99027,10,20000
99028,10,5000
99029,10,20000
99030,10,30000
99031,10,0
99032,10,30000
99033,10,10
99034,10,0
99035,10,20000
99036,10,0
99037,10,0
99038,10,30000
99039,10,10000
99040,10,20000
99041,10,0
99042,10,20000
99043,10,0
99044,10,50000
99045,10,10000
99046,10,0
99047,10,20000
99048,10,40000
99049,10,50000
99050,10,5000
99051,10,50000
99052,10,50000
99053,10,0
99054,10,10000
99055,10,30000
99056,10,0
99057,10,40000
99058,10,10000
99059,10,40000
99060,10,5000
99061,10,20000
99062,10,40000
99063,10,0
99064,10,20000
99065,10,30000
99066,10,30000
99067,10,30000
99068,10,20000
99069,10,30000
99070,10,0
99071,10,10000
99072,10,20000
99073,10,30000
99074,10,0
99075,10,30000
99076,10,20000
99077,10,30000
99078,10,5000
99079,10,30000
99080,10,0
99081,10,50000
99082,10,0
99083,10,5000
99084,10,30000
99085,10,10000
99086,10,30000
99087,10,0
99088,10,20000
99089,10,10000
99090,10,0
99091,10,40000
99092,10,10000
99093,10,40000
99094,10,50000
99095,10,20000
99096,10,10000
99097,10,0
99098,10,40000
99099,10,50000
99100,10,20000
99101,10,10000
99102,10,10000
99103,10,20000
99104,10,50000
99105,10,0
99106,10,40000
99107,10,50000
99108,10,40000
99109,10,10000
99110,10,0
99111,10,30000
99112,10,50000
99113,10,50000
99114,10,20000
99115,10,5000
99116,10,5000
99117,10,20000
99118,10,20000
99119,10,40000
99120,10,40000
99121,10,10000
99122,10,30000
99123,10,0
99124,10,30000
99125,10,50000
99126,10,10000
99127,10,30000
99128,10,0
99129,10,40000
99130,10,0
99131,10,0
99132,10,50000
99133,10,50000
99134,10,30000
99135,10,0
99136,10,0
99137,10,50000
99138,10,50000
99139,10,30000
99140,10,0
99141,10,50000
99142,10,40000
99143,10,40000
99144,10,0
99145,10,40000
99146,10,0
99147,10,5000
99148,10,0
99149,10,0
99150,10,0
99151,10,30000
99152,10,5000
99153,10,10000
99154,10,50000
99155,10,20000
99156,10,0
99157,10,30000
99158,10,50000
99159,10,30000
99160,10,5000
99161,10,20000
99162,10,50000
99163,10,50000
99164,10,40000
99165,10,40000
99166,10,30000
99167,10,0
99168,10,0
99169,10,0
99170,10,50000
99171,10,5000
99172,10,10000
99173,10,50000
99174,10,5000
99175,10,5000
99176,10,0
99177,10,50000
99178,10,5000
99179,10,10000
99180,10,40000
99181,10,30000
99182,10,30000
99183,10,20000
99184,10,50000
99185,10,0
99186,10,20000
99187,10,40000
99188,10,10000
99189,10,20000
99190,10,5000
99191,10,20000
99192,10,30000
99193,10,0
99194,10,40000
99195,10,30000
99196,10,0
99197,10,30000
99198,10,0
99199,10,20000
99200,10,10000
99201,10,5000
99202,10,30000
99203,10,50000
99204,10,30000
99205,10,0
99206,10,0
99207,10,10
99208,10,0
99209,10,50000
99210,10,0
99211,10,50000
99212,10,30000
99213,10,0
99214,10,20000
99215,10,20000
99216,10,50000
99217,10,10000
99218,10,10000
99219,10,20000
99220,10,0
99221,10,30000
99222,10,20000
99223,10,5000
99224,10,50000
99225,10,50000
99226,10,30000
99227,10,50000
99228,10,20000
99229,10,0
99230,10,0
99231,10,40000
99232,10,30000
99233,10,0
99234,10,10000
99235,10,20000
99236,10,10000
99237,10,0
99238,10,20000
99239,10,40000
99240,10,5000
99241,10,50000
99242,10,0
99243,10,10000
99244,10,0
99245,10,0
99246,10,0
99247,10,10000
99248,10,5000
99249,10,40000
99250,10,0
99251,10,0
99252,10,5000
99253,10,40000
99254,10,0
99255,10,50000
99256,10,40000
99257,10,40000
99258,10,20000
99259,10,20000
99260,10,30000
99261,10,0
99262,10,0
99263,10,10000
99264,10,0
99265,10,30000
99266,10,30000
99267,10,0
99268,10,30000
99269,10,10000
99270,10,0
99271,10,10000
99272,10,0
99273,10,20000
99274,10,10000
99275,10,30000
99276,10,50000
99277,10,20000
99278,10,40000
99279,10,40000
99280,10,0
99281,10,5000
99282,10,0
99283,10,10000
99284,10,10000
99285,10,5000
99286,10,0
99287,10,0
99288,10,30000
99289,10,5000
99290,10,50000
99291,10,0
99292,10,20000
99293,10,40000
99294,10,0
99295,10,40000
99296,10,30000
99297,10,30000
99298,10,20000
99299,10,30000
99300,10,30000
99301,10,0
99302,10,10000
99303,10,5000
99304,10,0
99305,10,20000
99306,10,0
99307,10,30000
99308,10,30000
99309,10,0
99310,10,40000
99311,10,5000
99312,10,20000
99313,10,40000
99314,10,5000
99315,10,40000
99316,10,10000
99317,10,10000
99318,10,10000
99319,10,10000
99320,10,30000
99321,10,0
99322,10,10000
99323,10,50000
99324,10,0
99325,10,0
99326,10,5000
99327,10,5000
99328,10,0
99329,10,5000
99330,10,20000
99331,10,20000
99332,10,5000
99333,10,50000
99334,10,0
99335,10,20000
99336,10,50000
99337,10,0
99338,10,5000
99339,10,5000
99340,10,40000
99341,10,30000
99342,10,20000
99343,10,20000
99344,10,30000
99345,10,0
99346,10,10000
99347,10,50000
99348,10,20000
99349,10,10000
99350,10,5000
99351,10,50000
99352,10,30000
99353,10,30000
99354,10,40000
99355,10,40000
99356,10,5000
99357,10,30000
99358,10,0
99359,10,0
99360,10,30000
99361,10,50000
99362,10,20000
99363,10,0
99364,10,50000
99365,10,5000
99366,10,40000
99367,10,30000
99368,10,0
99369,10,0
99370,10,20000
99371,10,0
99372,10,0
99373,10,20000
99374,10,30000
99375,10,0
99376,10,50000
99377,10,40000
99378,10,0
99379,10,5000
99380,10,50000
99381,10,5000
99382,10,5000
99383,10,5000
99384,10,0
99385,10,40000
99386,10,0
99387,10,30000
99388,10,5000
99389,10,0
99390,10,0
99391,10,30000
99392,10,40000
99393,10,5000
99394,10,0
99395,10,50000
99396,10,0
99397,10,5000
99398,10,40000
99399,10,0
99400,10,0
99401,10,5000
99402,10,50000
99403,10,10000
99404,10,20000
99405,10,10000
99406,10,0
99407,10,0
99408,10,0
99409,10,40000
99410,10,5000
99411,10,30000
99412,10,20000
99413,10,20000
99414,10,50000
99415,10,40000
99416,10,30000
99417,10,0
99418,10,40000
99419,10,20000
99420,10,50000
99421,10,0
99422,10,0
99423,10,0
99424,10,0
99425,10,10000
99426,10,0
99427,10,0
99428,10,20000
99429,10,20000
99430,10,10000
99431,10,0
99432,10,5000
99433,10,5000
99434,10,0
99435,10,20000
99436,10,0
99437,10,30000
99438,10,0
99439,10,20000
99440,10,50000
99441,10,5000
99442,10,0
99443,10,30000
99444,10,30000
99445,10,5000
99446,10,50000
99447,10,0
99448,10,20000
99449,10,30000
99450,10,30000
99451,10,20000
99452,10,20000
99453,10,30000
99454,10,0
99455,10,5000
99456,10,0
99457,10,20000
99458,10,20000
99459,10,5000
99460,10,20000
99461,10,10000
99462,10,0
99463,10,0
99464,10,40000
99465,10,30000
99466,10,0
99467,10,10
99468,10,40000
99469,10,0
99470,10,5000
99471,10,30000
99472,10,5000
99473,10,0
99474,10,50000
99475,10,0
99476,10,10000
99477,10,50000
99478,10,20000
99479,10,40000
99480,10,0
99481,10,40000
99482,10,0
99483,10,5000
99484,10,50000
99485,10,0
99486,10,10000
99487,10,0
99488,10,50000
99489,10,0
99490,10,10000
99491,10,10000
99492,10,40000
99493,10,5000
99494,10,5000
99495,10,10000
99496,10,0
99497,10,10000
99498,10,30000
99499,10,5000
99500,10,40000
99501,10,0
99502,10,30000
99503,10,10000
99504,10,40000
99505,10,50000
99506,10,50000
99507,10,10000
99508,10,0
99509,10,20000
99510,10,40000
99511,10,50000
99512,10,50000
99513,10,20000
99514,10,20000
99515,10,10000
99516,10,20000
99517,10,5000
99518,10,30000
99519,10,20000
99520,10,30000
99521,10,20000
99522,10,10000
99523,10,50000
99524,10,30000
99525,10,5000
99526,10,50000
99527,10,5000
99528,10,0
99529,10,50000
99530,10,10000
99531,10,5000
99532,10,30000
99533,10,10000
99534,10,30000
99535,10,50000
99536,10,30000
99537,10,10000
99538,10,40000
99539,10,30000
99540,10,30000
99541,10,0
99542,10,50000
99543,10,30000
99544,10,0
99545,10,5000
99546,10,50000
99547,10,30000
99548,10,50000
99549,10,10000
99550,10,0
99551,10,40000
99552,10,0
99553,10,0
99554,10,30000
99555,10,5000
99556,10,0
99557,10,10000
99558,10,30000
99559,10,20000
99560,10,30000
99561,10,0
99562,10,50000
99563,10,20000
99564,10,5000
99565,10,30000
99566,10,30000
99567,10,30000
99568,10,10000
99569,10,20000
99570,10,20000
99571,10,40000
99572,10,0
99573,10,5000
99574,10,20000
99575,10,50000
99576,10,5000
99577,10,20000
99578,10,30000
99579,10,0
99580,10,20000
99581,10,5000
99582,10,10000
99583,10,20000
99584,10,50000
99585,10,5000
99586,10,0
99587,10,0
99588,10,0
99589,10,30000
99590,10,50000
99591,10,20000
99592,10,20000
99593,10,40000
99594,10,30000
99595,10,0
99596,10,50000
99597,10,40000
99598,10,30000
99599,10,0
99600,10,40000
99601,10,30000
99602,10,0
99603,10,5000
99604,10,40000
99605,10,0
99606,10,20000
99607,10,20000
99608,10,30000
99609,10,20000
99610,10,20000
99611,10,20000
99612,10,30000
99613,10,20000
99614,10,40000
99615,10,30000
99616,10,0
99617,10,20000
99618,10,30000
99619,10,0
99620,10,0
99621,10,40000
99622,10,30000
99623,10,0
99624,10,0
99625,10,40000
99626,10,10000
99627,10,0
99628,10,20000
99629,10,40000
99630,10,10000
99631,10,40000
99632,10,20000
99633,10,0
99634,10,40000
99635,10,50000
99636,10,10000
99637,10,30000
99638,10,50000
99639,10,5000
99640,10,20000
99641,10,40000
99642,10,50000
99643,10,0
99644,10,5000
99645,10,5000
99646,10,0
99647,10,10000
99648,10,40000
99649,10,0
99650,10,50000
99651,10,50000
99652,10,10000
99653,10,40000
99654,10,50000
99655,10,5000
99656,10,5000
99657,10,40000
99658,10,0
99659,10,50000
99660,10,20000
99661,10,0
99662,10,30000
99663,10,0
99664,10,40000
99665,10,50000
99666,10,20000
99667,10,20000
99668,10,5000
99669,10,10000
99670,10,20000
99671,10,0
99672,10,5000
99673,10,40000
99674,10,30000
99675,10,40000
99676,10,30000
99677,10,20000
99678,10,0
99679,10,20000
99680,10,5000
99681,10,0
99682,10,50000
99683,10,50000
99684,10,50000
99685,10,30000
99686,10,10000
99687,10,50000
99688,10,40000
99689,10,0
99690,10,30000
99691,10,0
99692,10,0
99693,10,50000
99694,10,5000
99695,10,0
99696,10,0
99697,10,5000
99698,10,50000
99699,10,50000
99700,10,20000
99701,10,10000
99702,10,30000
99703,10,10000
99704,10,20000
99705,10,20000
99706,10,0
99707,10,0
99708,10,40000
99709,10,5000
99710,10,20000
99711,10,30000
99712,10,5000
99713,10,0
99714,10,0
99715,10,40000
99716,10,20000
99717,10,50000
99718,10,0
99719,10,0
99720,10,40000
99721,10,20000
99722,10,30000
99723,10,20000
99724,10,5000
99725,10,50000
99726,10,0
99727,10,0
99728,10,0
99729,10,40000
99730,10,50000
99731,10,40000
99732,10,50000
99733,10,20000
99734,10,0
99735,10,20000
99736,10,5000
99737,10,0
99738,10,10000
99739,10,40000
99740,10,40000
99741,10,50000
99742,10,30000
99743,10,40000
99744,10,10000
99745,10,40000
99746,10,20000
99747,10,20000
99748,10,5000
99749,10,50000
99750,10,40000
99751,10,0
99752,10,5000
99753,10,10000
99754,10,50000
99755,10,30000
99756,10,20000
99757,10,5000
99758,10,5000
99759,10,0
99760,10,30000
99761,10,20000
99762,10,50000
99763,10,0
99764,10,50000
99765,10,30000
99766,10,30000
99767,10,20000
99768,10,20000
99769,10,10000
99770,10,20000
99771,10,20000
99772,10,30000
99773,10,50000
99774,10,10000
99775,10,10000
99776,10,50000
99777,10,50000
99778,10,50000
99779,10,30000
99780,10,40000
99781,10,20000
99782,10,30000
99783,10,50000
99784,10,5000
99785,10,40000
99786,10,20000
99787,10,20000
99788,10,0
99789,10,5000
99790,10,40000
99791,10,10000
99792,10,30000
99793,10,10000
99794,10,30000
99795,10,0
99796,10,40000
99797,10,0
99798,10,20000
99799,10,20000
99800,10,50000
99801,10,30000
99802,10,30000
99803,10,30000
99804,10,50000
99805,10,0
99806,10,0
99807,10,0
99808,10,20000
99809,10,40000
99810,10,30000
99811,10,50000
99812,10,0
99813,10,0
99814,10,20000
99815,10,0
99816,10,40000
99817,10,40000
99818,10,30000
99819,10,10000
99820,10,0
99821,10,40000
99822,10,10000
99823,10,0
99824,10,30000
99825,10,10000
99826,10,0
99827,10,0
99828,10,20000
99829,10,0
99830,10,5000
99831,10,5000
99832,10,20000
99833,10,0
99834,10,30000
99835,10,0
99836,10,5000
99837,10,10000
99838,10,30000
99839,10,30000
99840,10,30000
99841,10,0
99842,10,0
99843,10,0
99844,10,0
99845,10,40000
99846,10,0
99847,10,0
99848,10,20000
99849,10,0
99850,10,50000
99851,10,50000
99852,10,10000
99853,10,30000
99854,10,0
99855,10,0
99856,10,0
99857,10,0
99858,10,0
99859,10,20000
99860,10,50000
99861,10,50000
99862,10,20000
99863,10,5000
99864,10,50000
99865,10,30000
99866,10,30000
99867,10,30000
99868,10,30000
99869,10,40000
99870,10,40000
99871,10,40000
99872,10,30000
99873,10,0
99874,10,50000
99875,10,30000
99876,10,20000
99877,10,5000
99878,10,30000
99879,10,5000
99880,10,50000
99881,10,20000
99882,10,50000
99883,10,10000
99884,10,0
99885,10,30000
99886,10,30000
99887,10,20000
99888,10,10000
99889,10,30000
99890,10,0
99891,10,30000
99892,10,5000
99893,10,50000
99894,10,0
99895,10,20000
99896,10,50000
99897,10,5000
99898,10,0
99899,10,20000
99900,10,30000
99901,10,0
99902,10,30000
99903,10,10000
99904,10,20000
99905,10,20000
99906,10,30000
99907,10,0
99908,10,0
99909,10,40000
99910,10,0
99911,10,40000
99912,10,10
99913,10,0
99914,10,30000
99915,10,0
99916,10,40000
99917,10,50000
99918,10,50000
99919,10,0
99920,10,0
99921,10,0
99922,10,20000
99923,10,40000
99924,10,30000
99925,10,10000
99926,10,0
99927,10,40000
99928,10,0
99929,10,10000
99930,10,10000
99931,10,0
99932,10,30000
99933,10,0
99934,10,50000
99935,10,0
99936,10,0
99937,10,40000
99938,10,20000
99939,10,30000
99940,10,5000
99941,10,20000
99942,10,30000
99943,10,10000
99944,10,0
99945,10,0
99946,10,30000
99947,10,30000
99948,10,20000
99949,10,5000
99950,10,5000
99951,10,5000
99952,10,0
99953,10,40000
99954,10,50000
99955,10,40000
99956,10,0
99957,10,20000
99958,10,10000
99959,10,0
99960,10,50000
99961,10,0
99962,10,50000
99963,10,0
99964,10,10000
99965,10,40000
99966,10,0
99967,10,30000
99968,10,50000
99969,10,0
99970,10,5000
99971,10,40000
99972,10,0
99973,10,30000
99974,10,50000
99975,10,40000
99976,10,0
99977,10,10000
99978,10,10000
99979,10,10000
99980,10,0
99981,10,0
99982,10,0
99983,10,0
99984,10,30000
99985,10,20000
99986,10,0
99987,10,20000
99988,10,10000
99989,10,30000
99990,10,50000
99991,10,0
99992,10,0
99993,10,40000
99994,10,20000
99995,10,0
99996,10,50000
99997,10,20000
99998,10,40000
99999,10,40000
